5521 5521 5521 5521 5521 5521 5521 5521 5521 5521 5521 2330 5521 5521 5521 5521 5521 5521
5521 5521 5521 5521 5521 5521 5521 5521 5521 5521 5521 5524 5521 5521 5521 5521 5521 5560
5521 5521 5521 5560 5560 5521 5521 5521 5526 5521 5526 5521 5522 5522 5521 5522 3220 5521
5521 5529 5521 5521 5521 5521 5522 5521 5521 5524 5521 5521 5522 5524 5521 5521 5521 5521
5521 5521 5521 5529 5522 4300 5522 5521 5521 5521 5521 2400 5521 5521 5521 5521 5521 2400
5521 5521 5521 5521 5521 5521 5521 5521 5521 5524 5300 2400 5521 5521 5521 5521 5524 5600
5521 5521 5526 5522 4100 5523 5521 5522 4100 5529 5526 5100 5521 5522 5600 5521 5521 5220
5521 5521 5521 5521 5521 5521 5521 5521 5521 5521 5521 5539 5521 5521 5521 5521 5521 5521
5521 5521 5300 4100 5539 5300 5521 4600 5560 5522 5522 5100 5510 5521 5521 5524 5240 5539
5521 5521 5521 5521 5521 6300 5521 5525 5521 5521 5521 5600 5521 5521 5521 5521 5521 2200
5521 5521 5521 5521 5521 5521 5521 5526 5521 5526 5521 5521 5521 5521 5521 5522 5521 5529
5521 5521 5521 5521 5521 5539 5521 5521 5521 5521 5521 5100 5521 5521 5521 5521 5521 2200
5521 5521 5521 5521 5521 1200 5300 4100 5523 5521 5521 4200 5521 5521 5521 5521 5521 5510
5521 5521 5521 5521 5521 1300 5521 5521 5521 5521 5521 4100 5521 5521 5521 5521 5521 5521
5521 5521 5521 5300 5300 5521 5523 5523 5521 5521 5523 5523 5521 5521 5521 5521 5539 5539
5521 5521 5521 5521 5521 5100 2400 5600 5521 5521 5521 5521 2400 5521 5521 5600 5525 5521
5521 5521 5521 5521 5523 5300 5521 5521 5521 5521 5522 2400 5521 5522 5522 5521 5522 5400
5521 5521 5522 5521 5526 5522 5521 5521 5560 5550 5526 3100 5521 5522 5522 5521 5522 5600
5521 5560 5600 5560 5521 5510 5521 5521 2400 5400 5100 5400 5521 5521 5600 5521 5521 5521
5521 5521 5521 5521 5521 5521 5521 5521 5521 5521 5521 5521 5521 5521 5521 5521 5521 5521
5521 5560 5521 5521 5521 5521 5521 5521 5521 5522 5521 5521 5521 5521 5521 5521 5522 5521
5521 5529 5521 5522 5521 3100 5521 5522 5526 5526 5522 3240 5521 5521 5521 5521 5521 3100
5521 5522 5521 5550 5521 5400 5521 5521 5521 5521 5400 3240 5521 5400 5521 5521 5400 5230
5521 5560 5522 5560 5230 5523 5521 5400 5560 5560 5400 5521 5521 5522 5524 5529 5522 5522
5521 5521 5600 5526 5560 5300 5521 5560 5522 5521 5400 2320 3210 5560 5400 5521 5521 2400
5521 5521 5400 5560 5560 5521 5521 5524 5521 5521 5400 5510 5521 5521 5521 5521 3100 5100
5521 5521 5521 5250 3220 5300 5521 5521 3220 5560 5521 6200 5521 5521 5521 5521 5521 5521
5521 5522 5524 5522 5521 5600 5526 5522 5524 5529 5529 3300 5521 5526 5521 5521 5521 5100
5521 5521 5522 5526 5522 5220 5526 5230 6300 5560 5521 5529 5521 5522 5529 5522 5521 5220
5521 5521 5521 5522 5526 1200 5521 5521 5560 5521 5526 5510 5521 5521 5250 5521 5521 5521
5521 5521 5521 5521 5400 5560 5521 5560 5522 5560 5400 5522 5560 5560 5560 5521 5521 5400
5521 5521 5521 5300 5539 5240 5521 5521 5510 5521 5521 5510 5521 5521 5521 5521 5521 5521
5521 5521 5400 5521 5521 5560 5521 5521 5521 5521 4300 5560 5521 5521 5521 5220 5521 5400
5521 5524 5524 5523 5521 4600 5522 5521 5600 5529 5522 5100 5400 5524 5521 5521 5522 5100
5521 5521 5521 5539 5560 4100 5521 5522 5521 5521 5539 5600 5522 5521 5521 5521 5521 5510
5521 5524 5524 5521 5526 4600 5522 5522 5521 5521 5560 5526 5220 5526 5400 5521 5522 2310
5521 5521 5521 5526 5521 5522 5521 5521 5522 5521 5300 1100 5521 5521 5521 5522 5521 2200
5521 5521 4300 4300 5521 5510 4300 5521 5510 5521 5521 2400 5521 5521 5521 5521 5521 5526
5521 5521 5521 5521 5521 5400 5300 5521 5521 5521 5521 5521 5521 5521 5521 5521 5600 5521
5521 5521 5400 5522 5521 4500 5522 5521 5526 5521 5521 5600 5521 5521 5522 5521 5560 5510
5521 5400 5524 5522 5560 3220 5529 5522 5560 5521 5539 5400 5521 5526 5600 5521 5526 2200
5521 5521 5522 5560 5521 5522 5521 5526 5521 5521 5522 5521 5521 5522 5400 5521 5521 5521
5521 5521 5521 5521 5521 5300 5521 5521 5521 5521 5521 6100 5521 5521 5521 5521 5521 5521
5521 5521 5524 5400 5560 5300 5521 5560 5521 5521 1400 5100 5521 3210 5522 3100 5521 3229
5521 5521 5529 5521 5521 5300 5521 5521 5521 5240 5560 4200 5521 5521 5521 5521 5526 5525
5521 5560 5521 5521 5521 3240 5400 5521 5521 5521 5521 5521 5522 5521 5521 5521 5521 5521
5521 5521 5521 5521 6400 4300 5521 5521 5521 5521 5521 5560 5521 5521 5521 5521 5521 5526
5521 5550 5529 5521 5522 5400 6300 5600 5600 5522 5300 2310 5600 5522 5521 5521 5550 5521
5521 5526 5521 5521 1200 4600 5521 5521 5521 5521 5521 5600 5521 5521 5521 5522 5521 5525
5521 5521 6300 5521 3210 5250 5521 5400 5521 5521 5522 5100 5522 5522 5521 5521 5521 1200
5521 5521 5521 6300 5526 4300 5300 5521 5523 5521 5300 5300 5521 5521 5521 5521 5521 5300
5521 5521 5400 5230 5539 5400 5521 5521 5521 5521 5522 4500 5522 5526 5521 5521 5521 2330
5521 5521 5521 5521 5521 1200 5521 5521 5521 5400 5521 5526 5521 5521 5521 5521 5521 5521
5521 5522 5526 5560 5521 3210 5522 5522 5524 5521 4100 2330 5522 5521 5550 5521 5526 5600
5521 5521 5524 5521 5600 1400 5521 5521 4200 5521 5100 5521 5521 5522 5521 5522 5526 2330
5521 5523 5522 5521 5521 5539 5522 5521 2400 5521 5521 5100 5521 5522 5521 5522 5522 5100
5521 5521 5521 5521 5539 1400 5521 5300 5521 5510 2100 2400 5521 5521 5521 5521 5100 5560
5521 5521 5522 5525 5521 5521 5521 5521 5521 5522 5521 5521 5521 5521 5100 5521 5521 5100
5521 5560 5400 5521 4400 5521 5521 5521 5521 5521 5521 5526 5522 5521 5521 5521 5522 6300
5521 5521 3260 6300 5240 4100 5521 5522 5539 5521 6400 4400 5522 5522 5400 3100 5539 6100
5521 5521 5521 5521 5526 5220 5521 5521 5521 5521 4300 5400 5521 5521 5521 5521 5521 5525
5521 5524 5521 5521 5521 5521 5521 5521 5521 5521 5521 2310 5521 5521 5521 5521 5521 5600
5521 5522 5521 5521 5521 4300 5521 5521 5521 5521 5521 1200 5521 5521 5521 5521 5521 1200
5521 5522 5521 5522 4100 4600 3220 3400 5300 5521 2200 5521 5522 5529 5600 5521 5550 5521
5521 5521 5300 5560 4100 5220 5521 5521 5521 5524 2330 2400 5522 5521 5521 5521 5521 5521
5521 5521 5250 5526 5523 5300 5521 5521 5539 5521 5521 5600 5521 5521 5521 5521 5521 5600
5521 5522 5521 5400 5400 5300 5521 5522 5600 5521 5525 5539 5521 5521 5521 5521 5521 5525
5521 5524 5539 5526 5521 4100 5522 5529 5524 5521 5529 2310 5522 5522 5522 5521 5521 2400
5521 5522 5521 5521 5521 5521 5521 5521 5521 3229 5525 5521 5522 5521 5522 5521 5521 5510
5521 5521 5521 5521 5522 5521 5521 5522 5521 5521 5521 5523 5522 5521 5522 5521 5521 5522
5521 5529 5521 5521 5521 5521 5521 5522 5521 5529 5529 5100 5529 5521 5521 5521 5521 2400
5521 5521 5521 5521 5521 5521 5521 5521 5521 5521 5521 5521 5600 5100 2400 5521 5521 5521
5521 5521 5522 1400 4100 5523 5521 5526 5521 5560 5522 3100 5521 5510 5521 5521 5521 5600
5521 5522 5521 4300 5539 5300 5523 5526 5521 6200 5521 5100 5522 5600 5522 5521 5522 2310
5521 5521 5526 5524 5521 5300 5521 5400 5522 5400 5526 2330 5521 5522 5522 5521 5521 5100
5521 5521 5521 5526 5521 5600 5521 5521 5522 5521 2200 5521 5521 5522 5521 5521 5522 2330
5521 5521 5522 5521 5521 5521 5521 5521 5521 5521 5521 5521 5521 5521 5521 5521 5521 5521
5521 5523 5230 5521 5539 4600 5521 5230 5526 5521 5550 5560 5521 5550 5560 5521 5400 5400
5521 5521 5521 5521 5522 5400 5521 5521 5526 5522 5522 5524 5521 5522 5521 5521 5521 5529
5539 5524 5526 5529 5230 4300 5521 5539 5521 5521 5521 5521 5521 5521 5521 5521 5521 5521
5521 5522 5526 5521 5526 5521 5526 5522 5521 5522 5524 5521 5522 5560 5522 5521 5521 5521
5521 5521 5526 5526 5240 5230 5521 5524 5521 5521 5521 5400 5522 5521 5526 5521 5521 4100
5521 5521 5560 5521 5521 5521 5521 5521 5521 5521 5521 2330 5521 5521 5521 5521 5521 5600
5521 5521 5529 5521 5522 5522 5521 5522 5521 5521 5539 5600 5521 5521 5521 5521 2400 5100
5521 5521 5521 5522 5521 5521 5521 5521 5521 5521 5521 5100 5521 5522 5521 5521 5521 5600
5521 5522 5522 5521 5230 3100 5521 5522 5522 5526 5522 5523 5521 5521 5521 5521 5526 3220
5521 5522 5524 5522 5521 5526 5521 5522 5400 5522 5522 5521 5522 5526 5521 5521 5521 5521
5521 5523 6300 5522 5521 1400 5521 5550 5521 5521 5522 5510 5521 5521 5521 5521 5521 5600
5521 5521 5400 3220 5521 1200 5521 5522 5521 5521 5521 5240 5521 5521 5521 5521 5521 2400
5521 5526 5560 5526 5560 5522 5529 5521 5521 5560 5521 5522 5529 5522 5521 5560 5521 5521
5521 5529 5522 5522 1200 5210 5524 5100 2400 5526 5521 5600 5522 5522 5521 5521 5521 5100
5521 5526 5522 5522 5539 5300 5522 5521 5522 5526 5522 5560 5521 5521 5522 5522 5521 5560
5521 5521 5522 5521 5521 4100 5526 5521 5521 5521 5521 4100 5521 5521 5521 5521 5526 5521
5521 5521 5522 5521 5521 5526 5521 5526 5521 5521 5560 5560 5521 5521 5521 5521 5560 5260
5521 5521 5522 5521 4300 4300 5521 5510 5521 5560 5550 4200 5522 5521 5560 5521 5220 5300
5521 5521 5521 5524 5521 4100 5250 5521 5521 5522 5522 5300 5526 5521 5522 5524 5521 5400
5521 5522 5400 5529 5560 3220 5521 5521 5400 5521 5300 5521 5521 5521 5521 5521 5521 5521
5521 5521 5521 5521 5560 5230 5521 5230 3220 5560 5522 2100 5522 5521 5521 5521 5550 5521
5521 5521 4100 5523 5521 4300 5521 5521 5521 5522 5521 5521 5521 5521 5521 5521 5521 5521
5521 5529 5521 5526 4100 4600 5521 5522 5521 5521 5529 2310 5521 5529 5524 5521 5521 5600
5521 5521 5521 5521 5560 5521 5521 5521 5521 5560 5522 5510 5521 5521 5522 5560 5522 5100
5521 5560 5524 4400 5521 5521 5521 5521 5522 5521 5522 5524 5524 5522 5526 5521 5560 5524
5521 5522 5524 5521 5522 5300 5521 5521 5522 5521 5400 5300 5521 5521 5521 5521 5521 5526
5521 5521 5521 5521 5522 5521 5521 5521 5521 5521 5529 5521 5521 5521 5521 5521 5521 5521
5521 5526 5521 5521 5521 5521 5521 5521 5521 5521 5521 5522 5521 5521 5521 5521 5521 5521
5521 5522 5521 5524 5230 5523 5526 5521 5522 5521 4600 5523 5521 5521 5400 5521 5526 5521
5521 5526 5522 5524 5522 5521 5522 5560 5529 5522 5522 5521 5522 5521 5522 5521 5510 5600
5521 5521 5560 5521 5521 5521 5521 5521 5521 5521 5521 6200 5521 5521 5521 5521 5521 5100
5521 1400 5300 2310 5560 1200 5526 5600 5521 5524 5300 1100 3100 5522 5522 5521 5521 5100
5521 5522 5522 5522 5400 5521 5521 5521 5521 5521 5400 1200 5521 5521 5521 5521 5400 5521
5521 5521 5521 4300 5523 5539 5521 1200 5526 5521 5521 5600 5521 5521 5521 5521 5525 5510
5521 5522 5522 5521 4100 5300 5522 5521 5522 5522 5521 4600 5521 5522 5522 5521 5521 5521
5521 5524 5522 5521 5521 5521 5522 5522 5521 5521 5522 5521 5526 5230 5521 3210 5521 5521
5521 5524 5524 5521 5539 5210 5524 5521 5529 6300 5524 1300 5529 5560 5522 5521 5522 5400
5521 5521 5400 5522 5521 1400 5526 5521 5521 5521 5526 2320 5521 5521 5521 5521 5522 5510
5521 5522 5522 5521 5523 5521 5522 5521 5521 5521 5521 5521 5521 5521 5522 5521 5521 5522
5521 5521 5522 5529 5523 5300 5521 5526 5100 5521 5526 5522 5521 5522 5525 5521 5521 5521
5521 5521 5400 5400 5521 1200 5522 5521 5521 5521 3220 3250 5521 5521 5521 5521 5521 5230
5521 5521 5400 5560 4600 5400 5522 5521 5521 5521 5521 2400 5521 5524 5521 5521 5521 5600
5521 5521 5521 5521 5550 5300 5521 5521 5521 5521 5521 1400 5521 5521 5521 5521 5522 5600
5521 5521 5521 5521 5560 5522 5521 5521 5521 5522 5521 5550 5521 5521 5521 5521 5521 5521
5521 5521 5521 5521 5560 5526 5521 5521 5521 5521 5521 5521 5521 5521 5521 5521 5521 5510
5521 5521 5521 5521 5400 5521 5521 5522 5521 5521 5521 5600 5521 5521 5521 5300 5521 5524
5521 5522 5522 5526 5522 5526 5521 5521 5521 5521 5521 4100 5522 5522 5521 5521 5521 5521
5521 5521 5521 5521 5521 5600 5521 5521 5521 5521 5521 5600 5521 5521 5521 5521 5521 5521
5521 5400 5550 5521 3220 5523 5521 5521 5521 5521 5521 5300 5521 5521 5521 5400 5521 5521
5521 5522 5521 5400 5560 5560 5521 5521 5521 5522 4100 3400 5400 5526 5510 5521 5521 1400
5522 5522 5521 5522 5521 4300 5521 5521 5400 5521 5521 5523 5524 5522 5521 5521 5521 4600
5521 5560 5600 5521 5526 5220 5522 5521 5510 5560 5100 5210 5521 5100 5600 5522 5522 5521
5521 5560 5526 5240 5560 5521 5521 5521 5524 5521 1400 5510 5400 5529 5521 5521 5521 2200
5521 5522 5521 2400 5521 5526 5521 5521 5550 5521 5526 2200 5521 5521 5521 5521 5521 5521
5521 5521 5521 5521 5522 5522 5521 5521 5526 5521 5524 5521 5521 5521 5522 5522 5522 5521
5521 5522 5521 5521 5521 5522 5521 5524 5600 5521 5522 6300 5521 5524 5521 5521 5526 5230
5521 5521 5522 5521 5522 5400 5521 5521 5521 5521 5521 5300 5521 5521 5521 5521 5521 5560
5521 5521 5522 5560 5400 5230 5522 5400 5522 5522 5521 5560 5521 5522 5524 5522 5524 5550
5521 5522 5526 5521 5521 5521 5526 5521 5526 5521 5522 5521 5521 5521 5522 5521 5521 5521
5521 5522 5550 5529 5230 5522 5522 5521 5522 5526 5525 5524 5521 5521 5521 5400 3210 5521
5521 5521 5522 5524 5560 4100 5526 5521 5300 5560 4300 2400 5521 5526 5100 5522 3229 5100
5521 5521 5524 5521 5521 4200 5524 5539 5521 5521 5521 2340 5521 5521 5521 5521 5260 5100
5521 5529 5521 5522 5521 5300 5521 5521 5521 5521 5521 4100 5521 5522 5522 5521 5560 5521
5521 5521 5300 5521 5539 5100 5521 5550 5521 5521 5521 5600 5560 5522 5510 5526 5522 5529
5521 5521 5526 5400 5522 5521 5522 5521 5526 5521 5550 5220 5521 5522 5526 5522 5521 3100
5521 5522 5521 5521 5522 5521 5560 5522 5300 5400 5400 5521 5529 5526 5524 5524 5521 3220
5521 5526 5524 5526 5524 5560 5524 5522 5524 5522 5522 5300 5522 5529 5524 5560 5300 5521
