5510 5522 5521 5521 5521 5521 4300 5521 5521 5521 5522 5521 5521 5521 5521 5521 5521 5560
3300 5521 5521 5521 5521 5521 5560 5522 5600 5522 5187 5521 5521 5521 5521 5522 5522 5524
4352 5521 5521 5521 5521 5250 5521 5522 5600 5529 5521 5521 5521 5521 5767 5521 5522 5521
4818 5521 5521 5521 5521 5560 5260 5521 5560 5521 5521 5522 5521 5521 5560 5521 5521 5521
5834 5522 5522 5521 5521 5521 5521 5522 5522 5521 5521 5521 5521 5521 5521 5521 5521 5526
5521 5522 5521 5521 5521 5521 5522 5521 5522 5521 5521 5521 5521 5521 5521 5521 5522 5521
2836 5521 1400 5560 5560 5522 5600 5524 5521 5560 5521 5521 5522 5522 5521 5521 5521 5521
5525 5522 5522 5521 5521 5521 5521 5526 5521 5521 5510 5522 5521 5521 5521 5521 5522 5260
2200 5560 5521 5521 5400 5521 5230 5521 5522 5521 5521 5521 5521 5521 5523 5521 5521 5521
5539 5521 5521 5521 5521 5521 5521 5521 5521 5521 5400 5521 5521 5521 5560 5521 5521 5521
5526 5560 5522 5521 5521 5521 5521 5521 5521 5521 5521 5521 5522 5521 5522 5521 5522 5521
5522 5524 5521 5521 5522 5521 5521 5521 5521 5600 5521 5522 5521 5521 5521 5521 5522 5521
1372 5521 5521 5524 5522 5521 5521 5521 5521 5521 5521 5522 5521 5521 5521 5524 5521 5522
3462 5521 5522 5521 5521 5521 5521 5600 5521 5522 5400 5521 5521 5521 5521 5521 5521 5521
1710 5521 5521 5521 5521 5521 5600 5521 5521 5521 5521 5539 5521 5522 5600 5300 5521 5521
4044 5524 5522 5521 5210 5521 5521 5521 5560 5521 5522 5521 5522 5521 5522 5522 5510 5521
139 5521 5521 5521 5521 5521 2200 5560 5521 5521 5522 5522 5522 748 5522 5521 5521 5521
165 5521 5521 5521 5521 5521 3970 5100 5521 5521 5521 5522 5521 5521 5521 5521 5521 5522
1868 5521 5521 5521 4686 5521 5521 5521 5521 5521 5521 5521 5521 5522 5521 5521 5521 5521
5521 5521 5521 5521 5300 5560 5521 5522 5521 5522 5521 5521 5522 5521 5521 5521 5522 5521
6049 5521 5526 5524 5521 5522 5560 5600 5521 4600 5560 5522 5521 5521 5522 5521 5524 5521
1134 5521 5521 5400 5522 1400 5521 5521 5521 5521 5521 5521 5521 5521 5521 5521 5521 5522
5522 5521 5521 5521 5521 5521 5521 5521 5521 5521 5560 5521 5521 5521 5522 5521 5521 5560
3419 5560 5521 5521 5522 5560 4600 5521 5521 5523 5521 5521 5521 5521 5521 5521 5521 5521
5510 5522 5521 5524 5521 5521 3471 5521 5521 5521 5521 5400 5521 5526 5522 5600 5521 5521
4594 5521 5521 5521 5521 5521 5522 5521 5300 5400 5521 5522 5521 5521 5521 5521 5100 5521
5521 5521 5521 5521 5521 5521 5521 5521 5560 5522 5522 5521 5220 5526 5521 5521 5521 5600
5558 5522 1200 5521 5522 5521 5521 5526 5522 4200 5521 5521 5521 5521 5522 5521 5521 5521
5560 5521 5522 5521 5521 5521 5600 5560 5521 5521 5521 5521 5521 5521 5521 5521 5521 5521
2118 5521 5100 5521 5521 5521 5521 5522 5521 5521 5521 5521 5521 5521 5523 5521 5521 5521
5400 5521 5521 5521 5522 5522 5521 5523 5521 5521 5521 5522 5522 5521 5522 5521 5521 5521
5523 5521 5521 5521 5522 5524 5521 5521 5523 5521 5521 5522 5521 5529 5521 5560 5521 5521
3868 5521 5521 5526 5521 5522 5521 5521 5521 5521 5522 5529 5521 5524 5521 5521 5522 5521
5240 5521 5521 5521 5521 5521 5521 5521 5522 4500 5521 5300 5521 5521 5521 5521 5521 5526
5521 5560 5539 5521 5522 5521 5522 5521 5521 5521 5521 5521 5521 5521 5521 5521 5521 5521
858 5521 5521 5521 5521 5522 5521 5600 5521 5521 5521 5521 5521 5521 5521 5521 5521 5521
2484 5521 5521 5521 5521 5521 5521 5521 5521 5521 5521 5521 5521 5521 5300 5522 5521 5521
3083 6300 5521 5521 5521 5521 5522 5521 5522 5521 5521 5521 5521 5521 5521 5521 5521 5510
2860 5522 5539 5521 5521 5521 5521 5526 5521 5300 5521 5521 5521 5521 5560 5522 5522 5521
365 5521 5522 5521 5521 5521 5521 5600 5521 5521 5521 5521 5521 5521 5521 5521 5560 5521
3075 5522 5521 5521 5521 5522 5521 5521 5521 5522 5521 5560 5521 2914 5524 5521 5521 5521
5100 5521 5521 5522 5400 5522 5521 5100 5522 5521 5521 5521 5560 5521 5600 5521 5400 5522
5524 5521 5521 5522 5521 5521 5521 5521 5521 5521 5521 5521 5521 5522 5521 5521 5521 5521
5521 5521 5521 5521 5526 5521 5522 5522 5521 5521 5521 5521 5521 5521 5521 5521 5521 5521
4200 5521 5521 5521 5521 5521 5521 5521 2310 5521 5522 5521 5521 5521 5521 5521 5521 5524
2848 5521 5521 5400 5521 5522 5522 5521 5529 5521 5521 5400 5521 5521 5522 5539 2063 5522
3210 5522 2400 5521 5521 5521 5300 5521 5521 5521 5521 5300 5521 5522 5521 5521 5526 5522
1786 5521 5521 5521 5521 5521 5521 5521 5521 5521 5521 5100 5521 4400 5521 5521 5521 5521
4400 5522 5524 5521 5522 5521 5100 5521 5521 5522 5560 5521 5521 5521 5400 5521 5524 5521
5522 5521 5521 5539 5521 5521 5522 5521 5521 5600 5521 5522 5521 5521 5521 5522 5521 5522
1049 5521 5521 5521 5521 5521 5521 5521 5521 5521 4100 5521 5522 5521 5521 5521 5521 5522
5522 5510 5521 5521 5521 5521 5560 5521 5521 5521 5560 5100 5521 5522 5521 5521 5521 5521
109 5522 5522 5521 5521 5522 5521 5521 5521 5521 5522 5521 5521 5521 5521 5521 5521 5521
5139 4600 5526 5400 5521 5560 5521 5521 5521 5521 5522 5521 5521 5522 5560 5521 5521 5522
5560 5510 5522 5521 5525 5521 5521 3210 5522 5539 5521 5100 5521 5521 5522 5560 5522 5521
5463 5523 5521 5521 5560 5521 5521 5521 5522 5526 5521 5521 5560 5521 5521 5300 5521 5521
5523 5600 5521 5521 5522 5521 5521 5521 5521 5521 5400 5521 5521 5521 5522 5560 5521 5521
1782 5521 5521 5560 5521 5560 5522 5521 5521 5560 5521 5521 5522 5521 5521 5400 5521 5521
