$TYPE inputvec
$XDIM 137
$YDIM 1
$VECDIM 18

0.6461100000000001 0.6461100000000001 0.6461100000000001 0.6461100000000001 0.6461100000000001 0.6461100000000001 0.6461100000000001 0.6461100000000001 0.6461100000000001 0.6461100000000001 0.6461100000000001 0.512 0.6461100000000001 0.6461100000000001 0.6461100000000001 0.6461100000000001 0.6461100000000001 0.6461100000000001 0
0.6461100000000001 0.6461100000000001 0.6461100000000001 0.6461100000000001 0.6461100000000001 0.6461100000000001 0.6461100000000001 0.6461100000000001 0.6461100000000001 0.6461100000000001 0.6461100000000001 0.6435 0.64651 0.6461399999999999 0.64613 0.6461100000000001 0.6461100000000001 0.6423 1
0.6461100000000001 0.6461100000000001 0.6461100000000001 0.6426 0.6423 0.6461100000000001 0.6461100000000001 0.6461100000000001 0.6466 0.64613 0.6466 0.6461100000000001 0.64645 0.64645 0.64613 0.64645 0.333 0.64613 2
0.6461100000000001 0.6433 0.64652 0.6461100000000001 0.6461399999999999 0.6461100000000001 0.64653 0.6461100000000001 0.6461100000000001 0.6435 0.6461100000000001 0.6461100000000001 0.64642 0.6434 0.64651 0.6461399999999999 0.6461100000000001 0.6461100000000001 3
0.6461100000000001 0.6461100000000001 0.6461100000000001 0.613 0.64641 0.456 0.64641 0.64613 0.64613 0.6461100000000001 0.6461100000000001 0.662 0.6461100000000001 0.6461100000000001 0.64613 0.6461100000000001 0.6461100000000001 0.5143 4
0.6461100000000001 0.6461100000000001 0.6461100000000001 0.6461100000000001 0.6461100000000001 0.6461399999999999 0.6461100000000001 0.6461100000000001 0.6461100000000001 0.6435 0.6314 0.513 0.6461100000000001 0.6461100000000001 0.6461100000000001 0.6461100000000001 0.6434 0.654 5
0.6461100000000001 0.64642 0.6466 0.64644 0.633 0.64612 0.6461399999999999 0.64656 0.633 0.6436 0.6466 0.664 0.64613 0.64644 0.6564 0.6461100000000001 0.6461100000000001 0.3623 6
0.6461100000000001 0.6461100000000001 0.6461100000000001 0.6461100000000001 0.6461100000000001 0.6461100000000001 0.6461100000000001 0.6461100000000001 0.6461100000000001 0.6461100000000001 0.6461100000000001 0.6463 0.6461100000000001 0.6461100000000001 0.6461100000000001 0.6461100000000001 0.6461100000000001 0.6461100000000001 7
0.6461100000000001 0.6461100000000001 0.6445 0.6313 0.6463 0.6442 0.6461100000000001 0.453 0.6425 0.64641 0.64644 0.6632 0.6462 0.6461100000000001 0.6461100000000001 0.64654 0.364 0.6412 8
0.6461100000000001 0.6461100000000001 0.6461100000000001 0.6461100000000001 0.6461100000000001 0.342 0.6461100000000001 0.6462 0.6461100000000001 0.6461100000000001 0.6461100000000001 0.654 0.6461100000000001 0.6461100000000001 0.6461100000000001 0.6461100000000001 0.6461100000000001 0.55 9
0.6461100000000001 0.64613 0.6461399999999999 0.64613 0.64613 0.6461100000000001 0.6461100000000001 0.6466 0.64613 0.6425 0.6461100000000001 0.64613 0.6461100000000001 0.6461100000000001 0.64613 0.64644 0.64613 0.6413 10
0.6461100000000001 0.6461100000000001 0.6461100000000001 0.6461100000000001 0.6461100000000001 0.6441 0.6461100000000001 0.6461100000000001 0.6461100000000001 0.6461100000000001 0.6461100000000001 0.6514 0.6461100000000001 0.6461100000000001 0.6461100000000001 0.6461100000000001 0.6461100000000001 0.541 11
0.6461100000000001 0.6461100000000001 0.6461100000000001 0.6461100000000001 0.6461100000000001 0.442 0.6443 0.6313 0.6463 0.6461100000000001 0.6461100000000001 0.635 0.6461100000000001 0.6461100000000001 0.6461100000000001 0.6461100000000001 0.6461100000000001 0.6462 12
0.6461100000000001 0.6461100000000001 0.6461100000000001 0.6461100000000001 0.6461100000000001 0.413 0.6461100000000001 0.6461100000000001 0.6461100000000001 0.6461100000000001 0.6461100000000001 0.632 0.6461100000000001 0.6461100000000001 0.6461100000000001 0.6461100000000001 0.6461100000000001 0.6461100000000001 13
0.6461100000000001 0.6461100000000001 0.6461100000000001 0.6442 0.6442 0.6461100000000001 0.64612 0.64612 0.6461100000000001 0.6461100000000001 0.64612 0.64612 0.6461100000000001 0.6461100000000001 0.6461100000000001 0.6461100000000001 0.6463 0.6463 14
0.6461100000000001 0.6461100000000001 0.6461100000000001 0.6461100000000001 0.64612 0.6446 0.6461100000000001 0.64641 0.6461100000000001 0.6461100000000001 0.64644 0.662 0.64613 0.64641 0.64641 0.6461100000000001 0.64644 0.621 15
0.6461100000000001 0.6461100000000001 0.64644 0.6461100000000001 0.6466 0.64644 0.6461100000000001 0.6461100000000001 0.6423 0.612 0.6466 0.14400000000000002 0.64613 0.64642 0.64653 0.6461100000000001 0.64642 0.6451 16
0.6461100000000001 0.6426 0.6564 0.6421 0.6461100000000001 0.6454 0.6461100000000001 0.64613 0.6609999999999999 0.6243 0.6513 0.622 0.6461100000000001 0.6461100000000001 0.6565 0.6461399999999999 0.6461100000000001 0.6461100000000001 17
0.6461100000000001 0.613 0.6461399999999999 0.64656 0.6461100000000001 0.14300000000000002 0.6461100000000001 0.6466 0.6466 0.6466 0.64656 0.322 0.64613 0.64613 0.6461100000000001 0.6461100000000001 0.6461100000000001 0.141 18
0.6461100000000001 0.64641 0.6461100000000001 0.611 0.6461100000000001 0.622 0.6461100000000001 0.6461100000000001 0.6461100000000001 0.6461100000000001 0.621 0.324 0.6461100000000001 0.621 0.6461100000000001 0.6461100000000001 0.6241 0.361 19
0.64613 0.6461100000000001 0.6562 0.6466 0.6423 0.6441 0.64613 0.6426 0.64645 0.6461100000000001 0.622 0.53 0.134 0.6423 0.621 0.6461100000000001 0.64651 0.5141 20
0.6461100000000001 0.6461100000000001 0.622 0.6426 0.6423 0.64612 0.6461100000000001 0.6436 0.6461100000000001 0.6461100000000001 0.6246 0.6453 0.6461100000000001 0.6461100000000001 0.6461100000000001 0.6461100000000001 0.14400000000000002 0.6514 21
0.6461100000000001 0.6466 0.6435 0.64642 0.64613 0.6554 0.6466 0.64644 0.64654 0.6413 0.6416 0.12 0.6461100000000001 0.6466 0.64652 0.64613 0.64613 0.6634 22
0.6461100000000001 0.6461100000000001 0.64655 0.6425 0.64645 0.3621 0.6425 0.361 0.314 0.6421 0.6461100000000001 0.6416 0.6461100000000001 0.64641 0.6433 0.64645 0.6461100000000001 0.3624 23
0.6461100000000001 0.64651 0.64651 0.64641 0.6466 0.442 0.64651 0.64613 0.6432 0.6461399999999999 0.6466 0.6411 0.6461100000000001 0.64613 0.333 0.6461100000000001 0.6461100000000001 0.64613 24
0.6461100000000001 0.6461100000000001 0.6461100000000001 0.6461100000000001 0.6241 0.6421 0.6461100000000001 0.6426 0.64644 0.6423 0.616 0.64644 0.6423 0.6426 0.6421 0.64613 0.64613 0.622 25
0.6461100000000001 0.64613 0.6461399999999999 0.6443 0.6463 0.364 0.6461100000000001 0.6461100000000001 0.6452 0.6461100000000001 0.6461100000000001 0.6462 0.6461100000000001 0.6461100000000001 0.6461100000000001 0.6461100000000001 0.6461100000000001 0.6461399999999999 26
0.6461100000000001 0.6461100000000001 0.621 0.64613 0.6461100000000001 0.6423 0.6461100000000001 0.6461100000000001 0.6461100000000001 0.6461100000000001 0.6361 0.6423 0.6461100000000001 0.64613 0.64613 0.3622 0.6461100000000001 0.354 27
0.6461100000000001 0.6436 0.6434 0.6463 0.64613 0.454 0.64642 0.64613 0.6555 0.6413 0.64653 0.6634 0.621 0.6434 0.64613 0.6461100000000001 0.64642 0.6632 28
0.6461100000000001 0.6461100000000001 0.6461100000000001 0.6463 0.6421 0.6313 0.6461100000000001 0.64644 0.6461100000000001 0.6461100000000001 0.6441 0.6561 0.6466 0.6461100000000001 0.6461100000000001 0.64613 0.64613 0.6454 29
0.6461100000000001 0.6435 0.6434 0.64613 0.6425 0.451 0.64641 0.64641 0.6461100000000001 0.64613 0.6422 0.6466 0.3622 0.6431 0.6244 0.6461100000000001 0.64645 0.523 30
0.6461100000000001 0.6461100000000001 0.6461100000000001 0.6466 0.6461100000000001 0.64653 0.6461100000000001 0.6461100000000001 0.64642 0.6461100000000001 0.6442 0.461 0.6461100000000001 0.6461100000000001 0.6461100000000001 0.6466 0.64613 0.541 31
0.6461100000000001 0.64613 0.456 0.633 0.6461100000000001 0.6452 0.6361 0.6461100000000001 0.6452 0.6461100000000001 0.6461100000000001 0.5143 0.6461100000000001 0.6461100000000001 0.6461100000000001 0.64613 0.6461100000000001 0.6466 32
0.6461100000000001 0.6461100000000001 0.6241 0.64641 0.6461100000000001 0.43 0.64645 0.64612 0.6466 0.64613 0.6461100000000001 0.6556 0.6461100000000001 0.6461100000000001 0.64641 0.6461100000000001 0.6425 0.6462 33
0.6461100000000001 0.6243 0.6435 0.64641 0.6426 0.333 0.6413 0.6466 0.6425 0.6461100000000001 0.6441 0.6245 0.6461399999999999 0.6431 0.654 0.6461100000000001 0.6425 0.542 34
0.6461100000000001 0.6461100000000001 0.64645 0.6421 0.6461100000000001 0.64656 0.6461100000000001 0.6466 0.64641 0.6461100000000001 0.64644 0.6461100000000001 0.64613 0.64644 0.622 0.64613 0.6461100000000001 0.6461100000000001 35
0.6461100000000001 0.6461100000000001 0.6461100000000001 0.6461100000000001 0.6461399999999999 0.6314 0.6461100000000001 0.6461100000000001 0.6461100000000001 0.6461100000000001 0.6461100000000001 0.311 0.6461100000000001 0.6461100000000001 0.6461100000000001 0.6461100000000001 0.6461100000000001 0.6461100000000001 36
0.6461100000000001 0.6461100000000001 0.6434 0.622 0.6421 0.6444 0.64613 0.6421 0.6461100000000001 0.6461100000000001 0.421 0.664 0.64613 0.134 0.64644 0.11 0.6461100000000001 0.133 37
0.6461100000000001 0.6461100000000001 0.6433 0.6461100000000001 0.6461100000000001 0.6442 0.6461100000000001 0.6461100000000001 0.6461100000000001 0.364 0.6425 0.344 0.6461100000000001 0.6461100000000001 0.6461100000000001 0.64613 0.6425 0.6461100000000001 38
0.6461100000000001 0.6425 0.6461100000000001 0.6461100000000001 0.6461100000000001 0.32299999999999995 0.622 0.6461100000000001 0.6461100000000001 0.6461100000000001 0.6461100000000001 0.6461100000000001 0.64641 0.6461100000000001 0.6461399999999999 0.6461100000000001 0.6461100000000001 0.6461100000000001 39
0.6461100000000001 0.6461100000000001 0.6461100000000001 0.6461100000000001 0.241 0.6363 0.6461100000000001 0.6461100000000001 0.6461100000000001 0.6461100000000001 0.6461100000000001 0.6423 0.6461100000000001 0.6461100000000001 0.6461100000000001 0.6461100000000001 0.6461100000000001 0.6466 40
0.6461100000000001 0.615 0.6414 0.64613 0.6466 0.354 0.342 0.6554 0.6561 0.64644 0.6446 0.522 0.6551 0.64644 0.6461100000000001 0.6461100000000001 0.611 0.6461100000000001 41
0.6461100000000001 0.6466 0.64652 0.64651 0.443 0.451 0.6461100000000001 0.6461100000000001 0.64613 0.6461100000000001 0.6461100000000001 0.6511 0.6461100000000001 0.6461100000000001 0.6461100000000001 0.64644 0.6461100000000001 0.6461100000000001 42
0.6461100000000001 0.6461100000000001 0.312 0.6461399999999999 0.134 0.333 0.6461100000000001 0.6244 0.64612 0.6461100000000001 0.64654 0.664 0.64656 0.64656 0.64652 0.6461399999999999 0.64613 0.444 43
0.6461100000000001 0.6461100000000001 0.6461100000000001 0.314 0.6466 0.6362 0.6441 0.6461100000000001 0.64612 0.6461100000000001 0.6441 0.6443 0.6461100000000001 0.6461100000000001 0.6461100000000001 0.6461100000000001 0.6461100000000001 0.6442 44
0.6461100000000001 0.6461100000000001 0.621 0.361 0.6463 0.354 0.6461100000000001 0.6461399999999999 0.6461100000000001 0.6461100000000001 0.64644 0.365 0.64641 0.6466 0.6461100000000001 0.6461100000000001 0.6461100000000001 0.512 45
0.6461100000000001 0.6461100000000001 0.6461100000000001 0.6461100000000001 0.6461100000000001 0.442 0.6461100000000001 0.64613 0.6461100000000001 0.621 0.6461100000000001 0.6466 0.64613 0.6461100000000001 0.64641 0.6461100000000001 0.6461100000000001 0.6461100000000001 46
0.6461100000000001 0.64645 0.6466 0.6421 0.64613 0.334 0.64656 0.64644 0.6434 0.64652 0.634 0.512 0.64653 0.6461100000000001 0.612 0.6461100000000001 0.6466 0.6561 47
0.6461100000000001 0.6461100000000001 0.64654 0.6461100000000001 0.6565 0.424 0.6461100000000001 0.6461100000000001 0.635 0.6461100000000001 0.654 0.6461100000000001 0.64613 0.64644 0.6461100000000001 0.64644 0.6466 0.512 48
0.6461100000000001 0.64655 0.6466 0.64613 0.64613 0.6463 0.64645 0.6461100000000001 0.6609999999999999 0.6461399999999999 0.64613 0.6634 0.64613 0.64641 0.64613 0.64645 0.64644 0.6512 49
0.6461100000000001 0.6461100000000001 0.6461399999999999 0.6461100000000001 0.6463 0.421 0.6461100000000001 0.652 0.6461100000000001 0.6462 0.56 0.5144 0.6461100000000001 0.6461100000000001 0.6461100000000001 0.6461100000000001 0.6633 0.6426 50
0.6461100000000001 0.64642 0.6464300000000001 0.64641 0.64613 0.6461100000000001 0.64613 0.6461100000000001 0.64613 0.64645 0.64613 0.6461100000000001 0.6461100000000001 0.6461100000000001 0.6631 0.64613 0.6461100000000001 0.6632 51
0.6461100000000001 0.6242 0.361 0.6461100000000001 0.35100000000000003 0.64613 0.64613 0.6461100000000001 0.64613 0.6461100000000001 0.6461399999999999 0.6466 0.64641 0.6461100000000001 0.6461100000000001 0.6461100000000001 0.64644 0.312 52
0.6461100000000001 0.6461100000000001 0.22 0.314 0.364 0.632 0.6461100000000001 0.64644 0.6453 0.64613 0.241 0.35100000000000003 0.64641 0.64641 0.6241 0.11 0.6453 0.244 53
0.6461100000000001 0.6461100000000001 0.6461100000000001 0.6461100000000001 0.6466 0.3623 0.6461100000000001 0.6461100000000001 0.6461100000000001 0.6461100000000001 0.6363 0.626 0.6461100000000001 0.6461100000000001 0.6461100000000001 0.6461100000000001 0.6461100000000001 0.6462 54
0.6461100000000001 0.6435 0.6461399999999999 0.6461100000000001 0.6461100000000001 0.6461399999999999 0.6461100000000001 0.6461100000000001 0.6461100000000001 0.6461100000000001 0.6461100000000001 0.522 0.6461100000000001 0.6461100000000001 0.6461100000000001 0.6461100000000001 0.6461100000000001 0.6451 55
0.6461100000000001 0.6466 0.64613 0.6461100000000001 0.6461100000000001 0.456 0.6461100000000001 0.6461100000000001 0.6461100000000001 0.6461100000000001 0.6461100000000001 0.43 0.6461100000000001 0.6461100000000001 0.6461100000000001 0.6461100000000001 0.6461100000000001 0.442 56
0.6461100000000001 0.6464300000000001 0.6461399999999999 0.64654 0.6311 0.452 0.333 0.213 0.6312 0.64652 0.544 0.6461100000000001 0.64642 0.6432 0.6553 0.64613 0.615 0.64651 57
0.6461100000000001 0.64641 0.6314 0.6422 0.6311 0.3621 0.6461399999999999 0.6461399999999999 0.6461399999999999 0.6434 0.512 0.5141 0.64653 0.64651 0.64651 0.6461399999999999 0.64651 0.6461100000000001 58
0.6461100000000001 0.6461100000000001 0.333 0.6466 0.64646 0.6441 0.6461100000000001 0.6461100000000001 0.6463 0.64613 0.6461100000000001 0.6552 0.6461100000000001 0.6461100000000001 0.6461100000000001 0.6461100000000001 0.6461100000000001 0.6554 59
0.6461100000000001 0.64653 0.6461100000000001 0.6245 0.621 0.6441 0.64613 0.6464300000000001 0.6551 0.6461100000000001 0.6434 0.6441 0.6461100000000001 0.6461100000000001 0.6461100000000001 0.6461100000000001 0.6461100000000001 0.6462 60
0.6461100000000001 0.6434 0.6463 0.6466 0.6461100000000001 0.634 0.64642 0.6436 0.6434 0.6461100000000001 0.6413 0.521 0.64653 0.64654 0.64653 0.6461100000000001 0.64641 0.5144 61
0.6461100000000001 0.6464300000000001 0.6461100000000001 0.6461100000000001 0.64613 0.64613 0.64613 0.6461100000000001 0.64613 0.131 0.6462 0.6461100000000001 0.64644 0.6461100000000001 0.64644 0.6461100000000001 0.6461100000000001 0.6454 62
0.6461100000000001 0.6461100000000001 0.6461100000000001 0.6461100000000001 0.64644 0.64613 0.6461100000000001 0.64641 0.64613 0.64613 0.6461100000000001 0.6463 0.64641 0.64613 0.64644 0.6461100000000001 0.6461100000000001 0.64641 63
0.6461100000000001 0.6416 0.6461399999999999 0.6461100000000001 0.64613 0.6461100000000001 0.64642 0.6464300000000001 0.6461399999999999 0.6414 0.6414 0.664 0.6414 0.6461399999999999 0.64651 0.6461100000000001 0.64613 0.512 64
0.6461100000000001 0.6461100000000001 0.64644 0.423 0.6313 0.6463 0.6461100000000001 0.6466 0.64613 0.6425 0.64642 0.11 0.6461100000000001 0.6462 0.6461100000000001 0.6461100000000001 0.6461100000000001 0.6565 65
0.64613 0.64656 0.64651 0.6361 0.6441 0.6314 0.6466 0.6466 0.6461100000000001 0.233 0.64651 0.664 0.64653 0.6551 0.64642 0.6461100000000001 0.64644 0.522 66
0.6461100000000001 0.64641 0.6466 0.6434 0.6461100000000001 0.614 0.64613 0.622 0.64644 0.621 0.6466 0.512 0.64613 0.64644 0.64641 0.6461100000000001 0.6461100000000001 0.6634 67
0.6461100000000001 0.64642 0.6461399999999999 0.64655 0.64613 0.6561 0.6461100000000001 0.64613 0.64642 0.6461399999999999 0.5429999999999999 0.6461100000000001 0.6461399999999999 0.64653 0.6461100000000001 0.64613 0.64644 0.511 68
0.6461100000000001 0.6461100000000001 0.64645 0.6461100000000001 0.6461100000000001 0.64613 0.6461100000000001 0.6461100000000001 0.64613 0.64613 0.6461100000000001 0.64612 0.6461100000000001 0.6461100000000001 0.6461100000000001 0.6461100000000001 0.6461100000000001 0.6461399999999999 69
0.6461100000000001 0.64612 0.361 0.6461100000000001 0.6453 0.452 0.6461100000000001 0.361 0.6466 0.6461100000000001 0.343 0.6421 0.6461100000000001 0.615 0.6423 0.6461100000000001 0.616 0.616 70
0.6461100000000001 0.6461100000000001 0.6461100000000001 0.6461100000000001 0.64642 0.621 0.6461100000000001 0.6461100000000001 0.6466 0.64641 0.64642 0.64654 0.64613 0.64641 0.6461100000000001 0.6461100000000001 0.6461100000000001 0.6433 71
0.6463 0.64654 0.6466 0.616 0.361 0.6363 0.6461100000000001 0.6463 0.64641 0.6461100000000001 0.6461100000000001 0.64651 0.6461100000000001 0.64613 0.6461100000000001 0.6461100000000001 0.64613 0.64613 72
0.6461100000000001 0.64644 0.6431 0.64613 0.6466 0.6461100000000001 0.6466 0.64641 0.64642 0.64653 0.6434 0.6461100000000001 0.64653 0.6425 0.64653 0.6461399999999999 0.6461399999999999 0.6461100000000001 73
0.6461100000000001 0.6461100000000001 0.6431 0.6431 0.364 0.363 0.6461399999999999 0.6435 0.6461399999999999 0.6461100000000001 0.64651 0.626 0.6434 0.64651 0.6466 0.6461399999999999 0.6461100000000001 0.632 74
0.6461100000000001 0.6461100000000001 0.6426 0.6461100000000001 0.6461100000000001 0.6461100000000001 0.6461100000000001 0.6461100000000001 0.6461100000000001 0.6461100000000001 0.6461100000000001 0.523 0.6461100000000001 0.6461100000000001 0.6461100000000001 0.6461100000000001 0.6461100000000001 0.6451 75
0.6461100000000001 0.6461100000000001 0.613 0.6461100000000001 0.64644 0.64641 0.6461100000000001 0.6464300000000001 0.6461100000000001 0.6461100000000001 0.6441 0.6561 0.6461100000000001 0.6461100000000001 0.6461100000000001 0.6461100000000001 0.6609999999999999 0.6511 76
0.64613 0.64641 0.64613 0.64642 0.6461100000000001 0.6461100000000001 0.64652 0.64613 0.64651 0.6461100000000001 0.64652 0.664 0.64613 0.64653 0.64652 0.6461399999999999 0.6461399999999999 0.6564 77
0.6461100000000001 0.64641 0.64642 0.6461100000000001 0.361 0.142 0.6461100000000001 0.64644 0.64641 0.6466 0.64644 0.6463 0.6461100000000001 0.6461100000000001 0.6461100000000001 0.6461100000000001 0.6466 0.333 78
0.6461100000000001 0.64641 0.6434 0.64644 0.64613 0.6466 0.64613 0.64644 0.6242 0.64653 0.64642 0.6461100000000001 0.64653 0.6466 0.6461399999999999 0.64641 0.6461100000000001 0.6461100000000001 79
0.6461100000000001 0.64655 0.314 0.64653 0.6461100000000001 0.423 0.6461100000000001 0.612 0.64651 0.6461100000000001 0.64653 0.6454 0.6461100000000001 0.6461100000000001 0.6461100000000001 0.6461100000000001 0.6461100000000001 0.6451 80
0.6461100000000001 0.6461100000000001 0.626 0.333 0.6461100000000001 0.443 0.6461100000000001 0.64644 0.6461100000000001 0.6461100000000001 0.6461100000000001 0.364 0.6461100000000001 0.6461100000000001 0.6461100000000001 0.6461100000000001 0.6461100000000001 0.6609999999999999 81
0.6461100000000001 0.6466 0.6423 0.6425 0.6426 0.64642 0.6415 0.64613 0.64641 0.6422 0.6461100000000001 0.64644 0.6414 0.64644 0.64613 0.6424 0.6461100000000001 0.6461100000000001 82
0.6461100000000001 0.6433 0.64653 0.64641 0.441 0.354 0.6434 0.6632 0.313 0.6431 0.6461100000000001 0.6551 0.64653 0.64652 0.6461399999999999 0.64613 0.6461100000000001 0.664 83
0.64613 0.6466 0.64656 0.64644 0.6463 0.6442 0.6464300000000001 0.6461399999999999 0.64656 0.6466 0.64653 0.6424 0.6461399999999999 0.6461100000000001 0.64653 0.64645 0.6461100000000001 0.6421 84
0.6461100000000001 0.6461100000000001 0.64641 0.6461100000000001 0.6461100000000001 0.633 0.6466 0.64613 0.6461100000000001 0.6461100000000001 0.6461100000000001 0.633 0.6461100000000001 0.6461100000000001 0.6461100000000001 0.64613 0.6466 0.6461100000000001 85
0.6461100000000001 0.6461100000000001 0.64641 0.6461100000000001 0.6461100000000001 0.6425 0.6461399999999999 0.6466 0.64613 0.6461100000000001 0.6426 0.6426 0.6461399999999999 0.64613 0.64613 0.6461100000000001 0.6424 0.353 86
0.64613 0.6461100000000001 0.64641 0.64652 0.6364 0.6362 0.64642 0.6462 0.64652 0.6426 0.615 0.635 0.6466 0.64613 0.6423 0.6461100000000001 0.3622 0.6443 87
0.6461100000000001 0.6461100000000001 0.6461100000000001 0.6435 0.6461100000000001 0.633 0.333 0.64613 0.6461100000000001 0.64656 0.64656 0.653 0.6466 0.6461100000000001 0.64654 0.6431 0.6461100000000001 0.623 88
0.6461100000000001 0.64656 0.622 0.6415 0.6423 0.332 0.64613 0.6461100000000001 0.622 0.6461100000000001 0.6441 0.6461100000000001 0.6461100000000001 0.6461100000000001 0.6461100000000001 0.6461100000000001 0.6461100000000001 0.6461100000000001 89
0.64613 0.64642 0.64641 0.64613 0.6423 0.361 0.64641 0.361 0.332 0.6425 0.64644 0.56 0.64644 0.64613 0.6461100000000001 0.6461100000000001 0.343 0.64613 90
0.64612 0.6461399999999999 0.6313 0.64612 0.6461100000000001 0.6363 0.6461100000000001 0.6461100000000001 0.6461100000000001 0.64644 0.6461100000000001 0.6461100000000001 0.6461100000000001 0.6461100000000001 0.6461100000000001 0.6461100000000001 0.6461100000000001 0.6461100000000001 91
0.6461100000000001 0.6414 0.6461100000000001 0.6466 0.6313 0.455 0.6461100000000001 0.64642 0.6461100000000001 0.6461100000000001 0.613 0.521 0.6461100000000001 0.6415 0.6436 0.6461100000000001 0.6461100000000001 0.6554 92
0.6461100000000001 0.64613 0.64651 0.6461399999999999 0.6425 0.6461100000000001 0.6461100000000001 0.6461399999999999 0.6461100000000001 0.6421 0.64642 0.6434 0.6461100000000001 0.6461399999999999 0.64642 0.6425 0.64641 0.6514 93
0.6461100000000001 0.6422 0.6436 0.331 0.6461100000000001 0.6461100000000001 0.6461100000000001 0.6461100000000001 0.6464300000000001 0.6461399999999999 0.64641 0.6435 0.64654 0.64644 0.6466 0.64613 0.6423 0.6435 94
0.6461100000000001 0.64641 0.6434 0.64613 0.64641 0.6444 0.64613 0.6461100000000001 0.64641 0.6461100000000001 0.6244 0.6442 0.6461100000000001 0.6461100000000001 0.6461100000000001 0.6461100000000001 0.6461100000000001 0.6466 95
0.6461100000000001 0.6461399999999999 0.64652 0.64642 0.64641 0.6461100000000001 0.64642 0.6461399999999999 0.6461399999999999 0.6461399999999999 0.6433 0.6461100000000001 0.64642 0.6461399999999999 0.64613 0.6461100000000001 0.64613 0.6461100000000001 96
0.6461100000000001 0.6466 0.64641 0.6461100000000001 0.6461100000000001 0.6461100000000001 0.6461100000000001 0.64613 0.6461100000000001 0.64613 0.6461100000000001 0.64644 0.6461100000000001 0.6461100000000001 0.6461100000000001 0.6461100000000001 0.64613 0.6461100000000001 97
0.6461100000000001 0.64644 0.64652 0.6434 0.361 0.6463 0.6466 0.64651 0.64641 0.64641 0.455 0.64612 0.64641 0.64613 0.6243 0.6461100000000001 0.6466 0.6461100000000001 98
0.6461100000000001 0.6466 0.64644 0.6436 0.64644 0.6461100000000001 0.64642 0.6425 0.6416 0.64654 0.64644 0.64613 0.64642 0.6461100000000001 0.64642 0.6461100000000001 0.6452 0.6451 99
0.6461100000000001 0.6461100000000001 0.6423 0.64651 0.6461100000000001 0.6461100000000001 0.6461100000000001 0.6461100000000001 0.6461100000000001 0.6461100000000001 0.6461100000000001 0.232 0.6461100000000001 0.6461100000000001 0.6461100000000001 0.6461100000000001 0.6461399999999999 0.6632 100
0.64613 0.421 0.625 0.523 0.6423 0.443 0.6466 0.653 0.6461100000000001 0.6436 0.625 0.464 0.11 0.64653 0.64644 0.6461100000000001 0.64613 0.6512 101
0.6461100000000001 0.64656 0.64654 0.6464300000000001 0.621 0.64613 0.6461100000000001 0.6461100000000001 0.6461100000000001 0.6461100000000001 0.6244 0.441 0.6461100000000001 0.6461100000000001 0.64613 0.6461100000000001 0.622 0.6461100000000001 102
0.6461100000000001 0.6461100000000001 0.64613 0.6361 0.64612 0.6463 0.6461100000000001 0.442 0.6466 0.6461100000000001 0.6461100000000001 0.6551 0.6461100000000001 0.6461100000000001 0.6461100000000001 0.6461100000000001 0.6462 0.6452 103
0.6461100000000001 0.64653 0.6464300000000001 0.6461399999999999 0.633 0.623 0.64644 0.6461100000000001 0.64645 0.64645 0.6461100000000001 0.452 0.6461100000000001 0.64644 0.64645 0.6461100000000001 0.64613 0.64613 104
0.6461100000000001 0.6436 0.64656 0.64613 0.64613 0.64613 0.6464300000000001 0.64654 0.6461100000000001 0.6461100000000001 0.6464300000000001 0.6461399999999999 0.6466 0.361 0.64613 0.334 0.64613 0.6461100000000001 105
0.6461100000000001 0.6435 0.6436 0.64652 0.6463 0.366 0.6435 0.64613 0.6433 0.314 0.6436 0.412 0.6433 0.6426 0.64656 0.6461100000000001 0.64644 0.6244 106
0.6461100000000001 0.64641 0.616 0.64653 0.6461100000000001 0.422 0.6425 0.64613 0.6461100000000001 0.6461100000000001 0.6466 0.53 0.6461100000000001 0.6461100000000001 0.6461100000000001 0.6461100000000001 0.64641 0.6462 107
0.6461100000000001 0.6464300000000001 0.64656 0.64613 0.64646 0.6461100000000001 0.64641 0.64613 0.6461399999999999 0.6461399999999999 0.64651 0.6461100000000001 0.64651 0.64651 0.64653 0.6461399999999999 0.64613 0.64641 108
0.6461100000000001 0.6461100000000001 0.64653 0.6432 0.6463 0.6445 0.6461100000000001 0.6466 0.35200000000000004 0.6461399999999999 0.6466 0.64641 0.64613 0.64641 0.64613 0.6461100000000001 0.6461100000000001 0.6461100000000001 109
0.6461100000000001 0.6461100000000001 0.626 0.616 0.6461100000000001 0.442 0.64644 0.6461100000000001 0.6461100000000001 0.6461100000000001 0.332 0.321 0.6461100000000001 0.6461100000000001 0.6461100000000001 0.6461100000000001 0.6461100000000001 0.361 110
0.6461100000000001 0.6461100000000001 0.6241 0.6422 0.452 0.6241 0.64644 0.6461100000000001 0.6461100000000001 0.6461100000000001 0.6461100000000001 0.512 0.6461100000000001 0.6434 0.6461100000000001 0.6461100000000001 0.6461100000000001 0.6563 111
0.6461100000000001 0.6461100000000001 0.6461100000000001 0.6461100000000001 0.615 0.625 0.6461100000000001 0.6461100000000001 0.6461100000000001 0.6461100000000001 0.6461100000000001 0.421 0.6461100000000001 0.6461100000000001 0.6461100000000001 0.6461100000000001 0.64641 0.6553 112
0.6461100000000001 0.6461100000000001 0.6461100000000001 0.6461399999999999 0.6423 0.64642 0.64651 0.64613 0.64613 0.64642 0.6461100000000001 0.611 0.6461100000000001 0.6461100000000001 0.6461100000000001 0.6461100000000001 0.6461100000000001 0.6461100000000001 113
0.6461100000000001 0.6461100000000001 0.6461100000000001 0.6461100000000001 0.6423 0.6466 0.6461100000000001 0.6461100000000001 0.6461100000000001 0.6461100000000001 0.6461100000000001 0.6461100000000001 0.6461100000000001 0.6461100000000001 0.6461100000000001 0.6461100000000001 0.6461100000000001 0.6454 114
0.6461100000000001 0.6461100000000001 0.6461100000000001 0.6461100000000001 0.341 0.6461100000000001 0.6461100000000001 0.64641 0.6461100000000001 0.6461100000000001 0.6461100000000001 0.6566 0.6461100000000001 0.6461100000000001 0.6461100000000001 0.6442 0.6461100000000001 0.6435 115
0.6461100000000001 0.64642 0.64653 0.6431 0.64644 0.6425 0.6461100000000001 0.6461100000000001 0.6461100000000001 0.6461100000000001 0.64613 0.6314 0.64641 0.64645 0.64641 0.6461100000000001 0.6461100000000001 0.6461100000000001 116
0.6461100000000001 0.6461100000000001 0.6461100000000001 0.6461100000000001 0.6461100000000001 0.6564 0.6461100000000001 0.6461100000000001 0.6461100000000001 0.6461100000000001 0.6461100000000001 0.6555 0.6461100000000001 0.6461100000000001 0.6461100000000001 0.6461100000000001 0.6461100000000001 0.6461100000000001 117
0.6461100000000001 0.616 0.343 0.6461100000000001 0.333 0.64612 0.6461100000000001 0.6461100000000001 0.6461100000000001 0.6461100000000001 0.6461100000000001 0.653 0.64613 0.6461100000000001 0.6461100000000001 0.6241 0.64641 0.64613 118
0.64613 0.64653 0.64652 0.621 0.6426 0.6423 0.6461100000000001 0.6461100000000001 0.6461100000000001 0.64641 0.633 0.212 0.6241 0.6466 0.6451 0.6461100000000001 0.6461100000000001 0.422 119
0.64641 0.64653 0.6461100000000001 0.64642 0.64613 0.6361 0.6461100000000001 0.6461100000000001 0.6245 0.6461399999999999 0.6461100000000001 0.6463 0.6434 0.64641 0.6461100000000001 0.6461100000000001 0.6461100000000001 0.455 120
0.6461100000000001 0.6425 0.6561 0.64613 0.6466 0.3621 0.64642 0.6461100000000001 0.6452 0.6425 0.664 0.366 0.6461100000000001 0.664 0.6555 0.64644 0.64641 0.6461100000000001 121
0.6461100000000001 0.6426 0.6466 0.364 0.6426 0.64613 0.64613 0.6461399999999999 0.6436 0.6461100000000001 0.421 0.6452 0.621 0.6436 0.64613 0.64613 0.6461100000000001 0.544 122
0.6461100000000001 0.64653 0.6461100000000001 0.6609999999999999 0.64613 0.6466 0.6461100000000001 0.64613 0.615 0.6461100000000001 0.6466 0.544 0.6461100000000001 0.6461100000000001 0.64613 0.6461100000000001 0.6461100000000001 0.6461100000000001 123
0.6461100000000001 0.6461100000000001 0.6461100000000001 0.64652 0.64644 0.64644 0.64613 0.64613 0.6466 0.6461100000000001 0.6434 0.6461100000000001 0.6461100000000001 0.6461100000000001 0.64645 0.64641 0.6464300000000001 0.6461100000000001 124
0.6461100000000001 0.64653 0.6461100000000001 0.64651 0.64613 0.64645 0.6461100000000001 0.6435 0.6511 0.6461100000000001 0.64645 0.314 0.6461100000000001 0.6435 0.6461100000000001 0.6461399999999999 0.6466 0.363 125
0.6461100000000001 0.6461100000000001 0.64645 0.64641 0.64644 0.6242 0.6461100000000001 0.6461100000000001 0.6461100000000001 0.6461100000000001 0.6461100000000001 0.625 0.6461100000000001 0.6461100000000001 0.6461100000000001 0.6461100000000001 0.6461100000000001 0.6425 126
0.6461100000000001 0.6461399999999999 0.6464300000000001 0.6426 0.622 0.361 0.64641 0.621 0.64641 0.64654 0.64613 0.6423 0.6461100000000001 0.6466 0.6435 0.64642 0.6434 0.612 127
0.6461100000000001 0.64646 0.6466 0.64613 0.64641 0.6461100000000001 0.6466 0.6461100000000001 0.6466 0.64613 0.64645 0.6461100000000001 0.64613 0.64613 0.64641 0.6461100000000001 0.64613 0.6461100000000001 128
0.6461100000000001 0.64653 0.615 0.6415 0.361 0.64641 0.64641 0.64613 0.64642 0.6466 0.6434 0.6435 0.64613 0.64613 0.6461100000000001 0.621 0.134 0.64613 129
0.6461100000000001 0.6461100000000001 0.6464300000000001 0.64654 0.6426 0.6313 0.6466 0.6461100000000001 0.6441 0.6425 0.6363 0.513 0.6461100000000001 0.6466 0.664 0.64645 0.132 0.654 130
0.6461100000000001 0.6461100000000001 0.6436 0.6461100000000001 0.64613 0.652 0.6436 0.6463 0.6461100000000001 0.6461100000000001 0.6461100000000001 0.524 0.6461100000000001 0.6461399999999999 0.6461100000000001 0.6461100000000001 0.353 0.6632 131
0.6461100000000001 0.6413 0.6461100000000001 0.64641 0.64613 0.6442 0.64613 0.64613 0.64613 0.6461100000000001 0.64613 0.6313 0.6461100000000001 0.64645 0.64644 0.6461100000000001 0.6421 0.6461100000000001 132
0.6461100000000001 0.6461100000000001 0.6441 0.6461100000000001 0.6441 0.652 0.6461100000000001 0.615 0.6461100000000001 0.6461399999999999 0.6461100000000001 0.6561 0.6426 0.64645 0.6452 0.6466 0.6466 0.6413 133
0.6461100000000001 0.6461100000000001 0.6466 0.622 0.64644 0.6461100000000001 0.64641 0.64613 0.6466 0.64613 0.611 0.3622 0.6461100000000001 0.64641 0.6466 0.64641 0.6461100000000001 0.14400000000000002 134
0.6461100000000001 0.6466 0.64651 0.64613 0.6464300000000001 0.6461100000000001 0.6423 0.64642 0.632 0.621 0.616 0.6461399999999999 0.6433 0.6466 0.6435 0.6435 0.64613 0.332 135
0.6461100000000001 0.6466 0.6434 0.6466 0.6435 0.6426 0.64654 0.64644 0.6434 0.64656 0.64654 0.6441 0.64654 0.6413 0.6435 0.6426 0.6443 0.6461100000000001 136
