62 62 62 62 62 62 62 62 62 62 62 62 62 30 62 62 62 62
62 62 62 62 61 62 62 62 66 62 62 62 62 62 62 62 63 62
62 62 64 62 62 40 40 62 65 62 64 62 62 62 63 62 62 62
62 62 62 62 62 62 62 62 62 62 62 62 50 62 62 62 62 62
62 62 62 62 62 40 62 62 62 62 62 62 62 64 62 62 62 62
62 62 62 62 62 62 62 62 62 62 62 50 50 62 62 62 62 62
62 62 62 62 62 63 62 62 62 62 62 62 62 50 62 62 62 62
62 62 62 62 62 30 40 62 62 62 50 62 62 62 62 62 62 62
62 62 62 62 62 30 62 62 62 66 62 62 62 62 62 62 62 62
62 64 30 63 62 62 40 62 62 62 62 62 62 62 62 62 62 62
62 62 62 62 63 10 62 62 62 62 40 62 62 62 40 62 50 50
62 62 62 62 62 61 30 62 62 62 62 62 62 63 62 65 62 62
62 65 62 62 62 62 62 62 62 62 62 62 62 62 62 62 62 62
62 62 62 62 63 62 62 62 62 62 62 62 50 62 62 62 62 62
62 62 62 62 62 62 62 10 62 62 61 40 62 40 62 62 62 62
62 62 62 62 62 62 62 65 62 62 62 63 62 62 62 62 62 62
62 62 62 20 30 10 62 62 62 62 62 62 62 62 62 62 62 62
62 62 62 62 62 62 62 62 62 62 62 62 62 62 62 62 63 62
62 62 30 62 20 61 62 62 62 65 62 62 62 62 62 62 62 62
62 62 62 62 62 62 62 62 62 62 62 63 62 62 62 65 62 62
62 62 62 62 62 30 61 62 62 62 62 66 62 62 62 64 62 50
62 64 30 62 62 62 62 62 62 62 62 62 62 62 30 62 40 62
62 62 62 62 62 40 62 62 62 62 62 62 62 64 62 62 20 62
64 62 62 62 62 62 62 62 30 62 62 62 62 62 62 62 62 63
62 62 62 62 62 62 62 62 62 62 62 62 62 62 50 40 62 62
62 62 62 62 62 62 62 62 62 62 62 62 62 65 62 62 62 62
62 62 30 62 62 61 62 63 62 62 40 62 65 62 62 62 62 62
62 62 62 62 62 62 62 62 62 62 62 62 62 62 30 62 62 62
62 62 62 62 62 62 63 62 62 62 62 62 62 62 62 62 62 62
62 62 63 62 62 30 62 62 62 66 65 62 62 62 62 62 62 62
62 62 62 62 62 61 63 62 62 50 62 62 50 66 62 63 50 62
62 62 62 63 62 63 62 62 62 62 62 62 62 65 62 62 62 62
62 62 62 40 61 62 62 62 63 66 30 63 62 62 62 62 62 62
62 62 62 62 62 62 62 62 62 40 62 62 62 62 65 62 62 62
62 62 62 62 62 62 62 62 62 30 62 40 62 62 62 62 62 62
62 62 62 62 62 30 62 40 62 62 62 62 63 40 62 62 30 64
62 62 30 62 62 62 62 62 62 62 62 63 62 30 62 62 65 62
62 62 62 62 40 62 62 62 62 62 62 62 62 63 65 62 62 62
62 62 62 62 62 64 62 62 62 65 62 62 62 62 62 62 62 62
62 62 62 62 62 61 62 62 63 62 50 62 62 62 62 62 62 62
63 62 62 62 62 62 30 62 30 62 62 62 20 61 62 62 62 62
62 62 63 63 62 62 62 65 62 50 50 62 62 62 62 62 62 62
62 62 62 62 61 62 62 40 62 62 62 62 62 62 62 62 62 62
62 62 61 62 62 40 62 50 62 62 62 62 65 62 62 62 62 62
62 62 62 30 62 62 62 62 62 62 62 62 62 62 62 62 62 65
62 62 62 62 62 62 62 62 61 62 62 10 62 62 62 10 62 30
62 62 63 62 62 62 62 40 62 63 65 62 62 62 62 50 62 62
62 62 30 62 62 62 62 62 62 62 62 62 62 62 62 62 61 62
62 62 62 62 62 30 62 62 62 62 62 66 50 62 40 62 10 62
62 62 62 62 65 63 62 62 62 62 62 62 62 62 62 62 62 62
62 62 30 62 62 62 62 62 62 40 62 62 62 65 62 62 30 62
62 62 63 62 62 62 62 62 62 63 61 65 62 30 62 62 66 30
62 62 62 62 62 62 65 62 62 62 62 62 62 62 62 50 50 62
62 62 62 62 62 40 62 62 62 40 62 62 62 62 62 62 62 62
62 62 62 62 62 64 62 50 62 62 62 40 62 63 62 66 62 50
62 62 62 62 62 40 62 62 62 62 62 62 62 62 62 62 61 63
62 62 62 64 62 61 62 62 62 62 62 62 62 62 62 62 62 62
62 62 62 62 62 40 62 62 62 62 62 62 62 62 62 62 62 62
62 63 62 62 62 61 61 62 62 62 64 61 62 62 62 62 40 62
62 62 64 62 30 30 62 62 62 62 62 62 50 62 62 62 62 63
62 62 62 62 61 62 62 62 62 65 62 62 62 62 62 62 62 62
62 62 62 62 62 40 62 62 62 62 30 62 62 62 10 66 62 30
62 62 62 62 62 62 62 20 62 62 65 62 62 50 66 62 62 62
62 62 62 62 62 61 62 62 62 62 65 62 62 65 62 62 62 62
62 62 62 62 62 40 62 62 30 62 30 62 62 62 62 62 62 62
62 62 62 62 62 30 40 62 62 62 62 65 62 62 30 62 40 62
62 62 63 62 62 65 62 65 62 62 62 62 40 62 62 10 62 50
62 62 62 62 61 62 62 62 62 62 62 62 62 62 62 62 62 62
62 62 63 62 62 62 62 62 62 62 62 62 62 62 62 62 62 62
62 62 63 62 62 61 62 62 62 30 62 62 62 62 62 64 62 62
62 62 63 62 62 30 62 62 62 62 62 62 63 30 62 62 62 50
62 64 62 62 62 62 62 40 62 62 62 40 62 62 62 63 62 62
62 62 61 62 62 30 62 62 62 62 66 63 62 62 50 62 62 62
62 62 62 62 62 62 62 61 62 62 62 62 62 62 62 62 62 62
62 62 30 62 30 30 63 62 63 62 50 62 62 64 62 62 62 62
62 62 62 61 62 40 65 62 50 62 62 62 62 62 65 62 62 62
62 62 62 62 62 62 62 62 62 62 62 62 66 61 62 62 62 62
62 62 62 62 64 30 40 62 62 62 62 62 63 40 62 61 62 62
62 62 62 62 62 62 62 62 62 62 62 62 63 62 62 62 62 62
62 62 62 62 62 40 62 62 62 62 62 62 62 62 63 61 62 62
62 62 62 62 40 63 62 65 62 62 62 40 62 62 62 62 62 62
62 62 63 62 62 40 30 62 62 63 65 62 62 62 62 62 62 62
62 64 62 62 62 62 64 62 62 62 62 62 62 64 62 62 65 62
62 62 62 62 62 30 61 62 62 62 62 62 62 61 62 62 62 62
62 62 63 62 62 62 62 62 62 62 62 66 62 62 63 10 62 62
62 62 62 62 62 40 50 62 62 62 65 62 62 62 62 62 62 62
62 64 62 64 40 30 30 62 62 62 62 62 62 62 65 62 62 62
62 62 62 62 62 62 62 62 62 62 62 62 62 63 20 66 63 50
62 62 30 62 62 30 62 50 62 62 62 62 62 62 62 62 62 62
62 62 63 63 62 62 62 61 62 62 62 62 62 62 62 62 66 62
62 62 62 64 62 61 65 62 50 62 30 62 62 62 62 10 62 62
62 62 62 62 62 62 62 62 62 62 30 62 40 62 63 62 62 62
62 62 63 64 62 62 62 62 62 62 62 62 62 50 62 62 62 62
62 62 62 62 61 63 62 62 62 62 62 30 62 62 62 62 62 66
62 62 62 62 62 62 62 62 62 62 62 62 62 61 62 62 62 62
62 62 62 62 30 40 62 62 62 62 62 50 62 62 61 62 62 62
62 62 62 62 40 62 62 62 62 62 63 30 62 62 63 62 62 62
62 62 62 62 62 62 62 62 62 62 62 62 62 65 62 62 62 62
62 62 30 61 30 30 62 62 62 62 62 62 62 62 62 62 62 62
62 62 62 61 61 40 62 62 62 62 63 62 62 62 30 62 62 62
62 62 62 62 62 30 62 30 62 62 62 62 62 61 62 62 62 62
62 62 62 62 40 61 62 62 62 62 62 62 62 62 62 61 62 65
62 62 62 62 40 30 62 62 62 62 62 62 62 62 62 62 62 62
62 62 61 62 62 62 62 62 62 62 62 62 62 62 62 62 62 62
62 62 62 64 65 62 62 62 62 62 62 62 62 62 63 50 62 62
62 30 62 62 62 62 62 62 62 65 62 62 62 62 62 62 62 62
62 62 20 40 62 62 62 62 62 62 62 62 62 62 62 62 62 62
62 62 40 63 62 62 65 62 62 62 62 62 62 62 62 62 62 62
62 64 62 62 62 30 62 63 62 62 62 62 62 62 62 62 62 62
62 62 62 62 62 40 61 62 62 64 62 66 62 62 30 62 62 62
62 62 62 62 61 30 62 62 62 62 62 62 10 62 65 62 62 62
62 62 62 62 62 62 62 65 64 62 62 62 62 62 62 62 62 62
62 62 62 62 62 20 30 30 62 62 65 62 62 62 62 62 65 62
62 62 62 62 62 40 62 62 62 62 62 62 62 62 62 66 62 62
62 62 62 62 30 62 62 62 62 62 66 62 62 62 62 62 62 62
62 62 62 62 62 64 62 66 62 62 62 62 63 62 62 62 62 62
62 62 62 62 62 62 62 62 62 65 62 62 62 62 62 62 62 62
62 62 62 62 62 62 62 62 62 62 62 62 62 62 66 63 62 65
62 62 62 62 30 62 62 62 63 62 62 62 62 62 62 62 62 65
62 62 62 62 63 62 62 62 61 40 62 62 62 62 62 50 62 62
62 62 63 30 62 30 62 62 62 50 65 62 62 62 62 62 62 62
62 62 30 20 65 62 62 62 50 62 62 62 62 62 62 62 62 62
62 62 62 62 62 62 62 65 62 62 63 50 62 62 62 62 62 50
62 62 62 62 62 62 62 62 20 40 10 62 62 62 62 62 62 64
62 62 62 62 62 62 30 62 62 63 62 62 62 62 62 65 62 62
62 62 64 62 62 62 62 40 61 62 62 62 10 62 50 40 62 62
62 62 62 62 62 62 62 62 62 63 61 62 62 62 62 62 62 62
62 62 40 61 62 20 62 62 30 62 62 62 62 62 62 62 62 50
62 62 63 62 62 62 62 62 62 62 62 62 62 40 64 62 62 62
62 62 62 62 62 62 62 62 62 62 62 62 62 66 64 62 20 61
62 62 62 62 62 30 62 62 65 62 62 65 62 62 62 62 62 30
62 62 62 62 61 64 62 62 62 30 62 62 62 30 62 40 62 62
62 62 62 62 30 30 62 62 62 62 62 62 62 62 62 62 62 62
62 62 62 62 62 40 62 63 66 66 62 62 62 63 40 62 62 62
62 62 62 63 62 62 50 62 62 62 62 62 62 62 62 62 62 62
62 62 62 62 62 40 62 50 62 62 62 65 62 62 62 62 62 62
62 63 62 62 62 10 62 62 62 62 62 62 62 62 62 62 62 62
62 62 62 62 62 62 62 40 62 62 62 62 62 62 62 62 62 10
62 62 62 62 62 62 62 50 62 62 62 62 62 62 62 62 62 62
62 62 62 62 62 62 62 62 62 62 62 65 62 30 62 62 62 62
62 62 63 62 62 62 62 62 66 62 62 62 62 62 62 62 62 62
62 62 62 64 62 62 62 62 62 62 62 62 63 62 62 61 62 62
64 62 30 62 30 30 62 62 62 62 62 62 62 62 40 62 61 62
62 62 62 62 62 62 62 62 62 62 62 62 62 61 62 62 62 66
62 62 20 61 40 62 62 62 65 62 62 62 63 62 62 62 62 62
62 62 30 62 62 62 62 62 62 62 62 62 62 62 62 65 62 62
62 62 62 62 62 62 62 62 62 62 62 62 62 62 62 62 62 66
62 62 62 62 62 62 62 62 62 62 62 62 62 62 65 62 62 62
62 62 30 62 62 20 61 62 62 30 62 62 62 30 62 62 62 62
62 62 62 62 62 63 10 62 62 65 62 30 62 20 40 62 62 62
62 62 62 62 62 40 66 61 62 62 62 62 62 62 62 50 62 62
62 62 64 62 62 40 62 62 66 30 62 62 62 62 62 62 62 62
62 62 62 62 62 62 62 62 62 64 65 62 62 62 62 62 62 62
62 62 62 20 30 30 62 62 62 62 62 62 62 62 62 62 66 65
62 62 30 62 62 62 30 62 65 40 62 62 62 62 62 62 62 62
62 62 62 63 62 50 62 62 50 62 62 62 62 62 62 62 66 62
62 62 62 30 62 62 62 62 62 62 63 63 62 62 62 65 62 62
62 62 62 62 62 62 62 62 62 62 62 62 30 62 30 62 62 62
62 62 63 62 62 40 62 62 50 62 62 62 62 63 66 62 62 30
62 62 62 62 62 40 62 62 62 62 62 64 62 62 62 62 62 62
62 40 30 62 62 62 62 62 62 62 40 62 66 62 62 62 62 62
62 61 62 62 62 10 62 62 62 64 62 50 62 62 66 62 62 62
62 62 62 62 62 62 62 63 61 65 62 62 62 62 62 62 62 62
62 62 62 62 63 62 62 62 62 62 62 62 65 62 62 62 62 62
62 62 62 62 61 10 62 62 10 62 62 62 62 62 62 62 62 62
62 62 63 40 66 30 62 62 62 62 62 62 62 62 62 62 65 62
62 62 62 62 62 62 65 62 62 62 64 62 62 62 62 62 62 50
62 62 62 62 62 62 62 62 30 62 62 62 62 66 50 40 62 62
62 62 63 64 61 62 62 50 62 62 62 62 62 30 62 62 65 62
62 62 62 62 62 62 62 50 62 62 10 62 65 62 62 65 62 64
62 62 62 62 30 30 62 50 62 63 62 62 62 50 62 62 62 62
62 62 62 62 30 62 65 62 62 62 62 62 62 66 62 62 62 62
62 62 64 62 62 63 10 62 62 62 62 62 62 62 30 62 62 61
62 62 62 62 30 62 64 50 30 62 40 50 10 62 62 62 66 62
62 63 30 62 62 62 62 62 62 62 62 62 62 62 62 62 62 62
62 62 62 62 62 62 62 62 62 65 62 62 62 62 63 62 62 65
62 62 62 62 40 62 62 62 62 62 62 62 62 62 62 62 62 62
62 62 63 62 62 62 62 62 62 62 62 66 66 65 62 62 66 62
62 62 62 62 62 40 62 65 62 62 62 62 62 62 62 62 62 62
62 62 62 62 30 62 62 62 62 30 62 62 62 62 65 62 66 62
62 62 62 62 62 63 65 62 62 62 62 62 62 62 65 62 62 62
62 62 62 62 62 62 62 65 62 62 62 66 62 66 62 62 66 62
62 62 62 62 62 62 62 62 62 62 62 62 62 62 62 61 62 62
62 62 62 62 62 62 65 62 62 62 62 62 62 62 62 62 62 62
62 62 62 62 40 62 62 62 62 62 62 62 62 63 62 62 66 62
62 62 62 62 30 30 62 62 62 65 62 62 62 62 62 62 62 62
62 62 62 62 10 62 65 62 62 62 62 62 62 30 62 62 62 62
62 62 61 62 62 62 30 62 62 62 63 62 62 62 62 62 62 62
62 62 62 62 62 62 62 62 62 62 62 66 62 62 62 30 62 62
62 62 63 62 63 62 62 62 62 62 62 62 65 62 62 62 62 62
62 62 62 62 30 62 62 62 62 62 62 62 62 62 62 62 62 62
62 62 62 62 62 62 62 62 62 61 62 62 62 62 62 62 62 62
62 62 62 62 62 61 62 62 62 62 30 62 10 62 50 62 62 62
62 62 63 62 62 62 62 62 62 62 62 62 65 62 62 62 62 62
62 62 62 62 62 63 62 40 62 62 62 62 62 62 62 62 62 62
62 62 62 62 62 40 62 62 62 62 62 63 10 62 62 62 30 62
62 62 62 62 62 30 62 62 62 62 62 62 62 62 62 62 50 50
62 62 62 62 62 62 61 62 62 62 62 62 62 62 62 64 62 62
62 62 62 30 62 62 62 62 62 62 65 62 62 62 62 63 62 62
62 62 62 61 40 30 62 62 62 62 62 50 62 64 62 62 62 62
62 62 62 62 61 61 62 50 62 62 62 62 62 62 62 62 62 62
62 62 30 62 62 62 62 62 50 62 65 62 62 40 62 62 62 62
62 62 62 62 40 61 30 62 62 62 65 63 62 62 40 62 62 62
62 62 62 62 62 62 62 62 62 62 62 62 62 62 62 62 66 62
62 62 62 30 62 62 62 30 62 62 62 62 62 62 62 62 62 62
62 62 62 62 62 62 64 63 62 62 62 62 62 62 62 62 62 62
62 62 62 62 62 61 62 30 62 62 62 65 62 62 62 62 62 62
62 62 62 62 62 62 62 62 62 66 62 30 62 30 62 62 62 50
62 62 62 62 61 64 62 62 62 62 62 62 62 62 62 62 62 62
62 62 62 62 62 62 62 62 62 62 66 62 62 50 62 62 62 62
62 62 62 62 62 62 62 62 62 62 62 62 62 62 62 62 62 62
62 62 62 62 62 30 30 62 40 62 62 62 62 62 62 62 62 62
62 62 62 30 62 62 62 62 62 64 62 65 62 62 62 62 65 62
62 62 64 62 62 62 62 62 62 62 63 62 10 62 62 62 62 62
62 62 62 62 40 61 62 62 62 62 62 62 62 62 65 62 65 62
62 62 62 62 62 62 62 62 62 62 50 62 62 61 62 62 62 62
62 62 62 62 62 61 62 62 30 62 62 62 62 62 62 63 62 62
62 62 62 62 62 40 62 62 62 62 62 62 62 62 62 62 62 64
62 62 62 62 62 62 30 63 62 62 62 62 61 62 62 66 40 62
62 62 62 62 62 62 62 40 62 62 61 62 62 62 62 62 62 62
62 62 62 62 62 62 62 62 62 62 62 62 62 50 62 62 62 62
62 62 30 62 62 63 30 62 62 62 65 64 62 62 50 62 62 62
62 62 62 62 62 62 62 62 62 62 62 62 62 66 62 62 62 62
62 62 62 62 62 30 62 62 62 62 62 62 62 62 62 40 62 65
62 62 62 62 62 62 62 62 62 62 50 65 62 62 62 62 62 62
62 62 61 62 62 62 62 62 62 50 62 62 62 63 62 64 62 62
62 62 62 30 30 62 62 62 62 62 66 63 30 62 61 62 62 62
62 62 62 62 40 30 62 62 62 30 62 62 62 62 62 62 63 10
62 62 62 30 62 61 62 63 62 62 62 62 62 62 62 62 62 62
62 62 62 62 62 62 62 66 62 62 62 62 62 65 62 62 62 62
62 62 62 62 61 63 62 62 62 62 62 62 62 62 62 62 62 62
62 62 62 62 40 61 62 62 40 62 62 62 62 62 62 66 62 62
62 62 62 62 62 62 62 62 62 63 62 62 62 62 62 62 64 50
62 62 62 62 62 62 62 62 62 62 62 62 62 62 62 62 62 62
62 62 62 62 62 63 62 62 62 62 62 62 62 62 62 62 62 10
62 62 62 62 62 62 62 62 62 62 62 62 62 62 62 62 62 62
62 62 62 62 62 62 62 62 62 62 62 65 62 62 62 62 62 62
62 62 62 62 62 62 62 62 20 63 62 62 62 62 62 62 62 62
62 62 62 62 62 62 62 62 62 62 62 62 62 63 63 50 30 62
62 62 30 62 40 62 62 62 62 62 62 66 62 62 62 65 62 62
62 62 63 62 62 62 62 62 62 62 62 62 62 50 62 62 62 62
62 62 64 62 40 61 62 62 66 62 62 62 62 62 62 62 62 62
62 62 63 64 61 61 62 62 62 62 62 62 66 62 62 62 61 62
62 62 62 62 62 62 62 65 62 62 62 62 62 65 62 62 62 62
62 62 62 62 62 62 62 62 62 62 62 62 62 62 30 62 62 62
62 62 62 62 62 62 62 63 62 62 62 62 62 62 62 62 63 62
62 62 62 62 62 62 62 62 62 62 62 62 65 62 62 62 62 62
62 62 63 63 62 62 62 62 62 62 62 62 62 62 62 62 62 40
62 62 62 62 62 62 62 63 65 62 62 20 62 62 62 65 62 62
62 62 62 62 62 62 62 62 66 30 62 62 62 50 62 62 62 50
62 62 62 62 62 40 62 62 62 62 62 62 62 62 62 62 62 62
62 62 62 62 30 30 63 62 62 62 65 62 62 62 62 62 62 62
62 62 62 62 62 30 63 62 63 62 62 62 50 30 62 62 62 62
62 62 62 62 62 62 62 62 62 62 62 20 62 62 62 62 62 62
62 62 62 62 40 40 62 62 62 62 62 62 62 50 62 62 62 62
62 62 62 62 62 62 62 62 62 62 62 50 50 50 62 62 62 62
62 62 63 62 62 62 62 62 62 62 62 62 62 62 62 62 62 62
62 62 62 62 40 62 62 64 62 62 62 62 62 62 62 62 62 62
62 62 63 63 62 62 10 62 62 62 62 50 62 65 62 62 62 62
62 62 62 62 62 62 62 62 62 62 62 62 63 62 62 63 62 62
62 62 62 63 62 62 62 10 62 62 62 61 62 62 62 62 62 50
62 62 62 62 64 62 62 62 62 62 62 62 62 62 62 62 62 30
62 62 62 62 62 62 62 62 62 62 62 30 62 62 10 62 62 62
62 62 63 62 40 62 30 62 62 62 62 62 62 66 62 65 62 62
62 62 62 62 62 62 62 62 65 62 62 62 62 62 62 62 64 62
62 62 62 62 30 40 62 62 50 62 62 50 20 50 62 62 62 62
62 62 62 62 40 62 62 62 62 62 62 66 61 62 50 62 62 62
62 62 63 62 61 62 30 62 30 62 62 40 62 62 62 62 62 62
62 62 62 63 62 62 62 62 65 62 62 62 62 65 62 62 62 62
62 62 62 64 62 62 62 62 62 62 62 30 62 62 62 50 62 62
62 62 62 62 62 62 62 62 62 62 62 62 62 62 62 62 62 50
62 62 62 62 30 62 61 62 62 62 62 62 62 62 62 62 40 62
62 62 62 62 40 62 62 62 62 62 30 62 62 62 62 62 62 62
62 62 62 62 61 62 62 62 62 62 62 62 62 62 62 61 62 62
62 62 62 62 62 62 62 62 62 62 62 62 65 62 62 65 62 65
62 62 61 62 62 61 62 62 62 62 62 62 30 62 62 62 62 62
62 62 62 62 61 40 62 62 62 62 62 62 62 62 62 62 62 64
62 62 40 30 62 63 62 62 62 62 62 62 65 62 62 62 62 20
62 62 62 62 62 40 62 62 62 62 62 62 62 62 50 62 62 62
62 62 62 62 62 62 62 62 62 62 62 63 62 62 62 62 62 62
62 62 62 62 62 30 30 62 62 62 62 62 62 62 62 62 62 62
62 62 62 62 62 61 62 62 62 62 62 62 62 62 50 62 62 62
62 62 62 62 10 62 62 62 62 62 62 62 62 62 62 62 66 62
62 62 62 62 62 62 62 62 62 62 62 61 62 62 62 62 62 62
62 62 62 62 62 62 62 62 62 65 30 62 62 62 62 62 62 63
62 62 62 62 62 20 61 62 62 62 50 62 62 62 66 62 62 62
62 62 62 62 62 40 62 62 40 62 10 62 62 62 62 62 62 20
62 62 62 62 62 62 30 62 62 62 30 62 62 62 62 62 62 66
62 62 62 62 40 62 63 30 62 62 62 62 63 62 62 50 62 65
62 62 62 64 62 62 62 62 62 62 40 66 62 62 30 62 30 62
62 62 62 62 62 62 63 62 62 63 62 62 62 62 50 62 62 62
62 62 63 62 62 62 63 62 62 62 62 62 62 62 62 62 62 62
62 62 62 62 62 62 62 62 62 62 62 65 62 62 62 10 62 62
62 62 62 62 62 30 62 62 62 62 62 62 50 62 62 62 62 63
62 62 62 62 62 63 62 62 62 62 62 62 62 62 62 62 62 30
62 62 62 62 62 61 62 62 61 62 62 62 62 63 62 62 65 62
62 62 62 62 30 61 62 62 62 62 62 62 62 62 62 50 62 62
62 62 62 62 62 30 62 62 62 62 62 62 62 62 62 62 62 62
62 62 62 62 62 61 62 62 62 62 62 62 62 62 62 62 62 62
62 62 62 62 62 40 62 62 62 62 62 62 62 62 66 62 62 65
64 62 62 62 62 62 62 62 62 62 62 62 62 10 62 62 66 62
62 62 62 62 65 40 62 61 65 62 62 62 62 61 62 62 62 30
62 62 62 62 63 62 62 62 62 62 65 62 62 62 65 65 62 62
62 62 62 62 62 62 62 62 62 62 62 62 50 62 62 62 62 62
62 62 62 62 62 62 62 62 62 62 62 62 62 62 62 62 62 62
62 62 62 62 62 62 62 62 62 10 62 62 63 62 62 62 62 62
62 62 62 62 62 61 62 63 62 62 62 63 62 62 62 62 62 62
62 62 62 65 62 30 62 62 62 62 62 63 62 20 63 62 62 62
62 62 62 30 30 61 62 65 62 62 65 62 62 62 62 62 65 62
62 62 62 62 30 61 65 62 62 66 62 62 62 62 62 30 62 61
62 62 62 62 63 62 62 62 62 62 64 62 62 62 62 62 63 62
62 62 62 62 62 62 62 63 20 30 62 62 62 62 62 62 62 62
62 62 62 40 40 62 62 63 62 62 62 64 61 62 62 62 30 62
62 27 62 62 62 62 63 10 62 62 62 62 62 62 62 66 62 62
62 62 30 62 62 30 62 62 62 63 62 62 62 62 62 62 62 62
62 62 62 62 40 62 62 62 62 62 64 62 62 62 62 62 62 62
62 62 62 62 62 30 62 40 62 62 65 62 62 62 62 62 62 62
62 62 62 62 62 62 62 62 62 20 62 62 62 62 62 62 62 62
62 62 62 62 62 62 30 62 62 62 62 62 62 62 62 62 62 62
62 62 62 62 62 40 62 62 62 62 62 62 62 62 62 62 65 63
62 62 30 62 62 10 62 62 63 65 62 62 63 62 62 62 62 62
62 62 62 62 62 62 62 62 62 62 62 62 65 62 62 62 62 62
62 62 63 63 62 62 50 40 62 62 62 62 62 62 62 62 62 62
62 62 64 62 62 62 63 62 62 62 62 20 66 62 62 65 62 62
62 62 62 62 62 62 62 62 62 50 62 62 62 62 62 62 62 62
62 62 62 62 62 61 62 62 62 62 62 62 62 62 62 62 62 62
62 62 62 62 62 30 62 62 62 62 62 62 62 40 62 62 62 62
62 62 62 30 62 62 62 62 40 62 62 62 62 62 62 62 62 62
62 62 62 62 62 30 62 62 62 62 62 62 62 62 63 65 62 62
62 62 62 30 62 62 62 62 62 62 62 62 50 62 62 62 62 50
62 62 30 62 62 62 62 62 62 62 62 62 66 62 62 62 62 62
62 62 62 62 62 62 62 30 62 62 62 62 62 62 30 62 61 62
62 62 62 64 62 62 62 30 62 62 62 62 62 65 62 50 62 62
62 62 62 30 62 40 62 62 65 40 62 62 62 63 62 62 62 62
62 62 62 62 63 62 62 62 62 66 61 62 62 65 62 66 62 62
62 40 30 30 62 62 62 65 62 62 62 62 63 65 62 62 62 62
62 62 62 62 62 62 62 63 62 62 62 62 10 62 65 62 62 62
62 62 63 30 62 62 62 62 62 62 62 62 62 62 62 62 62 30
62 62 62 62 62 62 62 62 63 62 62 62 62 62 62 62 30 62
62 62 63 62 61 62 62 62 62 62 62 62 62 62 62 62 62 62
62 62 62 62 30 62 62 62 62 66 62 62 62 62 62 62 62 61
62 62 62 62 62 62 40 62 62 62 10 62 62 62 62 62 62 62
62 62 62 62 62 62 62 62 62 62 62 62 62 62 65 62 62 65
62 62 62 30 64 62 62 62 62 66 62 61 62 66 64 62 62 66
62 62 62 62 40 40 62 62 62 62 62 62 62 62 62 62 62 62
62 62 62 62 62 62 40 65 62 62 62 62 62 30 62 62 66 62
62 62 62 62 62 40 62 62 62 62 62 62 50 62 62 66 30 10
62 62 62 40 30 62 62 62 62 40 62 63 62 62 62 62 62 50
62 62 62 30 62 61 62 62 50 62 62 62 62 62 62 62 50 62
62 62 62 62 62 62 62 62 62 62 61 62 62 62 62 62 10 62
62 62 62 62 62 62 61 62 64 63 62 62 62 62 63 65 62 62
62 62 62 62 62 10 62 62 62 62 62 62 62 62 62 62 62 40
62 62 62 30 62 62 62 62 62 62 62 62 62 62 50 62 62 62
62 62 62 62 40 62 62 50 62 62 62 62 50 62 62 62 62 62
62 62 62 62 62 30 30 62 62 62 62 62 62 62 62 62 50 62
62 62 62 62 62 61 62 62 62 63 10 40 62 62 62 62 62 62
62 62 62 62 62 62 62 62 62 66 62 62 62 62 62 62 50 62
62 62 62 62 62 62 62 62 62 62 62 62 62 62 62 62 62 62
62 62 62 62 62 62 64 62 62 40 62 62 62 61 65 62 62 62
62 62 62 62 62 62 62 62 62 62 65 62 62 62 62 62 62 62
62 62 62 61 62 62 62 62 62 61 62 62 62 62 66 62 62 63
62 62 62 62 30 62 62 62 62 62 62 62 64 62 30 62 61 62
62 62 62 63 62 62 62 62 62 62 62 64 62 62 62 61 61 65
62 62 62 62 62 30 62 62 62 62 50 10 62 62 62 62 62 62
62 62 62 63 62 20 62 62 62 62 62 62 62 50 62 62 62 62
62 62 62 62 62 62 62 62 62 62 62 62 62 66 62 64 62 62
62 62 62 61 40 30 62 30 62 62 62 62 62 62 62 62 62 62
62 62 63 62 62 62 62 62 50 50 62 62 62 30 62 30 30 62
62 62 62 62 30 30 30 30 62 62 62 62 62 62 62 62 62 62
62 62 62 62 62 62 62 62 62 62 62 62 62 30 62 30 62 62
62 62 40 61 62 30 62 62 62 66 62 50 40 63 40 62 62 62
62 62 62 61 62 62 62 62 62 62 30 62 63 62 62 62 62 62
62 62 62 62 62 62 62 30 62 62 62 62 62 40 62 62 62 64
62 62 62 62 61 40 62 62 62 62 40 62 40 62 50 62 62 50
62 62 62 62 61 62 62 62 62 62 50 62 62 62 62 62 63 66
62 62 62 62 62 62 62 65 62 62 62 62 62 62 62 66 62 62
62 62 40 61 62 62 62 50 62 62 62 62 62 62 66 62 62 62
62 62 61 62 62 62 62 62 62 62 62 64 62 62 62 62 62 62
62 63 62 62 62 62 62 62 62 62 30 62 10 62 62 62 62 62
62 62 62 62 62 30 62 62 62 62 66 62 62 62 62 65 62 62
62 62 62 63 62 62 30 62 62 62 62 62 62 65 62 62 62 40
62 62 62 62 62 62 62 62 62 62 62 63 50 62 62 62 62 62
62 62 62 62 62 62 62 62 62 62 61 62 62 62 62 62 62 62
62 62 61 62 62 20 61 61 62 62 62 64 30 62 62 62 62 62
62 62 20 61 62 66 62 62 62 62 62 62 62 62 62 40 62 40
62 62 40 61 62 30 62 62 62 62 62 66 62 62 62 62 63 62
62 62 62 62 62 30 62 62 50 62 62 40 62 62 62 50 62 62
62 62 63 62 62 61 62 65 62 62 30 62 62 62 62 62 66 62
62 64 30 62 30 30 62 62 62 62 62 62 62 62 62 62 62 62
62 62 62 62 62 61 62 65 62 62 65 62 62 63 40 30 62 40
62 62 62 61 62 62 62 62 62 62 62 62 62 62 62 62 62 62
62 62 62 62 62 61 62 62 66 62 50 62 62 62 62 62 62 63
62 62 62 62 40 62 62 62 62 62 62 62 62 30 62 62 62 62
62 62 62 62 63 62 62 62 62 66 30 62 10 62 62 62 62 62
62 62 62 62 62 62 62 30 62 61 62 62 62 62 62 65 62 62
62 62 62 62 62 62 62 62 62 62 62 62 62 62 62 62 62 62
62 62 62 62 62 62 62 62 62 62 62 62 64 62 62 62 30 62
62 62 62 62 62 40 62 62 62 62 62 30 62 40 62 50 62 62
62 62 30 62 62 65 62 62 64 62 65 63 62 62 62 62 62 62
62 62 62 62 62 62 65 62 62 65 62 62 62 62 62 62 62 62
62 62 62 30 62 40 62 62 62 62 62 62 62 63 62 63 62 62
62 62 62 62 62 62 62 62 66 62 62 62 62 62 62 64 62 62
62 62 62 62 62 30 62 62 62 30 62 62 62 62 62 62 63 62
62 62 62 62 62 40 62 62 62 62 62 62 62 62 62 65 62 61
62 62 62 62 62 62 62 62 62 10 62 62 62 62 62 62 62 62
62 62 62 62 62 62 62 62 40 62 65 62 62 62 62 62 62 62
62 62 62 62 62 62 62 50 62 62 62 62 62 62 30 62 62 62
62 62 62 62 62 65 62 62 62 65 62 62 62 62 50 62 62 62
62 64 64 62 62 62 62 62 62 62 62 10 62 62 62 64 10 62
62 62 62 62 62 62 64 62 62 65 62 62 62 62 40 62 62 62
62 62 64 62 62 61 50 40 62 65 62 30 62 62 62 62 62 62
62 62 62 62 62 63 62 62 66 62 62 62 62 62 62 62 62 40
62 62 62 62 62 30 62 62 62 62 62 62 62 62 62 62 62 62
62 62 20 30 62 62 65 62 62 62 65 62 62 62 65 62 62 62
62 63 63 62 62 61 30 62 62 64 62 63 63 62 62 65 62 62
62 62 62 62 62 30 62 62 62 62 66 64 30 62 62 62 62 62
62 62 30 62 62 62 62 62 62 62 62 62 62 62 40 62 62 62
62 62 62 62 62 62 62 62 63 62 62 62 62 40 62 62 62 62
62 62 62 62 62 30 62 62 62 62 62 62 62 62 62 62 62 62
62 62 64 62 62 61 62 62 62 62 62 65 62 62 62 62 62 62
62 64 30 62 62 62 62 62 62 62 62 61 62 62 62 62 62 62
62 62 62 62 62 62 30 62 62 62 62 62 40 62 62 63 62 62
62 62 62 62 62 62 62 62 62 62 30 62 62 62 62 62 40 62
62 62 62 62 62 62 62 62 62 62 62 62 10 62 62 62 30 62
62 62 62 62 62 30 61 62 62 62 62 30 62 62 62 62 62 62
62 62 62 30 40 40 62 62 62 62 62 62 62 62 62 62 50 62
62 62 62 62 62 62 62 62 62 64 62 62 62 63 30 62 30 61
62 62 62 62 62 62 63 62 62 62 10 62 62 62 62 62 62 62
62 62 63 62 62 63 62 62 62 62 50 62 62 62 62 62 50 40
62 62 62 62 62 30 62 62 62 66 62 62 62 62 62 62 62 62
62 62 62 62 62 61 62 62 62 62 62 62 62 62 20 30 30 62
62 62 63 30 62 30 62 40 62 62 62 62 62 62 62 62 50 62
62 62 40 65 62 62 62 63 40 62 62 62 62 62 62 62 62 62
62 62 62 62 40 62 62 62 62 62 62 62 62 62 62 62 62 62
62 62 30 62 40 61 62 62 65 62 62 65 62 62 62 62 62 62
62 62 20 61 62 63 62 62 62 50 65 62 62 62 62 62 62 62
62 62 62 62 63 62 62 30 62 62 62 62 62 62 62 62 62 50
62 62 62 62 40 62 62 62 62 66 62 62 62 62 65 62 62 62
62 62 62 62 62 62 62 62 62 62 62 62 63 62 62 62 62 62
62 64 30 62 62 62 62 62 62 62 62 62 62 62 62 62 50 65
62 62 62 62 62 62 62 62 62 62 62 62 62 62 62 65 62 62
62 62 63 62 62 62 62 65 62 62 62 62 62 61 65 62 65 61
62 62 62 62 62 62 62 62 62 62 62 62 62 50 62 40 62 62
62 62 62 62 62 30 62 62 64 62 62 63 30 62 62 62 62 62
62 62 62 62 62 62 62 63 30 62 61 62 62 62 62 62 62 62
62 62 62 62 62 62 62 50 62 62 62 62 61 65 50 62 62 62
62 62 62 62 62 61 62 50 62 62 62 63 40 62 62 62 62 62
62 62 62 62 62 62 62 62 62 66 62 62 62 62 62 62 62 62
62 62 63 62 64 40 62 65 62 62 62 62 62 62 62 62 62 62
62 62 62 62 61 62 62 62 62 62 62 62 62 62 62 62 62 62
62 62 63 62 62 62 62 62 65 62 62 62 62 62 62 62 62 62
62 62 62 62 62 62 62 62 62 62 50 65 62 62 50 62 62 62
64 62 62 62 62 40 62 62 62 30 64 61 62 63 65 62 62 62
62 62 61 62 63 62 62 62 62 62 62 62 62 62 62 62 62 62
62 62 62 62 62 62 66 62 62 62 63 66 63 65 62 62 64 62
62 62 62 62 40 62 62 62 62 50 62 62 62 62 62 62 62 62
62 62 62 62 61 62 62 62 62 62 62 64 62 62 62 62 65 63
62 62 61 62 62 62 62 62 62 62 62 62 62 62 62 65 62 62
62 62 62 62 40 64 62 62 62 62 62 61 62 62 62 62 62 62
62 62 62 62 20 40 62 62 62 62 62 62 62 62 62 62 62 62
62 62 62 62 62 62 50 62 62 63 62 62 63 62 62 50 62 62
62 62 62 62 62 61 62 62 10 62 62 62 62 62 62 62 62 62
62 62 62 62 62 62 62 62 62 62 62 62 62 62 62 62 62 62
62 62 62 62 62 40 62 62 62 62 62 62 62 30 62 62 65 62
62 62 30 62 63 62 62 62 62 62 62 62 62 62 65 62 62 62
62 62 62 62 62 62 63 61 62 62 30 62 65 62 62 30 62 62
62 62 30 62 62 62 62 62 62 62 62 62 62 62 62 62 62 62
62 62 62 62 62 62 50 62 62 62 62 62 40 62 62 62 62 50
62 62 61 62 62 61 62 62 62 62 62 62 62 62 62 62 62 62
62 62 62 62 62 62 62 62 62 62 62 62 62 62 62 62 30 62
62 40 61 62 62 62 62 62 62 62 65 62 62 62 62 62 62 62
62 62 62 62 62 62 30 63 62 30 62 30 62 62 62 62 62 10
62 62 62 62 62 62 62 62 62 62 62 65 65 62 62 62 65 62
62 62 62 62 62 62 62 62 62 62 62 62 62 62 62 62 65 63
62 62 62 62 62 62 62 62 62 20 62 50 62 62 62 61 62 62
62 62 64 62 62 62 62 62 62 62 62 10 62 62 62 62 62 62
62 62 62 62 40 62 62 62 62 62 62 62 62 65 62 62 62 62
62 63 62 62 62 40 62 62 66 62 62 62 62 62 63 62 62 65
62 62 62 62 62 62 62 62 62 50 62 62 62 62 62 62 62 62
62 62 62 62 62 62 62 62 62 62 66 62 62 62 62 62 62 62
62 62 63 62 62 62 62 62 62 62 62 62 62 50 50 62 62 62
62 62 62 62 62 62 62 62 62 62 62 62 62 62 62 62 62 62
62 62 62 62 62 61 50 62 62 62 62 62 62 62 30 62 62 62
62 62 62 30 62 40 62 62 62 62 30 62 62 40 63 50 62 62
62 62 62 62 40 63 62 62 62 62 10 62 62 62 30 62 30 40
62 62 62 62 62 62 62 62 62 62 62 62 62 62 62 62 62 62
62 62 30 62 62 61 62 62 65 62 62 62 62 62 62 61 62 66
62 62 62 62 62 30 62 62 62 62 62 62 30 62 30 62 62 10
62 62 62 40 61 62 62 65 62 62 62 62 62 66 62 62 62 62
62 62 63 62 62 62 62 62 62 62 62 62 30 62 40 62 62 62
62 62 62 62 62 30 62 62 62 62 62 62 62 62 62 62 62 62
62 62 62 64 62 63 62 62 62 62 62 62 62 62 62 62 62 62
62 62 62 62 62 61 62 62 62 62 61 62 62 62 62 62 62 62
62 62 62 30 62 62 62 62 62 40 62 62 30 62 63 62 62 62
62 62 62 62 62 30 40 62 62 62 62 62 62 62 62 62 62 62
62 62 62 62 62 40 62 62 63 62 62 62 62 62 62 62 62 62
35 62 64 62 62 62 62 62 62 62 62 62 65 62 62 40 62 62
62 62 62 62 62 30 62 62 62 63 62 62 65 10 62 62 62 66
62 62 62 61 62 62 65 62 30 62 61 62 62 62 62 50 50 62
62 62 62 62 40 63 62 62 62 62 62 62 62 62 62 62 62 62
62 62 62 62 62 40 62 62 62 63 62 61 62 62 62 62 62 62
62 62 62 62 62 62 62 62 62 62 62 62 10 62 10 62 62 62
62 62 62 62 63 62 62 62 62 62 65 62 62 30 62 62 62 62
62 62 62 62 62 40 62 62 62 62 62 62 30 62 62 62 62 62
62 62 62 62 65 62 30 62 62 40 62 62 62 62 62 65 62 62
62 62 62 62 62 63 62 62 62 65 62 62 62 62 62 62 62 62
62 62 30 62 30 62 62 62 62 62 62 62 65 62 62 30 62 40
62 62 40 65 62 62 62 65 62 62 10 62 62 62 40 62 63 66
62 62 62 62 62 62 62 62 62 62 62 62 65 62 62 62 62 62
62 62 62 62 62 62 62 62 62 62 62 40 62 62 62 62 62 50
62 62 62 62 40 40 62 62 62 65 62 65 62 62 62 62 62 62
62 62 62 62 62 62 62 62 62 62 62 20 62 50 62 62 62 62
62 62 62 62 62 61 40 62 62 62 62 62 50 40 62 62 62 62
62 62 63 62 62 30 62 62 62 62 62 62 62 50 62 62 62 65
62 62 62 62 62 40 62 62 30 62 62 62 62 62 62 62 62 62
62 62 62 62 62 62 30 62 62 62 62 62 62 62 62 66 62 20
62 62 62 62 62 40 62 62 66 65 62 62 50 62 62 62 62 62
62 62 62 62 61 62 62 62 50 64 62 62 10 62 62 65 62 62
62 62 62 62 62 62 62 61 50 62 62 62 62 62 62 62 62 62
62 62 63 63 62 62 62 62 62 62 62 65 62 62 62 62 62 62
62 62 62 62 62 62 62 62 62 62 20 63 62 62 62 62 64 62
62 62 62 62 62 61 62 62 62 62 62 64 62 62 62 62 63 62
62 62 62 62 62 62 62 62 63 62 62 62 62 62 62 62 62 10
62 62 62 62 62 30 62 62 62 62 62 62 62 62 50 62 62 65
62 62 61 62 30 62 40 62 62 65 62 62 10 20 30 20 61 62
62 62 62 62 62 61 62 62 65 62 62 62 62 62 62 62 62 62
62 62 62 62 30 62 62 62 62 62 62 62 62 62 62 62 50 62
62 62 62 62 30 62 64 62 62 30 62 62 62 62 62 30 62 30
62 62 62 62 62 62 62 62 65 62 62 62 62 62 62 62 62 62
62 62 62 62 62 65 62 62 62 62 10 62 62 62 62 62 62 62
62 62 30 62 62 62 62 62 40 62 61 50 62 62 62 62 65 62
62 62 62 62 62 40 62 50 62 62 62 62 62 62 62 62 62 62
62 62 64 62 62 62 62 62 62 62 62 66 50 62 62 63 62 62
62 62 62 62 62 62 62 62 63 62 62 62 62 66 62 62 62 62
62 62 62 62 62 62 62 62 62 62 62 62 62 62 62 62 62 50
62 62 62 62 62 62 62 64 62 62 62 62 62 40 62 62 62 62
62 62 62 62 62 40 62 62 62 62 62 50 62 62 62 62 62 62
62 62 63 62 62 40 62 62 62 62 62 62 66 62 62 62 62 62
62 62 62 62 62 62 62 62 62 62 62 50 62 62 62 30 62 62
62 64 30 62 62 62 62 62 62 62 62 62 62 62 62 62 62 62
62 62 30 62 62 30 62 62 62 62 62 62 62 62 62 30 30 62
62 62 63 62 62 62 62 62 62 62 62 62 65 62 62 62 50 62
62 62 40 61 62 65 62 62 62 50 50 62 62 62 62 62 64 30
62 62 62 62 30 62 30 62 62 62 62 62 62 62 62 62 62 62
62 62 62 62 62 20 61 62 62 62 62 62 62 62 62 62 62 40
62 62 62 62 62 30 30 65 30 62 40 62 62 62 65 62 62 62
62 62 62 62 30 62 10 62 62 30 62 40 62 62 62 62 62 62
62 62 62 62 40 30 62 65 62 62 62 62 62 62 62 62 62 62
62 62 30 62 63 62 62 62 62 62 62 65 62 62 62 62 62 62
62 62 62 62 61 40 62 65 62 62 62 62 62 62 62 62 50 62
62 62 62 62 64 62 62 62 62 62 62 62 62 62 62 62 62 62
62 62 62 62 62 61 62 62 66 62 62 62 62 62 62 62 62 50
62 62 62 62 62 62 62 62 62 62 63 62 50 62 62 62 62 62
62 62 62 62 61 65 65 62 40 62 62 62 62 62 62 62 66 61
62 62 62 62 62 20 61 62 62 62 62 62 62 62 62 62 63 62
62 62 61 62 62 62 62 62 62 62 62 62 62 62 61 62 62 62
62 62 62 62 62 62 66 62 62 62 62 62 62 62 62 63 62 62
62 62 62 64 62 10 62 62 62 62 62 62 62 62 62 62 64 62
62 62 62 62 62 62 62 62 62 62 62 62 62 62 62 62 62 62
62 62 62 62 62 30 62 62 30 62 30 62 63 62 62 62 61 62
62 62 64 62 62 30 62 62 62 50 62 62 62 62 62 62 62 62
62 62 62 62 61 62 62 62 62 62 62 62 62 62 62 65 62 62
62 62 62 62 62 62 62 62 50 62 62 62 63 62 62 62 62 62
62 62 62 62 62 62 62 62 62 50 62 62 62 62 62 62 62 62
62 62 63 62 62 62 62 62 62 62 62 50 62 62 62 62 62 62
62 62 62 62 30 63 62 62 62 62 62 62 65 62 62 62 66 62
62 62 20 61 62 62 62 62 62 62 40 62 62 62 40 62 62 62
62 62 62 63 30 62 62 62 62 50 62 62 62 62 50 65 62 62
62 62 62 62 62 62 62 65 62 62 66 62 62 62 62 62 62 62
62 62 62 62 61 62 62 62 64 62 62 62 62 62 62 62 62 62
62 62 62 62 30 63 62 62 62 62 65 62 62 62 62 62 62 62
62 62 62 62 62 62 62 62 65 62 62 62 62 66 62 62 50 62
62 62 62 62 62 62 62 62 65 62 62 62 62 62 62 62 30 62
62 62 63 30 30 62 62 62 61 66 62 62 62 62 62 62 64 40
62 62 62 62 61 40 62 20 62 64 62 62 62 62 62 62 62 62
62 62 62 62 65 62 62 63 62 62 62 62 65 62 62 62 62 62
62 62 62 62 62 62 62 62 62 62 62 30 62 30 62 62 62 62
62 62 62 62 62 20 61 62 62 62 62 62 63 62 62 62 62 30
62 62 40 61 62 62 61 62 62 62 62 10 61 62 61 62 62 40
62 62 62 62 62 62 62 62 62 62 62 62 62 62 62 62 62 62
62 30 62 62 62 10 62 62 62 62 62 62 62 62 66 62 62 50
62 62 62 62 62 63 50 62 62 62 62 62 61 62 63 63 40 10
62 62 63 62 40 30 62 62 62 62 62 62 62 62 62 20 62 62
62 62 62 62 62 62 63 62 62 30 62 62 65 62 62 62 66 62
62 62 62 62 62 63 62 62 62 62 62 65 62 62 62 62 62 62
62 62 62 62 62 40 62 62 63 62 62 62 62 62 62 62 62 62
62 62 62 62 62 62 62 62 62 50 62 62 62 63 62 62 62 62
62 62 62 30 62 30 62 50 62 62 62 62 62 62 62 62 62 62
62 62 62 62 62 62 62 62 62 62 62 62 64 62 62 62 62 62
62 62 62 62 62 40 62 62 66 62 63 10 62 62 62 62 62 62
62 62 62 62 62 62 62 62 62 62 62 65 64 62 62 62 62 62
62 62 62 62 62 61 62 40 62 66 62 62 62 62 40 62 61 62
62 62 62 62 62 62 62 62 66 62 62 62 62 62 62 62 62 62
62 62 62 62 62 62 62 62 62 62 62 62 62 62 62 62 62 62
62 62 62 62 62 62 62 62 62 62 62 62 62 62 62 62 62 62
62 62 62 62 62 62 62 62 62 62 50 62 62 62 62 62 66 62
62 62 62 40 40 62 62 62 62 62 62 62 62 62 62 62 62 62
62 62 62 62 62 62 62 62 62 62 62 62 62 62 30 62 40 62
62 62 62 62 40 62 62 65 62 62 62 62 64 62 64 50 62 62
62 62 62 62 62 62 62 62 62 62 62 62 62 62 62 62 62 62
62 62 62 62 30 30 62 63 62 62 62 62 62 62 62 62 62 62
62 62 61 62 62 62 62 62 62 50 62 62 62 62 66 30 62 65
62 62 63 62 62 62 62 62 62 62 62 62 62 61 62 65 62 62
62 62 62 62 62 62 62 61 63 62 62 62 62 62 62 62 62 62
62 62 62 63 62 62 62 62 62 62 62 62 62 62 62 62 30 62
62 62 62 62 62 62 62 62 62 50 62 62 62 50 50 62 62 62
62 62 62 62 62 62 62 62 62 62 62 62 62 62 61 62 62 62
62 62 62 62 62 62 62 62 40 62 63 62 62 62 50 62 62 62
62 62 62 62 62 40 62 62 62 62 62 62 20 66 64 62 62 62
62 62 63 62 62 62 62 62 62 62 62 62 65 62 62 62 65 62
62 62 62 30 62 63 62 62 62 62 62 62 62 10 62 62 10 30
62 62 62 62 62 30 62 62 50 62 62 62 62 62 66 62 30 62
62 62 63 62 30 62 62 62 62 62 62 62 62 62 62 62 62 62
62 62 62 62 62 65 61 62 30 62 62 62 62 62 62 30 30 62
62 62 62 62 63 62 62 62 62 62 62 63 62 62 62 62 62 62
62 62 30 62 30 62 62 62 62 62 62 62 62 66 62 62 62 62
62 62 62 62 62 40 62 62 62 62 62 62 62 62 30 62 62 62
62 62 62 62 63 62 62 62 62 64 62 62 62 66 62 62 62 62
62 62 62 62 62 62 62 62 20 62 62 62 62 62 62 62 62 62
62 62 62 62 40 62 62 62 62 62 62 62 62 62 62 62 62 62
62 62 62 62 62 62 62 62 62 62 62 62 62 10 62 62 62 62
62 64 62 62 40 30 62 61 62 62 62 62 62 62 62 62 62 62
62 62 62 62 61 62 30 62 63 62 62 62 62 62 62 64 62 62
62 62 62 30 62 62 62 62 62 62 62 62 50 50 62 62 62 10
62 62 62 62 62 62 62 62 62 61 62 62 62 66 62 62 63 62
62 62 62 62 62 62 62 62 63 62 62 62 62 62 65 62 62 62
62 62 30 62 62 50 10 62 66 62 63 62 62 62 62 62 62 62
62 62 62 62 62 40 62 62 62 62 65 62 62 62 62 62 62 62
62 62 62 62 62 62 62 62 62 62 62 62 62 62 62 62 62 62
62 62 62 30 62 62 62 62 62 62 62 62 62 62 62 62 62 62
62 62 63 62 10 61 62 66 62 62 62 30 62 62 62 62 62 62
62 62 62 62 62 62 62 62 62 62 62 62 62 63 62 50 62 62
62 62 62 62 40 62 62 62 62 62 62 62 66 62 50 62 62 62
62 62 62 62 62 30 40 62 30 62 62 61 62 62 62 62 62 62
62 62 62 62 62 62 62 63 50 62 62 62 62 62 62 62 62 62
62 62 62 62 62 61 62 62 62 62 62 62 62 62 62 62 62 62
62 62 62 62 62 62 62 62 62 62 62 62 62 62 62 62 62 62
62 62 62 62 62 62 30 62 62 62 65 62 62 62 65 62 62 62
62 62 62 62 30 62 61 62 62 62 65 62 62 62 62 62 62 50
62 62 61 62 40 62 62 64 62 62 62 62 62 62 62 62 62 62
62 62 62 62 62 30 62 62 62 62 62 62 62 62 62 62 62 62
62 62 62 64 61 62 62 62 62 62 62 62 62 62 10 62 62 62
62 62 62 62 62 62 62 62 62 62 62 62 50 62 62 62 62 62
62 62 62 62 62 62 66 61 62 62 62 62 62 62 62 62 62 62
62 62 62 62 61 61 62 62 62 62 62 30 62 62 62 62 62 65
62 62 63 62 65 62 62 62 62 50 62 62 62 65 62 62 62 62
62 62 62 62 30 62 62 62 65 62 62 62 62 50 62 30 62 62
62 62 62 62 62 62 62 62 65 62 62 62 62 62 62 62 62 62
62 62 62 62 62 62 40 62 30 62 61 62 65 62 62 62 62 62
62 62 64 62 62 40 62 30 62 62 62 62 66 62 62 62 62 62
62 62 62 62 62 61 62 62 62 62 62 62 62 62 61 66 62 62
62 62 30 62 61 62 62 62 40 62 62 63 62 62 62 62 62 62
62 62 61 62 62 62 62 62 65 62 61 62 62 63 62 62 62 62
62 62 62 62 62 62 62 62 62 50 10 62 50 62 62 62 62 66
62 62 62 62 62 62 62 30 62 62 61 62 62 62 62 62 62 62
62 62 63 62 62 62 62 62 30 62 62 62 62 62 62 62 62 62
62 62 62 62 62 62 62 62 62 62 62 62 50 62 62 62 65 62
62 62 20 61 62 62 62 65 62 62 62 63 62 62 62 62 62 62
62 62 62 62 62 62 62 62 62 66 62 62 62 65 62 62 62 62
62 62 62 62 62 62 62 62 62 62 62 63 62 20 50 50 62 62
62 62 62 62 62 62 62 62 62 62 62 62 62 62 63 62 62 65
62 62 20 30 62 62 62 62 62 62 62 63 62 62 62 62 30 62
62 62 62 62 61 40 62 62 62 65 62 62 62 62 62 62 62 62
62 62 62 62 30 62 62 62 62 40 62 62 63 62 62 62 30 30
62 62 62 62 62 62 62 61 62 62 62 62 62 62 62 62 62 63
62 63 62 62 62 40 63 62 62 62 62 62 62 62 62 62 62 63
62 62 62 30 62 62 62 62 62 62 65 62 62 62 62 62 62 62
62 62 62 62 62 62 40 62 62 62 50 62 62 62 62 62 50 62
62 62 63 20 61 62 30 62 63 62 62 62 62 62 30 62 62 62
62 62 64 61 30 30 65 62 62 62 62 62 62 62 62 62 62 62
62 62 62 62 62 61 63 62 62 64 65 62 62 62 64 62 63 62
62 62 62 62 62 62 40 61 62 62 66 62 62 62 62 62 62 65
62 62 62 62 40 63 62 62 65 62 62 62 62 62 63 50 62 62
62 62 62 62 62 62 62 62 64 62 62 62 62 62 62 62 62 62
62 62 62 62 62 62 62 62 65 62 62 62 62 62 62 62 62 62
62 62 62 62 61 62 62 62 65 62 62 62 62 62 65 62 62 20
62 62 62 62 62 62 65 62 62 10 63 62 62 62 62 64 61 62
62 62 64 62 62 62 62 62 63 62 62 62 62 62 62 62 62 61
62 62 63 62 30 62 62 62 40 61 62 62 62 62 50 62 62 62
62 62 62 62 62 62 62 62 62 65 62 62 62 62 30 62 62 62
62 62 62 62 62 30 30 62 10 62 50 62 62 10 62 62 62 62
62 62 62 30 62 62 62 10 62 62 65 62 62 62 62 62 62 62
62 62 63 64 62 30 62 62 62 62 62 62 62 62 62 62 62 62
62 62 62 62 62 30 62 62 62 62 62 62 62 30 62 30 40 62
62 62 61 62 62 62 62 62 62 66 62 62 62 62 62 62 30 62
62 62 62 62 62 62 50 65 62 62 62 62 62 62 62 62 62 64
62 62 62 62 62 62 62 62 62 62 62 62 62 62 62 62 62 65
62 62 62 62 62 62 61 62 62 30 62 62 62 62 62 62 62 62
62 62 62 62 62 40 62 64 62 62 62 62 63 62 62 62 62 62
62 62 62 64 62 20 61 62 62 62 62 62 40 62 62 62 62 62
62 62 62 62 62 62 62 62 62 62 62 62 62 66 62 62 62 62
62 62 62 62 62 40 62 62 62 62 62 65 62 62 63 62 62 62
62 62 30 62 62 62 62 62 30 62 62 62 30 62 30 62 61 62
62 62 62 62 62 40 65 62 62 62 62 62 62 62 62 62 65 62
62 62 62 62 62 63 62 62 62 62 62 62 62 62 62 62 62 62
62 62 61 62 62 61 62 62 62 62 30 62 61 62 62 62 62 10
62 62 62 62 62 61 62 62 62 62 62 62 62 62 62 62 62 62
62 62 62 62 30 62 62 62 62 30 62 62 62 62 62 62 62 62
62 62 62 62 62 62 62 62 62 62 62 62 62 62 10 62 62 62
62 62 62 62 62 65 62 62 62 62 62 62 66 62 62 30 62 30
62 62 62 30 62 40 63 62 62 61 62 62 62 62 62 65 62 62
62 62 62 62 62 40 62 62 62 62 63 62 62 66 63 66 62 61
62 62 62 62 62 62 62 62 62 62 50 62 62 62 62 62 62 65
62 62 62 62 62 30 62 62 62 62 62 62 62 62 62 62 62 62
62 62 62 62 62 40 65 62 62 62 62 30 62 61 62 62 62 50
62 62 62 62 62 40 62 62 62 62 62 62 62 30 30 62 62 62
62 62 62 62 62 62 62 62 62 50 62 62 50 62 62 61 62 62
62 62 62 62 62 62 62 62 62 62 62 62 62 62 62 62 62 62
62 62 62 62 62 62 62 62 10 62 62 62 62 62 62 62 62 62
62 62 62 62 64 62 62 62 62 62 62 62 62 62 62 40 62 62
62 62 62 62 63 62 62 62 62 40 62 62 62 66 62 62 62 62
62 62 64 62 62 62 62 62 62 62 62 62 62 62 62 62 62 62
62 62 62 62 62 63 63 10 62 62 62 62 62 62 62 62 62 50
62 62 62 62 62 40 62 62 30 62 30 62 62 62 62 62 62 20
62 62 62 62 62 62 62 62 62 62 62 62 62 62 62 30 62 62
62 62 62 62 62 62 62 50 62 62 62 62 62 62 62 62 62 62
62 62 64 30 30 62 62 65 62 62 62 62 62 65 64 63 62 65
62 62 62 62 30 62 62 62 65 61 61 62 50 62 62 65 62 62
62 62 62 62 62 30 62 62 62 62 63 50 62 62 62 62 62 62
62 62 40 30 62 62 62 62 62 62 30 62 62 62 65 62 62 62
62 62 62 62 62 62 62 62 62 62 62 61 62 62 62 62 62 62
62 62 62 63 62 62 62 62 62 62 62 62 62 62 62 62 62 62
62 62 30 62 30 62 62 62 62 62 62 62 62 62 62 62 62 62
62 63 62 40 30 30 62 62 62 62 62 62 62 63 62 62 62 62
62 62 64 62 62 62 62 63 62 62 62 62 62 62 50 63 62 62
62 62 62 30 62 20 30 61 62 62 62 62 62 62 62 10 62 62
62 62 62 62 61 62 66 63 62 10 62 62 40 62 62 30 30 62
62 64 30 62 63 62 62 61 62 62 62 62 62 62 65 62 62 62
62 62 62 62 62 62 62 62 62 62 62 62 62 62 62 62 62 62
62 62 62 62 62 62 62 62 62 62 62 62 62 63 62 62 62 62
62 62 62 62 62 62 65 62 62 62 62 62 62 62 62 62 62 62
62 62 62 62 62 62 62 62 62 50 62 40 62 62 62 62 62 62
62 62 62 30 62 30 62 62 62 30 62 62 62 62 62 62 62 62
62 62 62 62 62 62 62 62 62 30 62 62 62 40 62 62 62 62
62 62 62 62 62 62 62 62 62 62 62 62 62 62 62 62 63 62
62 62 62 62 62 62 62 65 62 62 62 66 20 62 62 62 62 62
62 62 63 62 61 62 62 62 65 62 62 62 62 63 62 30 62 62
62 62 62 62 62 62 62 62 62 62 62 62 62 66 62 62 62 62
62 62 62 63 62 62 62 62 62 62 62 63 65 62 62 63 62 62
62 62 62 63 62 62 62 62 62 62 62 62 62 62 62 62 62 62
62 64 62 62 62 62 62 66 62 62 62 62 62 62 62 62 62 62
62 62 62 62 62 62 62 62 62 62 62 62 62 62 62 62 20 62
62 62 62 62 30 62 63 62 62 62 62 63 66 62 62 62 62 62
62 62 62 62 62 40 65 62 62 62 62 62 62 62 62 62 62 62
62 62 30 62 30 62 65 62 62 62 62 62 62 62 62 62 62 62
62 62 62 63 62 62 62 62 40 40 62 62 62 30 62 63 62 62
62 62 62 62 62 62 62 62 63 62 62 62 62 62 62 62 62 62
62 62 64 62 62 62 50 10 62 30 62 62 62 62 62 62 62 62
62 62 62 62 62 62 10 62 62 62 50 50 62 62 62 50 62 62
62 62 64 62 62 62 62 62 62 62 62 65 62 63 62 62 62 50
62 62 62 63 62 62 62 62 62 62 62 62 62 62 65 30 62 64
62 62 64 62 62 62 30 62 62 65 62 62 66 63 62 64 62 62
62 62 62 62 30 62 62 62 65 62 62 62 62 62 62 62 62 62
62 62 62 62 62 30 40 30 62 62 62 62 62 62 62 64 61 62
62 62 62 62 62 61 62 62 62 62 62 62 62 62 62 62 62 62
62 62 62 62 62 65 62 62 62 62 62 62 62 62 62 62 62 62
62 62 63 64 62 62 62 62 62 62 62 62 62 62 62 62 62 62
62 62 62 63 64 20 61 62 62 62 62 62 62 62 62 62 62 62
62 62 62 62 62 62 62 62 62 62 62 62 62 62 62 62 62 40
62 62 62 62 62 40 62 61 62 63 62 62 10 62 62 62 62 62
62 62 62 62 62 63 62 62 62 62 62 62 62 62 62 62 62 62
62 62 62 62 62 40 62 62 62 62 62 62 62 62 62 62 10 62
62 62 62 62 62 62 62 62 63 65 62 62 62 66 62 62 62 62
62 62 62 62 62 62 62 62 62 50 62 62 62 62 62 62 62 50
62 63 63 62 62 62 62 62 62 65 62 62 62 62 62 62 66 30
62 62 62 61 63 64 40 62 62 62 66 63 62 62 62 62 62 62
62 62 62 62 62 62 61 62 62 62 62 62 62 62 62 62 62 62
62 62 62 62 62 30 62 62 62 30 62 62 62 50 62 62 62 10
62 62 62 62 62 30 62 62 62 66 62 62 62 62 62 62 62 62
62 62 62 62 62 61 64 62 62 62 65 62 62 30 62 62 62 62
62 62 62 62 63 62 62 62 40 64 65 62 50 62 30 62 62 30
62 62 30 62 40 62 62 62 62 62 62 61 62 62 62 62 62 62
62 62 64 62 62 62 30 62 62 62 62 62 62 62 62 62 62 30
62 62 62 62 62 62 62 62 40 62 62 62 62 62 50 62 62 62
62 62 62 62 62 62 62 66 62 62 62 62 62 62 62 62 62 62
62 62 62 62 62 62 62 66 62 63 50 40 62 62 62 62 62 62
62 62 62 62 62 62 62 30 62 62 62 66 30 20 61 10 62 62
62 62 62 62 62 30 40 62 62 62 62 30 62 62 62 62 62 62
62 62 62 62 62 61 10 62 62 30 62 62 65 62 62 62 62 62
62 62 62 62 62 40 62 62 62 30 62 62 62 62 62 62 63 62
62 62 62 62 63 62 62 62 66 62 62 62 62 62 65 62 62 62
62 62 62 62 62 62 62 62 62 62 62 62 62 62 62 62 65 62
62 62 62 62 62 62 62 62 62 62 62 50 62 62 62 62 62 62
62 62 62 62 62 62 62 62 62 65 62 62 62 20 62 62 62 62
62 62 62 62 63 64 30 62 62 62 62 62 62 62 62 62 30 62
64 62 62 62 62 62 62 62 62 62 62 62 62 62 62 62 62 62
62 62 62 62 62 62 62 62 62 62 62 30 62 62 62 62 62 62
62 62 62 62 30 62 62 62 62 62 62 62 50 50 62 62 62 65
62 62 65 62 62 62 65 40 62 62 62 62 62 62 62 62 62 30
62 62 62 62 40 62 62 62 62 62 62 62 62 66 62 65 62 62
62 62 62 62 62 62 62 30 62 62 62 62 62 30 62 40 62 62
62 40 40 62 62 62 62 62 62 62 30 62 62 62 62 62 62 62
62 62 62 62 62 62 62 62 62 62 62 62 62 64 62 61 62 10
62 62 62 62 62 62 62 62 62 62 62 62 62 62 62 62 63 62
62 62 62 62 62 62 64 62 62 62 62 62 62 62 62 65 62 62
62 62 62 62 62 62 62 62 64 62 50 62 62 62 62 62 62 62
62 62 40 61 62 62 62 62 62 65 62 62 61 62 62 62 62 62
62 62 62 62 62 62 62 62 62 62 62 62 62 62 62 62 62 65
62 62 62 63 30 62 62 62 62 62 62 62 62 62 62 62 62 62
62 62 62 62 62 62 62 62 62 62 62 62 62 62 62 62 62 62
62 62 30 62 62 40 62 30 62 62 62 62 62 62 62 62 62 62
62 62 62 62 61 65 62 62 62 62 62 65 62 62 62 62 62 62
62 62 62 62 62 62 62 62 62 65 30 62 62 61 62 62 62 62
62 62 62 62 61 62 62 62 62 62 62 62 62 62 62 62 62 62
62 62 62 62 62 62 30 62 62 62 62 62 62 62 62 62 30 62
62 62 62 62 62 62 40 62 62 62 62 63 65 62 62 62 62 62
62 62 61 62 62 40 65 62 62 62 62 62 62 62 62 62 62 62
62 62 62 62 62 62 64 62 62 62 62 62 62 62 65 62 62 62
62 62 62 62 63 40 30 62 62 62 62 62 62 63 30 62 62 62
62 62 62 62 63 62 62 66 62 62 62 62 62 66 66 62 62 62
62 62 62 62 62 62 50 62 62 62 62 62 62 62 50 10 65 62
62 63 62 63 62 40 62 62 62 62 63 50 62 62 62 62 61 62
62 62 62 63 62 63 62 62 62 62 62 62 62 62 62 62 62 62
62 62 62 62 62 61 62 62 62 62 62 50 62 10 66 62 62 62
62 62 62 62 61 30 40 62 40 62 62 62 62 62 63 62 62 61
62 62 62 62 62 62 62 62 62 66 62 62 62 62 62 62 62 62
62 62 62 62 62 62 62 62 62 62 62 62 62 62 62 62 62 62
62 62 62 62 62 30 62 62 62 62 61 62 62 62 62 62 62 62
62 62 62 62 62 62 62 65 62 62 62 62 62 62 40 65 62 62
62 62 64 62 62 63 62 62 10 62 62 62 62 30 62 62 62 62
62 62 63 30 63 62 62 62 30 62 62 62 62 62 62 62 62 50
62 62 62 62 62 62 62 62 62 62 62 62 62 62 62 62 62 62
62 62 62 62 40 64 62 62 62 62 62 62 62 62 62 62 62 62
62 62 62 62 62 30 62 62 62 62 62 62 62 62 62 62 62 62
62 62 62 62 40 62 62 62 62 62 65 62 62 62 66 61 40 62
62 62 62 62 62 62 62 62 62 62 62 65 62 62 62 62 62 62
62 64 62 30 62 62 62 62 62 62 65 62 66 50 62 62 62 62
62 62 62 40 61 62 62 62 62 62 62 62 62 61 62 62 62 62
62 62 62 62 62 30 62 62 62 50 62 62 62 65 62 62 62 62
62 62 62 61 61 62 62 62 62 62 40 62 62 62 62 50 62 62
62 62 62 62 62 62 30 62 30 62 62 62 62 62 62 62 10 62
62 62 62 62 30 10 30 62 61 62 64 62 62 62 62 62 62 62
62 62 62 62 62 62 62 62 62 62 62 62 62 62 62 62 62 62
62 62 62 63 62 62 62 62 62 62 62 62 62 62 62 62 62 62
62 62 62 62 62 40 65 62 62 30 62 64 62 66 62 62 63 63
62 62 62 62 62 30 62 62 62 62 62 62 62 62 62 62 62 62
62 62 62 64 62 62 62 62 62 62 62 62 62 62 62 62 62 62
62 62 62 62 62 62 62 62 66 62 62 62 62 66 30 62 62 62
62 62 62 62 62 62 62 62 65 62 65 62 62 62 64 62 62 62
62 62 62 62 65 62 62 62 62 50 62 62 62 62 65 62 62 40
62 62 62 62 62 62 62 62 62 62 62 62 65 62 62 62 62 62
62 62 62 62 62 62 62 62 62 62 62 62 62 62 62 62 50 62
62 62 62 62 30 62 62 62 62 62 62 62 65 62 62 62 62 63
62 62 62 62 62 40 62 62 61 62 62 62 65 62 62 62 62 62
62 62 62 62 62 63 62 62 62 62 62 62 62 62 62 62 63 62
62 62 62 62 62 62 62 62 62 62 62 50 62 62 62 50 65 62
62 62 30 62 62 30 65 62 62 62 62 62 40 62 62 62 62 62
62 62 62 62 62 40 62 62 50 10 62 62 62 62 62 10 62 40
62 62 62 62 65 62 62 62 62 30 62 63 62 62 62 62 62 62
62 62 62 62 62 62 62 63 62 62 62 62 62 62 62 62 62 62
62 62 63 62 30 62 63 62 62 62 62 62 62 62 62 62 64 62
62 62 62 62 62 62 62 64 62 62 62 62 62 62 62 62 62 62
62 62 62 62 62 62 62 62 62 62 62 62 62 20 62 66 62 62
62 62 62 62 62 62 62 62 62 62 62 62 62 62 62 62 62 62
62 62 62 62 62 62 62 62 62 50 62 62 62 62 62 62 65 62
62 62 62 62 62 62 62 62 62 62 62 62 62 62 62 62 62 62
62 62 62 62 62 62 62 62 62 62 62 62 62 62 62 62 40 62
62 62 62 62 62 62 62 62 61 62 30 62 62 62 62 62 62 62
62 62 62 62 62 62 62 30 62 62 62 62 62 62 62 62 62 62
62 62 62 63 62 62 20 61 62 62 63 62 62 62 62 10 62 62
62 62 62 62 63 65 62 50 62 62 62 62 65 62 62 62 62 62
62 62 62 62 62 62 62 62 62 62 62 10 62 62 62 62 62 62
62 62 62 62 62 62 62 62 61 61 62 62 62 62 65 62 62 62
62 62 62 62 62 62 62 62 62 62 62 62 62 62 62 62 65 62
62 62 63 62 62 62 62 62 62 62 62 62 62 62 62 62 62 65
62 62 30 62 62 62 62 62 62 62 62 50 62 62 62 65 65 62
62 62 30 62 62 62 63 62 62 62 62 62 65 62 62 62 64 62
62 62 62 62 62 61 40 62 62 62 62 62 65 62 62 62 62 62
62 62 62 63 64 30 40 62 62 62 62 62 62 62 62 62 62 62
62 62 62 65 40 61 62 30 62 62 62 62 62 62 10 62 65 62
62 62 62 30 30 30 63 62 65 62 62 62 62 61 10 62 62 30
62 62 62 63 62 62 62 62 62 62 62 62 62 62 62 62 62 62
62 62 62 62 62 62 62 62 62 62 62 62 62 62 65 62 62 62
62 62 62 62 62 62 62 62 63 61 62 62 62 62 62 62 62 62
62 62 62 62 40 40 62 20 62 62 62 64 62 62 62 62 62 62
62 62 62 61 62 62 62 62 66 62 62 62 62 62 62 62 62 62
62 62 62 62 62 62 62 62 62 62 62 30 62 62 62 62 62 62
62 62 62 62 62 62 62 64 30 62 62 20 65 62 62 62 62 62
62 62 63 62 63 30 62 40 62 62 62 62 10 62 62 62 62 62
62 62 30 62 62 62 62 62 65 62 62 62 62 62 62 62 62 62
62 62 62 62 62 62 62 62 62 65 62 62 62 30 62 62 62 62
62 62 62 62 30 62 62 62 66 62 62 62 62 62 62 62 62 62
62 62 62 62 62 64 30 62 62 50 65 62 62 62 62 62 62 62
62 62 62 62 62 61 62 62 62 62 62 62 62 66 62 62 62 62
62 62 62 62 64 62 62 62 62 62 65 62 62 62 62 64 62 40
62 62 62 62 62 62 62 62 62 62 62 62 62 62 40 62 62 62
62 62 62 62 62 30 65 40 62 62 40 62 62 62 62 62 62 62
62 62 62 62 62 62 62 62 62 62 62 10 62 62 62 62 66 62
62 62 62 62 62 62 62 62 62 62 30 62 62 62 62 10 62 66
62 62 62 62 62 62 62 62 62 62 62 62 62 66 62 62 65 62
62 62 63 62 62 62 40 62 62 62 62 62 66 62 62 62 62 62
62 62 62 62 61 62 62 65 62 62 62 50 62 62 62 62 62 62
63 62 62 62 64 30 62 62 62 62 63 62 62 62 62 62 62 30
62 62 62 62 62 62 62 62 62 65 62 62 62 62 62 62 62 62
62 62 62 30 62 63 62 62 62 62 62 62 62 62 62 20 62 62
62 62 62 62 62 40 62 62 62 62 62 62 62 62 10 62 62 62
62 62 62 62 62 62 62 62 62 62 62 65 62 62 62 62 62 62
62 62 62 62 62 62 62 62 62 62 62 62 62 30 62 40 62 62
62 62 62 62 62 40 62 62 62 62 62 62 63 62 62 62 62 62
62 62 62 63 62 63 62 62 62 62 65 62 62 62 65 65 62 62
62 62 62 62 62 62 62 62 62 62 40 62 62 62 62 62 66 62
62 62 62 62 62 63 10 62 50 62 62 62 40 62 62 62 62 62
62 62 62 62 65 62 62 62 30 62 62 62 62 62 62 62 50 62
62 62 62 62 62 62 62 62 62 62 62 66 62 62 50 62 62 62
62 62 62 62 30 61 62 62 62 62 62 62 62 62 62 62 62 62
62 62 63 61 62 61 62 62 61 66 62 62 62 62 62 65 62 64
62 62 62 62 62 62 62 62 62 62 62 62 62 50 62 62 62 62
62 62 62 62 30 62 65 62 62 62 62 62 62 62 62 62 62 62
62 62 40 61 62 62 20 30 30 62 62 62 62 62 62 62 62 62
62 62 62 62 62 62 62 30 62 40 62 65 62 62 62 62 62 62
62 62 62 62 62 62 62 65 62 62 62 62 62 62 62 62 62 62
62 62 62 62 62 62 62 62 62 62 62 62 62 62 62 62 62 62
62 62 63 62 40 62 62 62 62 62 62 62 62 62 62 62 62 62
62 62 30 62 61 64 62 62 62 62 62 62 62 30 62 62 62 50
62 62 62 62 62 62 62 62 62 62 62 62 62 62 62 62 62 62
62 62 62 62 30 62 62 62 62 62 65 62 62 62 62 62 62 50
62 62 62 62 20 61 62 62 63 62 62 62 62 62 62 62 30 62
62 62 62 62 62 62 62 62 30 62 62 62 10 62 62 62 62 62
62 62 62 62 62 62 62 62 62 62 62 62 62 62 62 62 30 62
62 62 61 62 62 61 62 62 66 62 62 62 61 62 62 50 62 62
62 64 62 62 30 62 62 62 62 65 62 62 65 62 62 62 62 62
62 62 62 62 64 65 62 64 62 66 62 65 62 62 62 62 40 62
62 62 62 62 62 65 62 64 61 62 62 66 62 62 62 62 62 62
62 62 62 62 62 30 63 62 62 62 62 62 62 62 62 62 62 62
62 62 62 62 62 40 20 61 62 62 62 62 62 62 62 62 62 66
62 62 62 62 62 62 63 62 62 62 62 62 64 62 62 62 62 62
62 62 62 62 30 40 62 61 62 62 62 62 62 62 62 62 10 62
62 62 62 62 62 40 62 62 62 62 62 62 62 62 30 62 62 62
62 62 62 62 61 62 62 62 62 62 62 40 62 62 62 62 62 62
62 62 62 62 62 62 30 62 30 62 62 64 50 10 62 62 62 62
62 62 30 62 62 62 62 62 62 62 62 62 62 62 62 65 62 62
62 62 65 62 61 63 62 62 62 62 62 62 62 62 10 61 62 40
62 62 62 62 62 62 62 62 65 62 62 62 62 63 62 62 62 62
62 40 62 62 62 62 62 65 62 62 10 62 62 62 62 62 62 62
62 62 62 62 62 62 62 62 62 62 62 65 62 62 62 66 62 62
62 62 62 62 62 30 62 62 62 63 62 62 65 62 62 62 62 62
62 62 62 62 62 40 62 40 62 62 62 62 65 62 62 64 62 62
62 62 62 62 40 61 62 62 62 62 63 62 62 62 62 65 62 62
62 62 62 30 62 62 62 62 30 62 20 61 62 62 50 62 62 62
62 62 62 62 62 62 62 62 62 62 62 62 62 20 50 62 62 62
62 62 62 62 62 40 63 20 62 62 62 62 62 62 62 62 66 50
62 62 62 62 62 62 62 62 62 62 62 62 62 62 62 30 62 40
62 62 62 62 30 62 62 62 62 30 62 62 62 62 62 66 62 62
62 62 62 62 62 62 62 62 62 62 62 62 62 62 62 62 62 62
62 62 62 62 62 62 62 62 65 62 62 63 62 62 62 62 62 62
62 62 62 62 40 40 62 62 62 65 62 62 62 62 62 62 62 65
62 62 62 62 62 62 62 62 62 62 62 62 50 62 62 50 50 62
62 62 62 62 62 62 62 62 62 62 62 65 62 62 62 62 62 62
62 62 62 40 30 62 62 62 63 62 61 62 62 62 62 50 62 62
62 62 61 62 62 62 62 62 62 62 62 62 62 62 66 62 62 62
62 62 62 62 62 62 63 50 62 62 62 62 62 62 62 62 62 62
62 62 62 62 62 63 62 62 62 50 62 62 62 50 62 62 62 30
62 62 62 62 62 40 10 62 62 62 66 62 62 62 62 62 40 62
62 62 62 62 62 62 62 63 61 63 63 62 62 62 62 62 50 50
62 62 62 62 62 62 62 62 62 62 62 62 62 62 62 62 40 62
62 62 62 62 62 40 62 62 62 62 62 62 62 62 62 62 62 62
62 62 62 62 62 62 62 62 62 64 40 62 62 62 62 62 62 66
62 62 62 62 62 62 62 62 62 62 62 62 62 62 62 61 62 62
62 62 62 62 62 62 62 50 62 65 62 40 62 50 10 50 65 62
62 62 62 62 62 62 62 66 62 62 62 62 10 62 62 62 62 50
62 62 62 62 62 63 63 62 62 50 62 62 62 62 62 62 62 62
62 62 62 62 40 61 62 62 62 62 62 62 62 66 62 62 62 62
62 62 62 62 62 62 40 62 62 62 62 63 62 62 65 62 62 62
62 62 62 62 62 30 62 62 65 62 62 62 50 65 62 62 62 62
62 62 30 62 62 61 62 62 62 62 62 62 62 62 62 62 65 62
62 62 65 62 62 61 61 62 63 62 62 62 62 62 62 62 62 62
62 62 62 62 62 20 30 62 62 62 62 62 62 62 62 62 62 62
62 62 62 62 62 62 62 62 62 62 62 62 62 62 62 62 62 62
62 62 62 62 62 62 62 62 62 62 63 62 62 62 62 62 62 62
62 62 62 62 62 62 62 62 62 62 62 62 62 62 65 62 62 62
62 62 62 62 62 62 62 62 10 10 62 66 62 62 62 62 62 62
62 62 62 62 62 62 63 62 63 62 62 62 62 62 62 62 62 62
62 62 62 62 61 61 62 62 62 66 62 62 62 62 62 62 66 62
62 62 62 62 30 30 62 62 62 62 65 62 62 62 62 62 62 62
62 62 62 62 62 63 62 50 62 62 62 62 62 62 62 62 62 62
62 62 62 63 62 62 62 62 62 62 30 30 62 62 62 64 66 62
62 62 62 62 62 62 62 62 62 62 62 62 62 62 62 62 62 62
62 62 62 62 62 63 62 62 62 62 62 62 62 62 62 62 62 62
62 62 62 62 62 62 62 62 65 62 62 62 62 62 50 62 62 62
62 62 62 62 62 63 62 62 62 62 62 62 62 62 40 63 66 65
62 62 62 62 62 65 62 62 62 62 62 62 62 62 62 62 63 40
62 62 62 62 62 62 62 62 62 62 66 62 62 61 62 62 62 62
62 62 30 62 62 62 62 62 64 63 62 62 65 62 62 62 30 62
63 62 62 62 62 62 10 62 62 62 62 62 62 62 62 62 62 62
62 62 62 62 62 61 62 62 62 63 66 62 30 62 62 62 62 62
62 62 62 40 61 62 62 62 62 62 62 62 62 62 62 65 62 62
62 62 64 62 62 62 30 62 62 62 62 62 62 62 62 40 62 62
62 62 62 62 62 64 61 62 62 62 62 62 30 62 62 62 62 62
62 62 62 62 40 62 62 62 62 62 62 50 62 62 62 62 62 65
62 62 62 62 62 62 62 62 62 62 62 62 62 62 62 64 62 63
62 62 62 62 30 62 62 62 50 62 62 62 30 62 62 62 62 30
62 62 62 62 62 62 62 62 62 62 62 62 62 62 62 65 62 62
62 62 62 62 62 30 62 62 65 62 62 62 63 62 62 63 62 62
62 62 62 61 62 62 62 62 62 66 62 62 62 62 62 62 62 64
62 62 62 62 62 30 62 61 50 62 62 62 65 62 62 62 62 62
62 62 62 62 62 40 62 62 62 62 63 62 62 62 40 62 61 64
62 62 62 62 62 62 62 62 62 62 62 62 62 62 62 62 62 62
62 62 62 61 62 62 62 62 50 62 62 62 62 62 30 62 62 62
62 62 62 62 62 62 62 62 62 62 65 62 62 62 62 40 61 62
62 62 30 62 62 62 62 62 62 62 62 62 62 62 62 62 63 62
