0.1 0.1 6 0.9449097926880132
0.1 0.1 6 1.1781935664807046
0.1 0.1 8 1.634473329159466
0.1 0.1 10 2.1860538523218738
0.1 0.1 12 2.434269149776683
0.1 0.1 14 2.6809869459582134
0.1 0.1 16 2.8721432639890203
0.1 0.1 18 3.051753868797969
0.1 0.1 20 3.1380446986020845
0.1 0.1 22 3.3593306309495214
0.1 0.1 24 3.4861540006306595
0.1 0.1 26 3.526583794220555
0.1 0.1 28 3.4951774533527424
0.1 0.1 29 3.5050599645451754
0.1 0.1 31 3.7023582223913003
0.1 0.1 33 3.676832945202273
0.1 0.1 35 3.8266747547694107
0.1 0.1 36 3.7788978412687126
0.1 0.1 38 3.756573929076353
0.1 0.1 6 1.1781935664807046
0.1 0.1 9 1.5654984953046518
0.1 0.1 12 2.2439127062190596
0.1 0.1 15 2.562134610488523
0.1 0.1 18 2.9582838174779527
0.1 0.1 21 3.0143416907175165
0.1 0.1 24 3.2436325987928307
0.1 0.1 27 3.124909594975266
0.1 0.1 29 3.504324748801984
0.1 0.1 32 3.686282785953845
0.1 0.1 35 3.7465609884470634
0.1 0.1 38 3.8373423894458183
0.1 0.1 40 3.7958559161375116
0.1 0.1 41 3.912029497295941
0.1 0.1 46 3.901311804415537
0.1 0.1 44 3.987428636603681
0.1 0.1 49 4.026234065455528
0.1 0.1 51 4.0018416174180285
0.1 0.1 51 4.036431547708129
0.1 0.1 8 1.634473329159466
0.1 0.1 12 2.2439127062190596
0.1 0.1 16 2.4592408679999385
0.1 0.1 20 3.0132278297022324
0.1 0.1 24 3.186060976804109
0.1 0.1 28 3.313733405796282
0.1 0.1 31 3.527765765354855
0.1 0.1 34 3.5003102213286543
0.1 0.1 37 3.486647372877985
0.1 0.1 43 3.8502689988688177
0.1 0.1 45 3.850814814312732
0.1 0.1 48 4.005772021579227
0.1 0.1 47 3.8442875316156617
0.1 0.1 54 4.032235823546468
0.1 0.1 56 4.155302380658031
0.1 0.1 60 4.141900157953281
0.1 0.1 61 4.219812114167528
0.1 0.1 64 4.194343325107611
0.1 0.1 68 4.247861125321784
0.1 0.1 10 2.1860538523218738
0.1 0.1 15 2.562134610488523
0.1 0.1 20 3.0132278297022324
0.1 0.1 25 2.871128642935887
0.1 0.1 28 3.12105482853804
0.1 0.1 32 3.287742704556973
0.1 0.1 39 3.574346506196039
0.1 0.1 44 3.915694176324342
0.1 0.1 48 3.8999537015257872
0.1 0.1 50 4.002356178112427
0.1 0.1 55 3.909508504647544
0.1 0.1 57 4.088090451305559
0.1 0.1 64 4.223248504399969
0.1 0.1 68 4.133246257918485
0.1 0.1 68 4.3687631669444436
0.1 0.1 73 4.265893450538303
0.1 0.1 73 4.293152415775206
0.1 0.1 80 4.412845401875097
0.1 0.1 81 4.365991415294038
0.1 0.1 12 2.434269149776683
0.1 0.1 18 2.9582838174779527
0.1 0.1 24 3.186060976804109
0.1 0.1 28 3.1387374957857404
0.1 0.1 34 3.2513512707068815
0.1 0.1 41 3.4863000814789387
0.1 0.1 45 3.8470831323813157
0.1 0.1 51 3.948888530832235
0.1 0.1 56 4.0384213594750635
0.1 0.1 60 4.102018315942267
0.1 0.1 64 4.135428832959211
0.1 0.1 69 4.193517229858541
0.1 0.1 72 4.293294834734061
0.1 0.1 76 4.308886287241406
0.1 0.1 72 4.325664025465434
0.1 0.1 75 4.343356528682565
0.1 0.1 81 4.309756580482699
0.1 0.1 87 4.500029056331738
0.1 0.1 86 4.4047042087355806
0.1 0.1 14 2.6809869459582134
0.1 0.1 21 3.0143416907175165
0.1 0.1 28 3.313733405796282
0.1 0.1 33 3.3165237438217523
0.1 0.1 38 3.217853226993171
0.1 0.1 45 3.5950461516910477
0.1 0.1 49 3.778183635593412
0.1 0.1 55 3.980580963431227
0.1 0.1 60 4.1367932951555435
0.1 0.1 68 4.249620696478516
0.1 0.1 76 4.4031481435960975
0.1 0.1 84 4.235727667135754
0.1 0.1 86 4.4525165333298835
0.1 0.1 84 4.473861315008991
0.1 0.1 91 4.423064598787181
0.1 0.1 92 4.4443871510649595
0.1 0.1 83 4.432335006196108
0.1 0.1 96 4.452398793128822
0.1 0.1 99 4.620258250205954
0.1 0.1 16 2.8721432639890203
0.1 0.1 24 3.2436325987928307
0.1 0.1 31 3.427610387425521
0.1 0.1 39 3.6102756756536944
0.1 0.1 45 3.878456757927038
0.1 0.1 49 3.786922027735194
0.1 0.1 60 4.044147680938857
0.1 0.1 59 3.9792941872191436
0.1 0.1 70 4.039197245263259
0.1 0.1 77 4.267637368216347
0.1 0.1 81 4.36718163558864
0.1 0.1 86 4.472288910436662
0.1 0.1 90 4.502182614996672
0.1 0.1 96 4.501450157897299
0.1 0.1 106 4.524981243455182
0.1 0.1 106 4.537370031434217
0.1 0.1 106 4.548792169422758
0.1 0.1 96 4.550329142986211
0.1 0.1 119 4.635424426306036
0.1 0.1 18 3.051753868797969
0.1 0.1 27 3.124909594975266
0.1 0.1 34 3.505685358486317
0.1 0.1 44 3.9198730659606578
0.1 0.1 51 3.9559755819300904
0.1 0.1 56 4.072435097232809
0.1 0.1 60 3.9577069311163555
0.1 0.1 62 3.9844108553601387
0.1 0.1 71 4.1055756217523385
0.1 0.1 81 4.33812009915686
0.1 0.1 80 3.9215828224760507
0.1 0.1 91 4.41592042724863
0.1 0.1 86 4.400890563285408
0.1 0.1 92 4.343695289846881
0.1 0.1 112 4.679777564013193
0.1 0.1 121 4.692752941583755
0.1 0.1 128 4.693584624014187
0.1 0.1 109 4.563762477585512
0.1 0.1 139 4.756705844205667
0.1 0.1 20 3.1380446986020845
0.1 0.1 29 3.4589917816404014
0.1 0.1 37 3.5118385643622934
0.1 0.1 49 3.9469026202604214
0.1 0.1 57 4.070612602788718
0.1 0.1 61 4.151604836051141
0.1 0.1 70 4.031838826869307
0.1 0.1 71 4.103608041583854
0.1 0.1 77 4.205350481977108
0.1 0.1 83 4.184878479102475
0.1 0.1 89 4.407556094377794
0.1 0.1 97 4.486867673516881
0.1 0.1 101 4.571508575435362
0.1 0.1 98 4.328976069313662
0.1 0.1 121 4.672242384983092
0.1 0.1 126 4.77759117833595
0.1 0.1 130 4.727092889799222
0.1 0.1 145 4.817490634838088
0.1 0.1 144 4.761680792204921
0.1 0.1 22 3.3593306309495214
0.1 0.1 32 3.3997336347624154
0.1 0.1 43 3.877368371083391
0.1 0.1 50 4.006741284742055
0.1 0.1 60 4.089929369110962
0.1 0.1 68 4.264199282271344
0.1 0.1 77 4.281453937055592
0.1 0.1 81 4.383598017583416
0.1 0.1 78 4.234863767150503
0.1 0.1 88 4.331235433432656
0.1 0.1 88 4.238423682873175
0.1 0.1 99 4.360917896480931
0.1 0.1 108 4.6241221712752685
0.1 0.1 110 4.502298288000724
0.1 0.1 115 4.470901888870053
0.1 0.1 116 4.575370757789394
0.1 0.1 114 4.413128702394421
0.1 0.1 125 4.68115379102612
0.1 0.1 140 4.772727616256177
0.1 0.1 24 3.4861540006306595
0.1 0.1 35 3.729225542602043
0.1 0.1 45 3.786142138896988
0.1 0.1 56 3.9299838378393415
0.1 0.1 63 4.155042440593515
0.1 0.1 76 4.411118858226563
0.1 0.1 81 4.401111994882521
0.1 0.1 80 4.1121694543421645
0.1 0.1 91 4.446180997332988
0.1 0.1 88 4.357958773865521
0.1 0.1 102 4.557797877380234
0.1 0.1 116 4.637815774202727
0.1 0.1 120 4.650301390049102
0.1 0.1 111 4.4885639175796905
0.1 0.1 117 4.476621496193732
0.1 0.1 117 4.457273872716685
0.1 0.1 126 4.697716226831695
0.1 0.1 133 4.723156556027544
0.1 0.1 138 4.734884862198131
0.1 0.1 26 3.526583794220555
0.1 0.1 38 3.856706087842658
0.1 0.1 48 4.025011095794274
0.1 0.1 58 4.1112430536265485
0.1 0.1 70 4.191438950111393
0.1 0.1 85 4.248526031747212
0.1 0.1 85 4.456957249055942
0.1 0.1 89 4.367151285852538
0.1 0.1 96 4.430463750773729
0.1 0.1 96 4.291400667023278
0.1 0.1 106 4.4312481275482405
0.1 0.1 110 4.588248944099824
0.1 0.1 121 4.716303372478104
0.1 0.1 112 4.498677397490826
0.1 0.1 123 4.568781804829613
0.1 0.1 128 4.551119679223448
0.1 0.1 136 4.586432720916859
0.1 0.1 141 4.699375594515994
0.1 0.1 151 4.931671572507743
0.1 0.1 28 3.4951774533527424
0.1 0.1 40 3.795939966371298
0.1 0.1 48 3.8561263905980256
0.1 0.1 63 4.245761846316399
0.1 0.1 73 4.320635391526582
0.1 0.1 86 4.464986317631678
0.1 0.1 91 4.470837877144552
0.1 0.1 93 4.335668227514476
0.1 0.1 106 4.619391510362523
0.1 0.1 109 4.62513016908748
0.1 0.1 120 4.63208531887358
0.1 0.1 102 4.35493576571473
0.1 0.1 127 4.729987631266386
0.1 0.1 126 4.660346477158234
0.1 0.1 130 4.571776857772689
0.1 0.1 135 4.568664885974656
0.1 0.1 138 4.70134334585228
0.1 0.1 148 4.764118354083476
0.1 0.1 147 4.725077724000206
0.1 0.1 29 3.5591796846291164
0.1 0.1 41 3.945277252646289
0.1 0.1 54 4.075307509663042
0.1 0.1 70 4.148285617390671
0.1 0.1 75 4.271867305013045
0.1 0.1 84 4.3541940334281195
0.1 0.1 95 4.4652120732118
0.1 0.1 90 4.333877805607103
0.1 0.1 104 4.359346251695331
0.1 0.1 110 4.571536446684592
0.1 0.1 112 4.549131422117762
0.1 0.1 114 4.6053960737772535
0.1 0.1 119 4.632433168884601
0.1 0.1 136 4.73847356607926
0.1 0.1 128 4.7122976306392985
0.1 0.1 131 4.7242701730195975
0.1 0.1 144 4.755919200907488
0.1 0.1 160 4.750230437584268
0.1 0.1 156 4.8046196461006305
0.1 0.1 31 3.696752812625473
0.1 0.1 46 3.966619664277854
0.1 0.1 56 4.162614864417622
0.1 0.1 70 4.399653935959633
0.1 0.1 72 4.32206731137124
0.1 0.1 88 4.291905397576364
0.1 0.1 101 4.5160666311704984
0.1 0.1 111 4.588187438023807
0.1 0.1 121 4.689242226843198
0.1 0.1 110 4.490171260264915
0.1 0.1 118 4.522411722489451
0.1 0.1 125 4.604413358279271
0.1 0.1 131 4.648030781523363
0.1 0.1 137 4.809992048689312
0.1 0.1 135 4.670810976882968
0.1 0.1 143 4.784661265882137
0.1 0.1 160 4.941080010786982
0.1 0.1 175 5.011207693421717
0.1 0.1 157 4.739475289022805
0.1 0.1 33 3.5989686265010534
0.1 0.1 45 4.014715820354279
0.1 0.1 60 4.110415124826315
0.1 0.1 74 4.284406036975021
0.1 0.1 73 4.402635406468755
0.1 0.1 90 4.476329488347578
0.1 0.1 107 4.530882199621627
0.1 0.1 121 4.645938630848981
0.1 0.1 126 4.765362220933747
0.1 0.1 116 4.513515838527795
0.1 0.1 117 4.574393704208128
0.1 0.1 130 4.683559778232003
0.1 0.1 133 4.642836468326427
0.1 0.1 161 4.834096430046001
0.1 0.1 132 4.725961820986973
0.1 0.1 152 4.741968656618305
0.1 0.1 155 4.838005695615165
0.1 0.1 156 4.7888906086341825
0.1 0.1 156 4.839912117188922
0.1 0.1 35 3.7737100753647765
0.1 0.1 49 4.054544976465169
0.1 0.1 62 4.237855566980051
0.1 0.1 73 4.336477369989109
0.1 0.1 81 4.265068856759519
0.1 0.1 85 4.470694222618006
0.1 0.1 108 4.573266433304366
0.1 0.1 129 4.676179534491604
0.1 0.1 129 4.653813441673988
0.1 0.1 115 4.538590891407416
0.1 0.1 124 4.6487362782541055
0.1 0.1 134 4.640801132838212
0.1 0.1 135 4.667568051135509
0.1 0.1 142 4.756377238708699
0.1 0.1 156 4.956949905193097
0.1 0.1 152 4.8493903010157355
0.1 0.1 164 4.7604714414593685
0.1 0.1 187 5.0071838950799945
0.1 0.1 191 5.086574969875439
0.1 0.1 36 3.784085085768869
0.1 0.1 51 4.028075412729121
0.1 0.1 64 4.245316683247684
0.1 0.1 80 4.411359178486677
0.1 0.1 87 4.435926171520937
0.1 0.1 99 4.476781160011048
0.1 0.1 94 4.536609715903708
0.1 0.1 136 4.691773517063341
0.1 0.1 146 4.796905075352916
0.1 0.1 123 4.684920372973935
0.1 0.1 137 4.822648512304411
0.1 0.1 137 4.656594122893565
0.1 0.1 145 4.737549404238165
0.1 0.1 152 4.7383640802922535
0.1 0.1 151 4.722798965533037
0.1 0.1 179 5.0011625278366765
0.1 0.1 162 4.831468303937128
0.1 0.1 176 4.875131057345477
0.1 0.1 183 5.006275682419194
0.1 0.1 38 3.71991230977473
0.1 0.1 52 4.027321723920074
0.1 0.1 69 4.302116056723269
0.1 0.1 78 4.3878551993672925
0.1 0.1 86 4.326788173559596
0.1 0.1 100 4.5991744213924886
0.1 0.1 117 4.591192686318772
0.1 0.1 140 4.731893561569144
0.1 0.1 146 4.734991635277766
0.1 0.1 144 4.83113370606244
0.1 0.1 132 4.699859847731034
0.1 0.1 147 4.730168478200115
0.1 0.1 152 4.809797195996541
0.1 0.1 153 4.788694603247732
0.1 0.1 157 4.789267730712787
0.1 0.1 162 4.844979177392723
0.1 0.1 193 5.129737674857061
0.1 0.1 177 4.9233139837968976
0.1 0.1 178 4.953525630477798
