1 0.0
2 0.07437063290487128
3 0.31425844078208787
4 0.3214438331875253
5 0.3277480106577515
6 0.32909310194326047
7 0.3611350976367788
8 0.3882515492278363
9 0.38989868899257846
10 0.7761065838106157
11 0.780695258664803
12 0.782958354730401
13 0.786987284043553
14 0.794986780761739
15 0.7969168350180538
16 0.8039246857584298
17 0.8042519263367804
18 0.8053190085006189
19 0.8665618631824807
20 0.867325687103216
21 0.8682239866438531
22 0.8684156150938358
23 0.8689371128782462
24 0.869957056750089
25 0.8705837101507958
26 0.8904657551884911
27 0.8927075191971879
28 0.8930636264951718
29 0.8933872415265359
30 0.898379811587048
31 0.8989588732219809
32 0.8999719080154024
33 0.900561769178319
34 0.901993423487399
35 0.9033361776290605
36 0.9051101061391874
37 0.9058179042347099
38 0.9122289492923197
39 0.912675789432809
40 0.9182429133285225
41 0.9623040605122771
42 0.9706528359981812
43 1.4344128633109636
44 1.434628119065478
45 1.4439042105050586
46 1.4449389711999656
47 1.445074577532336
48 1.4454432449006043
49 1.4462037958219955
50 1.4465318127440094
51 1.4467142506465884
52 1.4477241072902907
53 1.4485990071458392
54 1.450559482171785
55 1.4508731323593425
56 1.4856998606027865
57 1.490040935295422
58 1.4903495767892616
59 1.5072739284633805
60 1.5161361838899368
61 1.5162740657403952
62 1.5164822101570965
63 1.5165238390404367
64 1.5202673226755257
65 1.5208388319848105
66 1.5213960581461554
67 1.5215160242786734
68 1.5261706648094335
69 1.5262403435544454
70 1.5302359326833168
71 1.5306402064763103
72 1.5323230681799704
73 1.5325202211198306
74 1.5325995411585644
75 1.532785262956069
76 1.5329880487602459
77 1.5393977105566596
78 1.6277701347416642
79 1.6279111802480029
80 1.6570323644734477
81 1.6574626925774825
82 1.6587445299073342
83 1.6593617379252248
84 1.6595762197682153
85 1.6599257038245387
86 1.6605097867403917
87 1.6607989095050049
88 1.6694212671027462
89 1.6714593496870995
90 1.6729791233844822
91 1.6731753059105383
92 1.673238848466234
93 1.6733269060377183
94 1.6747432965869344
95 1.6754235653338583
96 1.6814431798784844
97 1.6816993167838876
98 1.683720314777665
99 1.683999351098244
100 1.6847594235057783
101 1.6848229660614737
102 1.6853444638458839
103 1.6858288370439
104 1.686392238168972
105 1.6879952073520377
106 1.6881162947271995
107 1.6881911445137947
108 1.6884065909571981
109 1.6885211291235838
110 1.6899419388525552
111 1.6900839469731208
112 1.7537474050304491
113 1.7541977418373933
114 1.809918682492089
115 1.8100215504950707
116 1.8318438833863233
117 1.835461269384631
118 1.8355136078790328
119 1.8372679737810917
120 1.837345778385634
121 1.8375748547184048
122 1.8401868692111727
123 1.8424477488312216
124 1.842848621599254
125 1.8429879790892771
126 1.8430515216449725
127 1.843163498417485
128 1.8455697026402162
129 1.8459952689024808
130 1.8461083269016847
131 1.8461499557850247
132 1.847527386404916
133 1.8476442304584832
134 1.8476816553517807
135 1.8580843144787733
136 1.8581088452325774
137 1.8583233270755677
138 1.8584726115511427
139 1.8585100364444402
140 1.8598067304323846
141 1.8616302347967106
142 1.8617512627473696
143 1.8618072511336257
144 1.8618446760269236
145 1.8619082185826186
146 1.8698569524236632
147 1.8706391991002789
148 1.8707088778452907
149 1.8974681021575763
150 1.8976125652990035
151 1.8980012496381755
152 1.8984913892283721
153 1.8986946624146783
154 1.8987814392892262
155 1.900114660195824
156 1.90044533974191
157 1.9007304027321217
158 1.9008472467856892
159 1.9009842183222831
160 1.9013998442014683
161 2.3728391687633588
162 2.372981494444059
163 2.373051173189071
164 2.3730961522518075
165 2.373165830996819
166 2.3769256122498574
167 2.376963037143155
168 2.3892330129100467
169 2.3892959356086894
170 2.3949019796200326
171 2.396567559926478
172 2.396599331204326
173 2.6156845758797838
174 2.631162877831168
175 2.63440080521716
176 2.6352533983314608
177 2.635445175812765
178 2.6356700711264485
179 2.63573974987146
180 2.6364704892619546
181 2.637595254471234
182 2.6376664173115834
183 2.6377186526363787
184 2.6383084259734706
185 2.6383458508667683
186 2.6387033827559923
187 2.638889104553497
188 2.638943192385764
189 2.6393111980686683
190 2.639857056435459
191 2.6398944813287564
192 2.6404980233133624
193 2.6432629463583566
194 2.6436608722603196
195 2.6448756429780382
196 2.644936584190299
197 2.645128562726313
198 2.6451701916096533
199 2.6455238102759604
200 2.645596183831964
201 2.6690874226600556
202 2.6796665473966796
203 2.6811930394875714
204 2.681372955738518
205 2.681508322587363
206 2.6814897902358736
207 2.681680417902959
208 2.6822222775618476
209 2.6982313677170873
210 2.698798824499759
211 2.699565338299689
212 2.7080307932288608
213 2.7083525192414046
214 2.7083899441347024
215 2.70858469024688
216 2.7088582863105155
217 2.711849398241446
218 2.719820999825541
219 2.7200716882308686
220 2.7202774242368317
221 2.7203148491301294
222 2.7206981060300945
223 2.722095949282134
224 2.72217243958863
225 2.722743351094293
226 2.732383105297955
227 2.733525497104398
228 2.73360113129143
229 2.733638556184727
230 2.7337175788198964
231 2.73418195316063
232 2.7342699790868297
233 2.7358671604869085
234 2.7361660136981643
235 2.736266313906804
236 2.736289379297186
237 2.736513928656972
238 2.7368678277047334
239 2.7384820543186152
240 2.7386736827685967
241 2.7387198135493604
242 2.7394440388185646
243 2.73960184846446
244 2.7396336197423077
245 2.739785436181258
246 2.739977553423312
247 2.7409752789626314
248 2.741007050240479
249 2.741143756507433
250 2.741199744893689
251 2.7412554993263507
252 2.741278564716733
253 2.7416568919043396
254 2.7419002710191793
255 2.742364645359913
256 2.742526103092585
257 2.7425578743704326
258 2.7477345536409805
259 2.7483771302439908
260 2.7500337545604956
261 2.750113290911
262 2.7502526484010232
263 2.7503248968441842
264 2.7506160410316807
265 2.7507601544656723
266 2.753651489123454
267 2.7543653694720547
268 2.8666910037916833
269 2.8669029828654558
270 2.8681663858488484
271 2.8686762616867876
272 2.8728581234683928
273 2.8729803790335025
274 2.873003444423884
275 2.8735431779280325
276 2.873566243318414
277 2.874040397712988
278 2.8741284552844717
279 2.8750606406725123
280 2.883932731932071
281 2.8851167715825183
282 2.886838083998657
283 2.887122341257067
284 2.8879740302168555
285 2.891916851457967
286 2.8934068737194885
287 2.904439196496138
288 2.9045185165348717
289 2.9057034296236464
290 2.909145228455682
291 2.909200982888344
292 2.909232754166192
293 2.9092558195565736
294 2.909381921878408
295 2.9102451126002604
296 2.9111992362777634
297 2.911487220805498
298 2.914944652354467
299 2.915159134197458
300 2.9152092843017776
301 2.9152323496921597
302 2.9154802183955173
303 2.9163941699112295
304 2.9164610607425137
305 2.9165847294983913
306 2.9166077948887734
307 2.916630860279155
308 2.916806192433396
309 2.9168730832646803
310 2.9171521195852597
311 2.91727920469665
312 2.917685751069262
313 2.9177738086407468
314 2.917811233534044
315 2.9179698616688743
316 2.918062722567626
317 2.9194407594270277
318 2.9194857384897643
319 2.919530717552501
320 2.92094069305388
321 2.921053751053084
322 2.9218572525816535
323 2.924046888158892
324 2.9247672558647837
325 2.9254936836073564
326 2.925543833711677
327 2.9305557481911695
328 2.9326671602404226
329 2.9395951952620774
330 2.939961993332832
331 2.9403780834791213
332 2.940401148869503
333 2.940442777752843
334 2.9405444143459962
335 2.9405674797363783
336 2.9406691163295307
337 2.9407008876073784
338 2.9425346963145054
339 2.9426363329076577
340 2.9442870488662582
341 2.9448841867685576
342 2.9450345535821008
343 2.9450932107880416
344 2.94512498206589
345 2.9451480474562715
346 2.9452765147168183
347 2.9471472078096235
348 2.9472267441601274
349 2.9477347801312344
350 2.947815653433111
351 2.947918104238868
352 2.960158417130803
353 2.960245194005351
354 2.9922242263904373
355 2.992542371792455
356 2.9928368956147673
357 3.266237744680656
358 3.26628387546142
359 3.2664007195149867
360 3.2664237849053688
361 3.2666955768524497
362 3.2668294672973164
363 3.2670961316819818
364 3.2672160083414896
365 3.2672477796193373
366 3.2707619505799457
367 3.2708346019051713
368 3.2709303666672955
369 3.2711219951172783
370 3.2735265401050824
371 3.2736672021520694
372 3.2737194374768652
373 3.273878293866103
374 3.2747491891414464
375 3.274876274252837
376 3.3030394441709734
377 3.3043604023710724
378 3.307012709215791
379 3.307068697602047
380 3.3071246859883034
381 3.3071787738205707
382 3.307210545098418
383 3.3072336104887996
384 3.307551570988983
385 3.310169787605156
386 3.31038504335967
387 3.3655137111476643
388 3.3655553400310043
389 3.365578405421386
390 3.3657045077432204
391 3.3657708363088354
392 3.365793901699217
393 3.368954801693024
394 3.3689865729708717
395 3.3690788345323988
396 3.369199862483057
397 3.371935428489129
398 3.3721115436320983
399 3.3723831572750953
400 3.3724523534462407
401 3.372475418836622
402 3.372517047719963
403 3.3725401131103436
404 3.3725631785007257
405 3.3725862438911074
406 3.372707271841766
407 3.3728192486142783
408 3.372864227677015
409 3.3730597938549445
410 3.373130316608114
411 3.3732744300421054
412 3.373306201319953
413 3.3733478302032935
414 3.373370895593675
415 3.3735627083845987
416 3.373637267327498
417 3.373765504156915
418 3.374057096484268
419 3.374806593680763
420 3.374852724461526
421 3.374884495739374
422 3.3749162670172215
423 3.3749393324076036
424 3.375231870639056
425 3.3754039348131823
426 3.375427000203564
427 3.3764143187479334
428 3.376470307134189
429 3.3769904626673997
430 3.3770320915507397
431 3.3771847154883736
432 3.3911887343095954
433 3.391211799699977
434 3.3912998572714605
435 3.3913459880522248
436 3.3920893395082006
437 3.3923879084593502
438 3.3924514510150456
439 3.392493079898386
440 3.3927403243460295
441 3.393669433843035
442 3.393706858736332
443 3.393786395086837
444 3.393842383473093
445 3.394375629102209
446 3.3944588868688896
447 3.395024757823011
448 3.395062182716308
449 3.3952275224893502
450 3.3953485504400094
451 3.395728962562573
452 3.3957520279529545
453 3.3959281430959227
454 3.3961837843132536
455 3.3964238352999754
456 3.3967118198277095
457 3.3967435911055577
458 3.3967666564959393
459 3.396925512885177
460 3.3969732779578337
461 3.3984474791153065
462 3.398655524188451
463 3.3992093836565593
464 3.4038104750580946
465 3.4038801538031063
466 3.4042262554250553
467 3.4043703688590465
468 3.4051423905615725
469 3.4051983789478286
470 3.40522144433821
471 3.405413072788193
472 3.4061352007426264
473 3.406261303064461
474 3.4064470248619663
475 3.406503013248223
476 3.4065726919932344
477 3.406655949759915
478 3.406832064902883
479 3.4068551302932653
480 3.4069666391585884
481 3.4077026505243975
482 3.407725715914779
483 3.407911437712283
484 3.408395018317162
485 3.4089609587479273
486 3.4090306374929384
487 3.4092262036708685
488 3.4092492690612506
489 3.4092723344516322
490 3.416889520515334
491 3.4249831496789325
492 3.42501492095678
493 3.4252438755435803
494 3.4252888546063174
495 3.4254850371323737
496 3.4267623044010116
497 3.426808435181775
498 3.427002011979311
499 3.427081548329815
500 3.427184416332797
501 3.4291353722330955
502 3.4291876075578904
503 3.4294593995049714
504 3.4305556345471704
505 3.430578699937552
506 3.4306017653279337
507 3.433063591149328
508 3.433457897029048
509 3.4334809624194293
510 3.433518387312727
511 3.433566152385384
512 3.4343610281727712
513 3.434526367945814
514 3.434563792839112
515 3.441829379309878
516 3.4418755100906413
517 3.44319905312633
518 3.4453041812112297
519 3.445719807090415
520 3.452142735208346
521 3.4522820926983693
522 3.4523138639762165
523 3.4529873676240297
524 3.4532981915792176
525 3.4535370169425024
526 3.454157503052916
527 3.4541892743307634
528 3.4542266992240616
529 3.4553212460105813
530 3.4554497132711277
531 3.4555745999211482
532 3.455780335927112
533 3.455836324313368
534 3.455882455094131
535 3.4574025999091997
536 3.4611881275432386
537 3.461244115929495
538 3.463844439499507
539 3.4639079820552023
540 3.4639602173799977
541 3.5046369795250505
542 3.5058809619781592
543 3.505904027368541
544 3.5059675699242363
545 3.5060970229162227
546 3.506211561082609
547 3.5062617111869288
548 3.5064402776634176
549 3.506561305614076
550 3.5066074363948396
551 3.5066552014674963
552 3.5067248802125084
553 3.5067623051058057
554 3.5411266745983303
555 3.5411497399887124
556 3.555294810074011
557 3.582208289026309
558 3.582283138812905
559 3.582339127199161
560 3.5842740117111993
561 3.5844096180435696
562 3.58688031597645
563 3.587151528641191
564 3.5884895918299056
565 3.5895010631045214
566 3.589580599455025
567 3.5896036648454066
568 3.5896267302357887
569 3.589765122578079
570 3.589866759171232
571 3.589911738233969
572 3.5899578690147322
573 3.590261504290403
574 3.5944004565071515
575 3.5944420853904924
576 3.594516935177088
577 3.5945755923830283
578 3.5946073636608764
579 3.594757063234067
580 3.5947801286244485
581 3.5950211705718784
582 3.595084713127574
583 3.595129692190311
584 3.595167117083608
585 3.595198888361456
586 3.5952405172447963
587 3.595750393082736
588 3.5958336508494164
589 3.595871075742714
590 3.5959127046260546
591 3.5959686930123107
592 3.5967740117385683
593 3.5968375542942637
594 3.597869074778465
595 3.5988237812142407
596 3.598855552492089
597 3.5989508663256307
598 3.5990068547118867
599 3.59910216854543
600 3.599125233935812
601 3.599157005213659
602 3.599211093045928
603 3.5992341584363094
604 3.5994565573812425
605 3.5994939822745398
606 3.601249255978199
607 3.601303343810467
608 3.601637505049258
609 3.6016934934355147
610 3.601730918328812
611 3.601786906715068
612 3.6018186779929158
613 3.602431289391754
614 3.6024630606696015
615 3.6024948319474492
616 3.6026562896801213
617 3.602744347251606
618 3.6028003356378626
619 3.60283210691571
620 3.602888095301965
621 3.602925520195263
622 3.6034443907368936
623 3.603738914559206
624 3.6037988528889606
625 3.603836277782258
626 3.6048618462394737
627 3.604987948561308
628 3.6050340793420714
629 3.605065850619919
630 3.605121839006175
631 3.6051536102840225
632 3.6088666462304144
633 3.6088984175082626
634 3.60955227535269
635 3.6095984061334527
636 3.6096595339160076
637 3.6097517954775347
638 3.609999039925178
639 3.61010190792816
640 3.610284101601002
641 3.610602247003021
642 3.610767586776063
643 3.6279773446595134
644 3.62802510973217
645 3.6280481751225517
646 3.628111717678247
647 3.6294965863654207
648 3.629692768891476
649 3.6308080436552173
650 3.6308454685485145
651 3.6309146647196595
652 3.6314319588465915
653 3.6314637301244392
654 3.6314955014022865
655 3.6318172241667726
656 3.6320134066928285
657 3.6321813718515976
658 3.632213143129445
659 3.632258122192182
660 3.6361378623044187
661 3.6361880124087382
662 3.636332170482358
663 3.636446708648744
664 3.6436823355326884
665 3.6437943123052006
666 3.644321922909004
667 3.6443449882993857
668 3.6443899673621223
669 3.6444928353651047
670 3.644537814427841
671 3.644906481796109
672 3.6449295471864906
673 3.6450088672252243
674 3.6769834819920537
675 3.6773295836140023
676 3.6773613548918505
677 3.6773931261696977
678 3.6774726625202026
679 3.6776317352212113
680 3.9019550331554553
681 3.902347144791946
682 3.9028621462499418
683 3.903402588824898
684 3.903481908863631
685 3.9036588583875127
686 3.903717515593453
687 3.904002830874627
688 3.904152115350202
689 3.9054665777802846
690 3.905561891613828
691 3.9055936628916754
692 3.924597534170296
693 3.924643664951059
694 3.93219824226725
695 3.93229854247589
696 3.9323545308621464
697 3.9324006616429097
698 3.932496191788223
699 3.932519257178605
700 3.9325653879593685
701 3.93258845334975
702 3.9329891830115864
703 3.9331226900041236
704 3.9331975397907186
705 3.933253528176975
706 3.933391920519265
707 3.9334236917971133
708 3.9334554630749605
709 3.9336097838218804
710 3.933722058501773
711 3.933791254672919
712 3.9338472430591747
713 3.9340761976459753
714 3.934122328426739
715 3.934210385998223
716 3.9342520148815634
717 3.934308003267819
718 3.934400264829346
719 3.9348935475017948
720 3.9349951840949475
721 3.9351105110468563
722 3.93520046917233
723 3.9352640117280253
724 3.935287077118407
725 3.935343065504663
726 3.9354550422771752
727 3.935478107667557
728 3.9357303123112257
729 3.9357938548669202
730 3.9376284561880954
731 3.937651521578477
732 3.937674586968859
733 3.9377063582467065
734 3.9378787936576143
735 3.938003680307635
736 3.938073359052646
737 3.940752279198867
738 3.9407840504767155
739 3.940815821754563
740 3.9408715761872246
741 3.9417226530863094
742 3.942056814325103
743 3.9421128027113586
744 3.9425143052236136
745 3.9425559341069545
746 3.944661030557913
747 3.946567962377789
748 3.946701469370325
749 3.946746448433062
750 3.9469288863356407
751 3.9474429335442047
752 3.9474659989345855
753 3.947811979790312
754 3.9487666862260884
755 3.9487984575039357
756 3.9488215228943178
757 3.9488445882846985
758 3.9488907190654623
759 3.9493103874416735
760 3.951027449359409
761 3.809177321889631
762 3.8092147467829283
763 3.8093315908364955
764 3.809363362114343
765 3.8094382119009387
766 3.809469983178786
767 3.809501754456634
768 3.809597284601948
769 3.809629055879795
770 3.809674034942532
771 3.80970580622038
772 3.809750785283116
773 3.809820464028128
774 3.809900000378632
775 3.809944979441369
776 3.8099824043346655
777 3.8101489198680265
778 3.8101863447613242
779 3.810236494865645
780 3.810458893810578
781 3.810500522693918
782 3.81057655076979
783 3.8106139756630877
784 3.810655604546428
785 3.8107057546507477
786 3.8108328397621385
787 3.8110152776647173
788 3.811063042737374
789 3.8116349989223397
790 3.8117797297622555
791 3.811821358645596
792 3.8119974737885642
793 3.812045238861221
794 3.8124467413734764
795 3.8125335182480242
796 3.812794267140229
797 3.8128502555264854
798 3.812882026804333
799 3.813273788524167
800 3.8133278763564338
801 3.8135678086214693
802 3.814400694907411
803 3.8144566832936677
804 3.8145044483663244
805 3.8145522134389815
806 3.8145938423223216
807 3.8146169077127037
808 3.8146585365960437
809 3.8146959614893414
810 3.8149377517917804
811 3.814985516864437
812 3.904748197524502
813 3.9047898264078427
814 3.904853368963537
815 3.904899499744301
816 3.905195611072963
817 3.9052330359662606
818 3.9056916862965534
819 3.9057147516869346
820 3.905798009453617
821 3.905881267220297
822 3.905918692113595
823 3.906077764814604
824 3.906133753200859
825 3.906240994122355
826 3.906296982508611
827 3.9063922963421542
828 3.9066708790384115
829 3.9067405577834227
830 3.906777982676721
831 3.9068257477493775
832 3.9070163754164615
833 3.9071116892500046
834 3.9075036079537977
835 3.9076624643430358
836 3.9077697052645313
837 3.9079215217034813
838 3.9079716718078013
839 3.9080509918465354
840 3.9081206705915466
841 3.9082329452714397
842 3.9082964878271342
843 3.908918636998252
844 3.909278535395806
845 3.9099173927383473
846 3.9099548176316445
847 3.9100415945061924
848 3.9105606954877565
849 3.910598120381054
850 3.910635545274352
851 3.9107711516067223
852 3.9112902525882856
853 3.912249071789719
854 3.9130479792383337
855 3.913224928762215
856 3.915683669439549
857 3.91576692720623
858 3.915798698484078
859 3.915878234834582
860 3.9162850579996973
861 3.9163168292775454
862 3.917410559752077
863 3.917452188635417
864 3.9178786734900695
865 3.917916098383367
866 3.918017734976519
867 3.9183919872458617
868 3.91856810238883
869 3.9186634162223726
870 3.9187662842253546
871 3.9188495419920346
872 3.9188813132698828
873 3.91891873816318
874 3.918950509441028
875 3.9190427710025544
876 3.919201843703564
877 3.9193511281791387
878 3.9194071165653948
879 3.9199404478025373
880 3.919963513192919
881 3.9199952844707666
882 3.9200270557486143
883 3.9202669880136503
884 3.920369438819407
885 3.9204814155919188
886 3.920518840485216
887 3.920738483913699
888 3.9207759088069967
889 3.9208552288457295
890 3.920901359626493
891 3.921008600547988
892 3.9212375551347893
893 3.922251708289552
894 3.922293337172892
895 3.923096830838187
896 3.9231286021160354
897 3.9231735811787725
898 3.9232110060720697
899 3.9232667605047316
900 3.923330303060426
901 3.923567543466701
902 3.9235906088570824
903 3.923646597243339
904 3.923725917282072
905 3.924590758497019
906 3.9258246791328886
907 3.925907936899569
908 3.925945361792867
909 3.925982786686165
910 3.926108889008
911 3.9265392171120337
912 3.9265709883898814
913 3.9266590459613653
914 3.9267282421325107
915 3.926797920877522
916 3.926820986267904
917 3.9269544932604408
918 3.9271602292664043
919 3.9274222166692945
920 3.933476297083241
921 3.9364098068980646
922 3.93660043456515
923 3.937236725369186
924 3.937292713755442
925 3.9373343426387826
926 3.9379706334428173
927 3.9425456974528683
928 3.9425918282336316
929 3.9426148936240137
930 3.9426708820102694
931 3.942734424565965
932 3.9430224090936994
933 3.9431889246270604
934 3.9435091766283032
935 3.9447393626189475
936 3.9448742998071578
937 3.944906071085005
938 3.948792367190088
939 3.94881543258047
940 3.9500946176621343
941 3.9501320425554316
942 3.9501551079458133
943 3.9502052580501337
944 3.9503431399005926
945 3.9504878707405076
946 3.950759662687589
947 3.9508464395621368
948 3.950979946554673
949 3.951498817096303
950 3.9522429260111744
951 3.952330983582659
952 3.952410519933164
953 3.9529529452626444
954 3.953129060405612
955 3.9534812906915495
956 3.953504356081932
957 3.9535361273597798
958 3.9538590428251235
959 3.9538908141029716
960 3.953965663889566
961 3.9540106429523023
962 3.954066631338559
963 3.95414988910524
964 3.9542134316609343
965 3.9542452029387825
966 3.9544131680975507
967 3.954436233487933
968 3.955593340158204
969 3.955668189944799
970 3.9557098188281397
971 3.959230601657375
972 3.9597449416722834
973 3.959768007062665
974 3.9603778264783025
975 3.96099421969327
976 3.9611326120355606
977 3.9614489394487507
978 3.969263566944701
979 3.969390652056092
980 3.9694224233339397
981 3.9697905553568344
982 3.969892191949988
983 3.970260197632892
984 3.9703887129534943
985 3.970420484231342
986 3.9704522555091892
987 3.970547569342732
988 3.97057934062058
989 3.9712799320510994
990 3.9713815686442526
991 3.9718372615021
992 3.9724112313088233
993 3.9725140993118053
994 3.9725458705896526
995 3.97258329548295
996 3.972606360873332
997 3.972685680912066
998 3.9727174521899133
999 3.9727676022942338
1000 3.996372487485323
1001 3.9980086903770773
1002 4.000178067903946
1003 4.000247264075091
1004 4.000627590884427
1005 4.000650656274809
1006 4.002596191031209
1007 4.0026597335869045
1008 4.00383780962789
1009 4.004774217944509
1010 4.004797283334891
1011 4.004866962079903
1012 4.004890027470284
1013 4.005165424032116
1014 4.005324496733125
1015 4.00538803928882
1016 4.005539855727771
1017 4.005739987405392
1018 4.005771758683239
1019 4.00605170061452
1020 4.006299335884515
1021 4.008662800906452
1022 4.008715036231248
1023 4.008756665114587
1024 4.009144852808198
1025 4.00925682958071
1026 4.009397491627698
1027 4.009628242371177
1028 4.034693374610949
1029 4.034730799504247
1030 4.0351450517127025
1031 4.035186680596044
1032 4.035770763511896
1033 4.035850299862401
1034 4.036112287265291
1035 4.037164612923008
1036 4.037383296082892
1037 4.038131800621574
1038 4.0382711581115975
1039 4.038302929389445
1040 4.03845221386502
1041 4.038798194720746
1042 4.0458194036214055
1043 4.045861032504745
1044 4.046076196556763
1045 4.046099261947145
1046 4.046151497271939
1047 4.049051659325373
1048 4.049089084218671
1049 4.049181345780198
1050 4.049363783682777
1051 4.049386849073159
1052 4.049424273966457
1053 4.049465902849796
1054 4.053292758566276
1055 4.053719243420929
1056 4.0537423088113105
1057 4.053830366382794
1058 4.053893908938489
1059 4.053968758725085
1060 4.054118458298275
1061 4.054221326301256
1062 4.054373142740207
1063 4.054556781830184
1064 4.054974854300255
1065 4.055020985081018
1066 4.055100305119752
1067 4.055690418526251
1068 4.055713483916633
1069 4.055815120509787
1070 4.055838185900169
1071 4.063800719577034
1072 4.063977530812577
1073 4.064031618644844
1074 4.064054684035226
1075 4.0677137407060915
1076 4.067801798277575
1077 4.067953614716526
1078 4.0683184905216825
1079 4.0838959041327625
1080 4.084022989244152
1081 4.084046054634534
1082 4.084069120024916
1083 4.084677612491332
1084 4.086807588261635
1085 4.086845013154933
1086 4.086882438048231
1087 4.089407294802228
1088 4.089781685652132
1089 4.090148963832086
1090 4.090180735109933
1091 4.090212506387781
1092 4.091649804496285
1093 4.091687229389582
1094 4.092247113252144
1095 4.092270178642527
1096 4.092994110817372
1097 4.0930402415981355
1098 4.093088006670793
1099 4.094573818290758
1100 4.094861802818493
1101 4.094925345374188
1102 4.095112469840676
1103 4.095214106433829
1104 4.095321347355323
1105 4.095344412745705
1106 4.095643012355966
1107 4.095674783633814
1108 4.096008944872606
1109 4.110925518379541
1110 4.111015476505015
1111 4.111047247782863
1112 4.111174332894254
1113 4.111237875449949
1114 4.111358903400607
1115 4.111396328293905
1116 4.111419393684287
1117 4.111807581377897
1118 4.111845006271195
1119 4.112354221162804
1120 4.1124614620843
1121 4.112498886977598
1122 4.112586944549082
1123 4.112628573432422
1124 4.112651638822804
1125 4.112689063716101
1126 4.11437607907528
1127 4.114407850353128
1128 4.114543456685498
1129 4.114585085568838
1130 4.114616856846685
1131 4.114728833619198
1132 4.114798029790343
1133 4.115732075393489
1134 4.115769500286787
1135 4.116576788950149
1136 4.116770365747684
1137 4.116811994631025
1138 4.116858125411788
1139 4.159014365044751
1140 4.159233048204635
1141 4.159564909956715
1142 4.159634106127861
1143 4.163889238231466
1144 4.179089180760627
1145 4.179164030547223
1146 4.179216265872017
1147 4.179507858199371
1148 4.180149572202427
1149 4.180191201085767
1150 4.1804806627656
1151 4.180512434043448
1152 4.180975283355762
1153 4.181038825911457
1154 4.181155669965024
1155 4.181178735355406
1156 4.181248414100418
1157 4.181280185378265
1158 4.181529958678307
1159 4.18174540512171
1160 4.18276423073812
1161 4.182843767088625
1162 4.1828668324790055
1163 4.182962146312549
1164 4.183025688868243
1165 4.1830892314239385
1166 4.183121002701786
1167 4.187411165312788
1168 4.194297696017877
1169 4.194585922885861
1170 4.194681236719404
1171 4.194843931493033
1172 4.195011896651801
1173 4.195212261482718
1174 4.1952353268730995
1175 4.195258392263482
1176 4.1953045230442445
1177 4.195868096158081
1178 4.195891161548462
1179 4.195938926621119
1180 4.196315231019555
1181 4.196413231741482
1182 4.196492768091986
1183 4.198865918082379
1184 4.1989454544328835
1185 4.199057729112775
1186 4.199183831434611
1187 4.199221256327908
1188 4.199328497249403
1189 4.199423811082945
1190 4.199856151384919
1191 4.19989778026826
1192 4.199920845658642
1193 4.199976834044898
1194 4.200030921877166
1195 4.200068346770463
1196 4.2001712147734445
1197 4.200240893518456
1198 4.20034253011161
1199 4.2006539628536075
1200 4.2007236415986196
1201 4.200755412876467
1202 4.2009080368141
1203 4.200939808091948
1204 4.451375860069756
1205 4.452264493210192
1206 4.452432458368961
1207 4.452717773650135
1208 4.452775042733327
1209 4.452867304294854
1210 4.452899075572701
1211 4.452945206353466
1212 4.454616321547289
1213 4.455560968742416
1214 4.4562943748726
1215 4.456363571043745
1216 4.463311809463085
1217 4.463357940243849
1218 4.463389711521696
1219 4.46439093315058
1220 4.464422704428427
1221 4.47269337740083
1222 4.472749131833492
1223 4.47290798822273
1224 4.473009624815884
1225 4.473032690206265
1226 4.473055755596647
1227 4.473252908536506
1228 4.4734946988389455
1229 4.474400522524097
1230 4.474437947417394
1231 4.474475372310692
1232 4.474538914866387
1233 4.474570686144235
1234 4.4747764221501996
1235 4.475127197369437
1236 4.475168826252777
1237 4.475210455136118
1238 4.475242226413965
1239 4.475288357194729
1240 4.475495945708165
1241 4.475591259541707
1242 4.476307086696247
1243 4.476395144267731
1244 4.4768415689632555
1245 4.476873340241104
1246 4.477256597141069
1247 4.480031032868227
1248 4.482155109304673
1249 4.482218651860369
1250 4.48226028074371
1251 4.482283346134092
1252 4.482329476914854
1253 4.482352542305236
1254 4.482548108483166
1255 4.483052517770503
1256 4.483213975503175
1257 4.483283654248187
1258 4.483315425526034
1259 4.483338490916417
1260 4.48346459323825
1261 4.483559907071793
1262 4.485593850372646
1263 4.485663046543792
1264 4.48583916168676
1265 4.485885292467523
1266 4.486050632240567
1267 4.486114174796262
1268 4.486263459271838
1269 4.486350236146385
1270 4.486387661039682
1271 4.488515178318063
1272 4.488608039216815
1273 4.488804221742871
1274 4.488991346209358
1275 4.489078123083906
1276 4.489147319255051
1277 4.489595172681777
1278 4.489626943959624
1279 4.489664368852922
1280 4.489812546405561
1281 4.489849971298859
1282 4.489887396192156
1283 4.49035963032771
1284 4.4904795964602275
1285 4.49055891649896
1286 4.490581981889342
1287 4.492452040417315
1288 4.492475105807697
1289 4.49257674240085
1290 4.492640284956545
1291 4.492956612369736
1292 4.494457205226459
1293 4.496221653217196
1294 4.496253424495043
1295 4.496573676496285
1296 4.4966296648825415
1297 4.496774395722458
1298 4.496881636643954
1299 4.496927767424716
1300 4.497011025191397
1301 4.497061175295718
1302 4.500930360375694
1303 4.501528817334058
1304 4.501560588611906
1305 4.501598013505204
1306 4.50204810776191
1307 4.5020897366452495
1308 4.502127161538548
1309 4.502158932816395
1310 4.50286229083855
1311 4.502885356228932
1312 4.50291712750678
1313 4.503082467279823
1314 4.503162003630328
1315 4.503392657534144
1316 4.504576860468374
1317 4.505081018383477
1318 4.530449613400522
1319 4.53298986287003
1320 4.534210319861361
1321 4.534256450642125
1322 4.534312439028381
1323 4.534344210306228
1324 4.53436727569661
1325 4.534558335987238
1326 4.534684438309072
1327 4.534707503699454
1328 4.554013120595022
1329 4.554221165668167
1330 4.55456386380721
1331 4.555211955920402
1332 4.55533192205292
1333 4.555363693330768
1334 4.556987120377122
1335 4.557205803537006
1336 4.557298065098533
1337 4.55748170418851
1338 4.557545246744206
1339 4.557601235130462
1340 4.557633006408309
1341 4.557664777686156
1342 4.557720766072412
1343 4.559444032081422
1344 4.559502689287363
1345 4.559525754677746
1346 4.559557525955593
1347 4.559892986409049
1348 4.563123237443207
1349 4.564657023353521
1350 4.564731873140118
1351 4.568651105875615
1352 4.56919154845057
1353 4.569283810012098
1354 4.569376071573625
1355 4.569468932472377
1356 4.584241007409037
1357 4.603394654474089
1358 4.6078269384641395
1359 4.607850003854522
1360 4.607887428747819
1361 4.607943417134075
1362 4.608254241089264
1363 4.608333777439769
1364 4.608371202333066
1365 4.608394267723448
1366 4.6086784654282145
1367 4.6092586147532275
1368 4.609281680143609
1369 4.609679361896131
1370 4.609702427286513
1371 4.6097398521798105
1372 4.610527331847098
1373 4.6106068681976025
1374 4.610735335458149
1375 4.61151906930284
1376 4.611588748047852
1377 4.611807431207736
1378 4.611870973763431
1379 4.611950293802164
1380 4.611973359192547
1381 4.612010784085844
1382 4.612965220291898
1383 4.61346093270066
1384 4.613633368111566
1385 4.613867056218702
1386 4.613930598774396
1387 4.613962370052243
1388 4.614008500833007
1389 4.6140459257263045
1390 4.6141956252994945
1391 4.614293626021422
1392 4.614316691411804
1393 4.614386370156815
1394 4.614449912712511
1395 4.614481683990358
1396 4.61450474938074
1397 4.614701902320601
1398 4.616460394826167
1399 4.616492166104014
1400 4.616641450579589
1401 4.616664515969971
1402 4.617024147626167
1403 4.6170615725194635
1404 4.617107703300228
1405 4.617419839405767
1406 4.617475827792023
1407 4.617545023963168
1408 4.617576795241015
1409 4.618114398487226
1410 4.620413290270292
1411 4.62045071516359
1412 4.621104151158433
1413 4.907183289216488
1414 4.907258139003083
1415 4.907384241324917
1416 4.90747955515846
1417 4.907548751329605
1418 4.907780938499972
1419 4.907836926886228
1420 4.90785999227661
1421 4.907883057666992
1422 4.907952736412003
1423 4.907990161305301
1424 4.908491667364658
1425 4.908571203715162
1426 4.908594269105545
1427 4.908855017997749
1428 4.9088999970604865
1429 4.908992258622014
1430 4.909118360943847
1431 4.90914142633423
1432 4.909191576438549
1433 4.90950371254409
1434 4.909535483821937
1435 4.909694556522946
1436 4.909853412912184
1437 4.910984960944982
1438 4.911032726017639
1439 4.912471252642422
1440 4.912531190972175
1441 4.912562962250024
1442 4.9127216023274904
1443 4.912809659898975
1444 4.9128414311768225
1445 4.91287320245467
1446 4.913060326921158
1447 4.913257479861018
1448 4.9133527936945605
1449 4.913375859084942
1450 4.919224053354252
1451 4.919331294275747
1452 4.919400973020757
1453 4.919520939153275
1454 4.919552710431122
1455 4.920071580972755
1456 4.920230653673762
1457 4.920318711245247
1458 4.920533193088238
1459 4.920564964366085
1460 4.9206209527523415
1461 4.9206769411385975
1462 4.9208040262499875
1463 4.920878876036583
1464 4.920934864422839
1465 4.9210597510728595
1466 4.921082816463242
1467 4.921658785518712
1468 4.921706550591368
1469 4.921770093147064
1470 4.921919377622639
1471 4.923699914112557
1472 4.924242257750536
1473 4.9244504021672375
1474 4.924487827060536
1475 4.924583140894078
1476 4.924703107026596
1477 4.924749237807359
1478 4.924931431480202
1479 4.924968856373499
1480 4.9252196068951
1481 4.9252426722854805
1482 4.925325930052162
1483 4.926126972007382
1484 4.92911328712979
1485 4.9291507120230875
1486 4.9292067004093445
1487 4.929229765799726
1488 4.929261537077574
1489 4.93457093151778
1490 4.934602702795628
1491 4.934685960562309
1492 4.935494657353695
1493 4.935685285020781
1494 4.935760134807376
1495 4.93617252822592
1496 4.936195593616302
1497 4.946407191773472
1498 4.946438963051319
1499 4.946508159222465
1500 4.9465717017781605
1501 4.946627690164416
1502 4.946720551063168
1503 4.946808608634653
1504 4.946920585407166
1505 4.946966716187928
1506 4.947011695250666
1507 4.947049120143963
1508 4.94708654503726
1509 4.947283697977119
1510 4.9473298287578835
1511 4.947352894148266
1512 4.954532123576063
1513 4.954735396762369
1514 4.954767168040217
1515 5.00868470080665
1516 5.008833985282224
1517 5.009965866143756
1518 5.010061179977298
1519 5.01016404798028
1520 5.0103353970498015
1521 5.0104050757948135
1522 5.010436847072661
1523 5.010708639019741
1524 5.010750267903082
1525 5.010773333293463
1526 5.010861390864948
1527 5.020316505917211
1528 5.0206201411928815
1529 5.020771957631832
1530 5.020795023022214
1531 5.020818088412595
1532 5.023810373204421
1533 5.023981722273942
1534 5.02410168840646
1535 5.024189745977944
1536 5.024290046186585
1537 5.0243823077481125
1538 5.024440964954053
1539 5.026319990919002
1540 5.026559923184037
1541 5.026863558459708
1542 5.027135350406788
1543 5.027252194460356
1544 5.02750833136576
1545 5.027562419198026
1546 5.027698025530397
1547 5.0277540139166526
1548 5.030780433404541
1549 5.031363162002953
1550 5.031442698353457
1551 5.031587429193372
1552 5.031639664518168
1553 5.03166272990855
1554 5.031737579695145
1555 5.031849854375038
1556 5.032862970254451
1557 5.032946228021131
1558 5.034358940899126
1559 5.03454956856621
1560 5.034613111121906
1561 5.034870045643
1562 5.034901816920847
1563 5.035893628707262
1564 5.03592539998511
1565 5.035957171262957
1566 5.036026367434102
1567 5.036058138711951
1568 5.036081204102331
1569 5.043885068346923
1570 5.047537756662745
1571 5.047560822053127
1572 5.047663690056108
1573 5.047759003889651
1574 5.04800079419209
1575 5.048116121143998
1576 5.048139186534382
1577 5.048363140079405
1578 5.04867174408835
1579 5.048694809478732
1580 5.048917208423665
1581 5.04950930989078
1582 5.049550938774121
1583 5.049606927160377
1584 5.04969498473186
1585 5.04993602667929
1586 5.0500950993802975
1587 5.050126870658146
1588 5.050949395055308
1589 5.051099094628498
1590 5.0516755483644635
1591 5.05184798377537
1592 5.052127925706651
1593 5.053165498506456
1594 5.05322904106215
1595 5.053285029448406
1596 5.053316800726254
1597 5.056544053616657
1598 5.0566235899671605
1599 5.0566932687121735
