2 2 0.1 0.1 6 1.5249371250834518
5 14 0.1 0.1 68 4.927812309960252
5 14 0.1 0.1 68 4.927812309960252
12 37 0.1 0.1 399 6.81055113125764
17 32 0.1 0.1 496 7.068313684229469
12 37 0.1 0.1 399 6.81055113125764
17 32 0.1 0.1 496 7.068313684229469
23 35 0.1 0.1 721 7.3451773892736805
23 35 0.1 0.1 721 7.3451773892736805
8 35 0.1 0.1 249 6.165092424990926
8 35 0.1 0.1 249 6.165092424990926
2 3 0.1 0.1 6 1.5605958956146844
2 3 0.1 0.1 6 1.5605958956146844
5 15 0.1 0.1 73 5.006761962076863
5 15 0.1 0.1 73 5.006761962076863
12 38 0.1 0.1 411 6.854935249143862
17 33 0.1 0.1 510 7.218303584290915
12 38 0.1 0.1 411 6.854935249143862
17 33 0.1 0.1 510 7.218303584290915
23 36 0.1 0.1 742 7.487808873684845
23 36 0.1 0.1 742 7.487808873684845
8 36 0.1 0.1 259 6.253969532153668
8 36 0.1 0.1 259 6.253969532153668
5 16 0.1 0.1 78 5.0704729381671525
5 16 0.1 0.1 78 5.0704729381671525
2 4 0.1 0.1 8 2.049135938263391
2 4 0.1 0.1 8 2.049135938263391
12 39 0.1 0.1 423 6.902561210604824
12 39 0.1 0.1 423 6.902561210604824
17 34 0.1 0.1 527 7.185537405326975
17 34 0.1 0.1 527 7.185537405326975
8 37 0.1 0.1 266 6.184400728229913
8 37 0.1 0.1 266 6.184400728229913
23 37 0.1 0.1 764 7.523269870737744
23 37 0.1 0.1 764 7.523269870737744
5 17 0.1 0.1 83 5.107720072918437
5 17 0.1 0.1 83 5.107720072918437
13 13 0.1 0.1 154 5.999222416443189
13 13 0.1 0.1 154 5.999222416443189
2 5 0.1 0.1 10 2.4169960973201943
2 5 0.1 0.1 10 2.4169960973201943
17 35 0.1 0.1 543 7.218800483843783
17 35 0.1 0.1 543 7.218800483843783
8 38 0.1 0.1 273 6.210898025830841
8 38 0.1 0.1 273 6.210898025830841
23 38 0.1 0.1 789 7.5724337077101085
23 38 0.1 0.1 789 7.5724337077101085
5 18 0.1 0.1 88 5.268540359246622
5 18 0.1 0.1 88 5.268540359246622
13 14 0.1 0.1 167 6.072662946594186
13 14 0.1 0.1 167 6.072662946594186
2 6 0.1 0.1 12 2.720601025545604
2 6 0.1 0.1 12 2.720601025545604
17 36 0.1 0.1 560 7.22788871506101
17 36 0.1 0.1 560 7.22788871506101
8 39 0.1 0.1 278 6.195022811198638
8 39 0.1 0.1 278 6.195022811198638
23 39 0.1 0.1 805 7.505456088242544
23 39 0.1 0.1 805 7.505456088242544
5 19 0.1 0.1 93 5.20757684701647
5 19 0.1 0.1 93 5.20757684701647
13 15 0.1 0.1 178 6.055418990204466
13 15 0.1 0.1 178 6.055418990204466
2 7 0.1 0.1 14 2.8979553174067036
2 7 0.1 0.1 14 2.8979553174067036
17 37 0.1 0.1 578 7.241586087253828
17 37 0.1 0.1 578 7.241586087253828
9 9 0.1 0.1 79 5.201091318880393
9 9 0.1 0.1 79 5.201091318880393
24 24 0.1 0.1 525 7.138346131824535
5 20 0.1 0.1 92 5.156476342974733
5 20 0.1 0.1 92 5.156476342974733
24 24 0.1 0.1 525 7.138346131824535
13 16 0.1 0.1 188 6.227405542318278
13 16 0.1 0.1 188 6.227405542318278
2 8 0.1 0.1 16 3.113026321653793
2 8 0.1 0.1 16 3.113026321653793
17 38 0.1 0.1 593 7.387644430982231
17 38 0.1 0.1 593 7.387644430982231
9 10 0.1 0.1 88 5.352177778156391
9 10 0.1 0.1 88 5.352177778156391
5 21 0.1 0.1 96 5.118396751892347
5 21 0.1 0.1 96 5.118396751892347
24 25 0.1 0.1 549 7.291306170059573
24 25 0.1 0.1 549 7.291306170059573
13 17 0.1 0.1 200 6.336191720872109
13 17 0.1 0.1 200 6.336191720872109
9 11 0.1 0.1 97 5.472257959710777
9 11 0.1 0.1 97 5.472257959710777
2 9 0.1 0.1 18 3.256841500192968
2 9 0.1 0.1 18 3.256841500192968
17 39 0.1 0.1 600 7.104247329311444
17 39 0.1 0.1 600 7.104247329311444
5 22 0.1 0.1 101 5.2427777458117
5 22 0.1 0.1 101 5.2427777458117
13 18 0.1 0.1 209 6.368799549894337
24 26 0.1 0.1 573 7.384862717241884
13 18 0.1 0.1 209 6.368799549894337
24 26 0.1 0.1 573 7.384862717241884
9 12 0.1 0.1 99 5.452924790938166
9 12 0.1 0.1 99 5.452924790938166
2 10 0.1 0.1 20 3.4095479689230306
2 10 0.1 0.1 20 3.4095479689230306
18 18 0.1 0.1 294 6.640963626441798
18 18 0.1 0.1 294 6.640963626441798
5 23 0.1 0.1 105 5.276315980673361
5 23 0.1 0.1 105 5.276315980673361
13 19 0.1 0.1 222 6.342792623909938
13 19 0.1 0.1 222 6.342792623909938
9 13 0.1 0.1 106 5.520048840409899
9 13 0.1 0.1 106 5.520048840409899
24 27 0.1 0.1 595 7.330101345780642
24 27 0.1 0.1 595 7.330101345780642
2 11 0.1 0.1 22 3.552986751549185
2 11 0.1 0.1 22 3.552986751549185
18 19 0.1 0.1 309 6.750140318041111
18 19 0.1 0.1 309 6.750140318041111
5 24 0.1 0.1 109 5.303154617719043
5 24 0.1 0.1 109 5.303154617719043
9 14 0.1 0.1 115 5.614941596967499
9 14 0.1 0.1 115 5.614941596967499
13 20 0.1 0.1 235 6.423079587848268
13 20 0.1 0.1 235 6.423079587848268
2 12 0.1 0.1 24 3.715795101305691
2 12 0.1 0.1 24 3.715795101305691
18 20 0.1 0.1 327 6.837510451332287
24 28 0.1 0.1 610 7.391058168974095
18 20 0.1 0.1 327 6.837510451332287
24 28 0.1 0.1 610 7.391058168974095
5 25 0.1 0.1 114 5.42370144648374
5 25 0.1 0.1 114 5.42370144648374
9 15 0.1 0.1 124 5.675348550077991
9 15 0.1 0.1 124 5.675348550077991
13 21 0.1 0.1 247 6.497827706064861
2 13 0.1 0.1 26 3.7854424534564584
13 21 0.1 0.1 247 6.497827706064861
2 13 0.1 0.1 26 3.7854424534564584
18 21 0.1 0.1 344 6.8282623596073275
18 21 0.1 0.1 344 6.8282623596073275
24 29 0.1 0.1 630 7.314898072513665
24 29 0.1 0.1 630 7.314898072513665
5 26 0.1 0.1 119 5.328689625203369
5 26 0.1 0.1 119 5.328689625203369
9 16 0.1 0.1 132 5.749989649119517
9 16 0.1 0.1 132 5.749989649119517
2 14 0.1 0.1 28 3.900556124285951
2 14 0.1 0.1 28 3.900556124285951
13 22 0.1 0.1 257 6.52858452621827
13 22 0.1 0.1 257 6.52858452621827
18 22 0.1 0.1 359 6.817318922383563
18 22 0.1 0.1 359 6.817318922383563
24 30 0.1 0.1 654 7.403097480436646
24 30 0.1 0.1 654 7.403097480436646
5 27 0.1 0.1 124 5.417480926565611
9 17 0.1 0.1 141 5.81455027876648
5 27 0.1 0.1 124 5.417480926565611
9 17 0.1 0.1 141 5.81455027876648
2 15 0.1 0.1 29 3.9285454986854096
2 15 0.1 0.1 29 3.9285454986854096
18 23 0.1 0.1 375 6.911205528146995
18 23 0.1 0.1 375 6.911205528146995
13 23 0.1 0.1 270 6.532498274759978
13 23 0.1 0.1 270 6.532498274759978
24 31 0.1 0.1 678 7.41889716512713
24 31 0.1 0.1 678 7.41889716512713
9 18 0.1 0.1 150 5.913138597735314
9 18 0.1 0.1 150 5.913138597735314
5 28 0.1 0.1 127 5.405104835895522
5 28 0.1 0.1 127 5.405104835895522
18 24 0.1 0.1 393 7.051624919526046
18 24 0.1 0.1 393 7.051624919526046
2 16 0.1 0.1 31 4.01421312596945
2 16 0.1 0.1 31 4.01421312596945
13 24 0.1 0.1 283 6.576201157900899
13 24 0.1 0.1 283 6.576201157900899
5 29 0.1 0.1 133 5.423050100703396
5 29 0.1 0.1 133 5.423050100703396
9 19 0.1 0.1 156 5.878887452439872
9 19 0.1 0.1 156 5.878887452439872
24 32 0.1 0.1 697 7.416880268867469
24 32 0.1 0.1 697 7.416880268867469
18 25 0.1 0.1 408 7.054833362866999
18 25 0.1 0.1 408 7.054833362866999
2 17 0.1 0.1 33 4.1019489343038416
2 17 0.1 0.1 33 4.1019489343038416
13 25 0.1 0.1 295 6.5248196660238005
13 25 0.1 0.1 295 6.5248196660238005
5 30 0.1 0.1 137 5.469698510372227
9 20 0.1 0.1 165 6.048266147062156
5 30 0.1 0.1 137 5.469698510372227
9 20 0.1 0.1 165 6.048266147062156
24 33 0.1 0.1 714 7.405719917441193
24 33 0.1 0.1 714 7.405719917441193
18 26 0.1 0.1 423 6.985285481941555
18 26 0.1 0.1 423 6.985285481941555
2 18 0.1 0.1 35 4.184056227236978
2 18 0.1 0.1 35 4.184056227236978
5 31 0.1 0.1 143 5.466946049255067
5 31 0.1 0.1 143 5.466946049255067
13 26 0.1 0.1 305 6.607412458225079
13 26 0.1 0.1 305 6.607412458225079
9 21 0.1 0.1 173 5.958139703789679
9 21 0.1 0.1 173 5.958139703789679
24 34 0.1 0.1 730 7.435948076875435
24 34 0.1 0.1 730 7.435948076875435
18 27 0.1 0.1 440 7.074994935359867
18 27 0.1 0.1 440 7.074994935359867
2 19 0.1 0.1 37 4.250731945506138
2 19 0.1 0.1 37 4.250731945506138
5 32 0.1 0.1 148 5.5338576848591705
5 32 0.1 0.1 148 5.5338576848591705
9 22 0.1 0.1 180 5.97248013750899
13 27 0.1 0.1 318 6.784864510678117
9 22 0.1 0.1 180 5.97248013750899
13 27 0.1 0.1 318 6.784864510678117
18 28 0.1 0.1 459 7.140587402899046
18 28 0.1 0.1 459 7.140587402899046
24 35 0.1 0.1 754 7.565818157567215
24 35 0.1 0.1 754 7.565818157567215
5 33 0.1 0.1 151 5.541964064371552
5 33 0.1 0.1 151 5.541964064371552
2 20 0.1 0.1 39 4.294647686839018
2 20 0.1 0.1 39 4.294647686839018
9 23 0.1 0.1 187 6.000214094358824
9 23 0.1 0.1 187 6.000214094358824
13 28 0.1 0.1 331 6.685762173810113
13 28 0.1 0.1 331 6.685762173810113
18 29 0.1 0.1 477 7.215910754825304
18 29 0.1 0.1 477 7.215910754825304
5 34 0.1 0.1 155 5.526332819255385
5 34 0.1 0.1 155 5.526332819255385
2 21 0.1 0.1 41 4.360665931888172
2 21 0.1 0.1 41 4.360665931888172
24 36 0.1 0.1 779 7.640122363058063
24 36 0.1 0.1 779 7.640122363058063
9 24 0.1 0.1 196 6.080504347235743
9 24 0.1 0.1 196 6.080504347235743
13 29 0.1 0.1 344 6.68008439617586
13 29 0.1 0.1 344 6.68008439617586
5 35 0.1 0.1 160 5.572344889926131
18 30 0.1 0.1 492 7.214103168182405
5 35 0.1 0.1 160 5.572344889926131
18 30 0.1 0.1 492 7.214103168182405
2 22 0.1 0.1 43 4.41314419187802
2 22 0.1 0.1 43 4.41314419187802
9 25 0.1 0.1 202 6.143465291574957
9 25 0.1 0.1 202 6.143465291574957
24 37 0.1 0.1 799 7.577524171355656
24 37 0.1 0.1 799 7.577524171355656
13 30 0.1 0.1 354 6.830072905916688
13 30 0.1 0.1 354 6.830072905916688
5 36 0.1 0.1 165 5.581167806131339
5 36 0.1 0.1 165 5.581167806131339
18 31 0.1 0.1 507 7.20600802822584
18 31 0.1 0.1 507 7.20600802822584
2 23 0.1 0.1 45 4.4521882553586565
2 23 0.1 0.1 45 4.4521882553586565
9 26 0.1 0.1 209 6.260938591220964
9 26 0.1 0.1 209 6.260938591220964
24 38 0.1 0.1 816 7.5454529775248
24 38 0.1 0.1 816 7.5454529775248
13 31 0.1 0.1 364 6.749095571523433
13 31 0.1 0.1 364 6.749095571523433
5 37 0.1 0.1 170 5.577626057840572
5 37 0.1 0.1 170 5.577626057840572
18 32 0.1 0.1 525 7.187639563750852
18 32 0.1 0.1 525 7.187639563750852
2 24 0.1 0.1 47 4.515644949998513
2 24 0.1 0.1 47 4.515644949998513
9 27 0.1 0.1 218 6.143443330393342
9 27 0.1 0.1 218 6.143443330393342
24 39 0.1 0.1 829 7.699093185475132
24 39 0.1 0.1 829 7.699093185475132
5 38 0.1 0.1 174 5.557289220465211
5 38 0.1 0.1 174 5.557289220465211
13 32 0.1 0.1 377 6.726674019011066
13 32 0.1 0.1 377 6.726674019011066
18 33 0.1 0.1 543 7.174322483008961
18 33 0.1 0.1 543 7.174322483008961
2 25 0.1 0.1 49 4.5770210172386525
2 25 0.1 0.1 49 4.5770210172386525
9 28 0.1 0.1 227 6.25391561434796
9 28 0.1 0.1 227 6.25391561434796
5 39 0.1 0.1 178 5.604355790069405
5 39 0.1 0.1 178 5.604355790069405
25 25 0.1 0.1 574 7.382919424691328
25 25 0.1 0.1 574 7.382919424691328
13 33 0.1 0.1 390 6.713688782744883
18 34 0.1 0.1 560 7.391505017279432
13 33 0.1 0.1 390 6.713688782744883
18 34 0.1 0.1 560 7.391505017279432
2 26 0.1 0.1 51 4.603697019040906
2 26 0.1 0.1 51 4.603697019040906
9 29 0.1 0.1 236 6.2492248713808936
9 29 0.1 0.1 236 6.2492248713808936
6 6 0.1 0.1 35 4.140857867505079
6 6 0.1 0.1 35 4.140857867505079
18 35 0.1 0.1 578 7.246632175321937
18 35 0.1 0.1 578 7.246632175321937
25 26 0.1 0.1 597 7.42037755201252
25 26 0.1 0.1 597 7.42037755201252
13 34 0.1 0.1 401 6.754492217951156
13 34 0.1 0.1 401 6.754492217951156
2 27 0.1 0.1 53 4.641080309564434
2 27 0.1 0.1 53 4.641080309564434
9 30 0.1 0.1 243 6.261446981804457
9 30 0.1 0.1 243 6.261446981804457
6 7 0.1 0.1 41 4.358025858772252
6 7 0.1 0.1 41 4.358025858772252
18 36 0.1 0.1 593 7.28411639098601
18 36 0.1 0.1 593 7.28411639098601
13 35 0.1 0.1 411 6.907228651000915
25 27 0.1 0.1 613 7.406634693253712
13 35 0.1 0.1 411 6.907228651000915
25 27 0.1 0.1 613 7.406634693253712
2 28 0.1 0.1 55 4.685978069801058
2 28 0.1 0.1 55 4.685978069801058
9 31 0.1 0.1 248 6.228604686972562
9 31 0.1 0.1 248 6.228604686972562
6 8 0.1 0.1 47 4.605492709824863
6 8 0.1 0.1 47 4.605492709824863
18 37 0.1 0.1 607 7.277122014727433
18 37 0.1 0.1 607 7.277122014727433
13 36 0.1 0.1 423 6.7654043623279625
25 28 0.1 0.1 634 7.378821010421644
13 36 0.1 0.1 423 6.7654043623279625
25 28 0.1 0.1 634 7.378821010421644
6 9 0.1 0.1 53 4.743151109555952
6 9 0.1 0.1 53 4.743151109555952
2 29 0.1 0.1 56 4.715730997512024
2 29 0.1 0.1 56 4.715730997512024
9 32 0.1 0.1 258 6.266916802883327
9 32 0.1 0.1 258 6.266916802883327
18 38 0.1 0.1 618 7.277118993997151
18 38 0.1 0.1 618 7.277118993997151
13 37 0.1 0.1 435 6.967521474050951
13 37 0.1 0.1 435 6.967521474050951
25 29 0.1 0.1 656 7.440880873907347
25 29 0.1 0.1 656 7.440880873907347
6 10 0.1 0.1 58 4.74867487648627
6 10 0.1 0.1 58 4.74867487648627
2 30 0.1 0.1 58 4.6945006871010095
2 30 0.1 0.1 58 4.6945006871010095
9 33 0.1 0.1 267 6.333964236621424
9 33 0.1 0.1 267 6.333964236621424
18 39 0.1 0.1 636 7.27096881637524
18 39 0.1 0.1 636 7.27096881637524
13 38 0.1 0.1 448 6.810339022005524
13 38 0.1 0.1 448 6.810339022005524
25 30 0.1 0.1 683 7.498468367825682
6 11 0.1 0.1 64 4.812465356327206
6 11 0.1 0.1 64 4.812465356327206
25 30 0.1 0.1 683 7.498468367825682
2 31 0.1 0.1 60 4.767910139880947
2 31 0.1 0.1 60 4.767910139880947
9 34 0.1 0.1 276 6.33514675123846
9 34 0.1 0.1 276 6.33514675123846
19 19 0.1 0.1 328 6.716896309854046
19 19 0.1 0.1 328 6.716896309854046
6 12 0.1 0.1 70 5.095879463772835
6 12 0.1 0.1 70 5.095879463772835
13 39 0.1 0.1 460 7.066331116140032
13 39 0.1 0.1 460 7.066331116140032
25 31 0.1 0.1 704 7.573904882349316
25 31 0.1 0.1 704 7.573904882349316
2 32 0.1 0.1 62 4.8244945884548285
2 32 0.1 0.1 62 4.8244945884548285
9 35 0.1 0.1 284 6.36778291312281
9 35 0.1 0.1 284 6.36778291312281
19 20 0.1 0.1 346 6.843864007831204
19 20 0.1 0.1 346 6.843864007831204
6 13 0.1 0.1 76 4.951921303044481
6 13 0.1 0.1 76 4.951921303044481
14 14 0.1 0.1 179 6.133976714992741
14 14 0.1 0.1 179 6.133976714992741
25 32 0.1 0.1 718 7.5656460886898
25 32 0.1 0.1 718 7.5656460886898
2 33 0.1 0.1 64 4.843659786841839
2 33 0.1 0.1 64 4.843659786841839
19 21 0.1 0.1 361 6.792451563420704
19 21 0.1 0.1 361 6.792451563420704
9 36 0.1 0.1 294 6.4272816480566375
9 36 0.1 0.1 294 6.4272816480566375
6 14 0.1 0.1 82 5.181281838334546
6 14 0.1 0.1 82 5.181281838334546
14 15 0.1 0.1 190 6.2044681160450486
14 15 0.1 0.1 190 6.2044681160450486
2 34 0.1 0.1 66 4.904534950788481
2 34 0.1 0.1 66 4.904534950788481
19 22 0.1 0.1 379 6.880120977484277
19 22 0.1 0.1 379 6.880120977484277
25 33 0.1 0.1 740 7.693254067861655
25 33 0.1 0.1 740 7.693254067861655
9 37 0.1 0.1 298 6.363870583125246
9 37 0.1 0.1 298 6.363870583125246
6 15 0.1 0.1 88 5.228649752938874
6 15 0.1 0.1 88 5.228649752938874
14 16 0.1 0.1 202 6.306448577534032
14 16 0.1 0.1 202 6.306448577534032
2 35 0.1 0.1 68 4.958458271442787
2 35 0.1 0.1 68 4.958458271442787
19 23 0.1 0.1 398 6.9626456942808215
19 23 0.1 0.1 398 6.9626456942808215
9 38 0.1 0.1 305 6.380697323994194
6 16 0.1 0.1 94 5.262166428702007
6 16 0.1 0.1 94 5.262166428702007
9 38 0.1 0.1 305 6.380697323994194
25 34 0.1 0.1 765 7.553512699046734
25 34 0.1 0.1 765 7.553512699046734
14 17 0.1 0.1 213 6.341115184672732
14 17 0.1 0.1 213 6.341115184672732
6 17 0.1 0.1 93 5.316935819733506
6 17 0.1 0.1 93 5.316935819733506
19 24 0.1 0.1 413 6.93123455820333
19 24 0.1 0.1 413 6.93123455820333
2 36 0.1 0.1 70 4.9538938336698015
2 36 0.1 0.1 70 4.9538938336698015
9 39 0.1 0.1 316 6.357456678171358
9 39 0.1 0.1 316 6.357456678171358
25 35 0.1 0.1 789 7.552620512445636
25 35 0.1 0.1 789 7.552620512445636
14 18 0.1 0.1 227 6.3856544314449994
14 18 0.1 0.1 227 6.3856544314449994
6 18 0.1 0.1 99 5.35364159737047
6 18 0.1 0.1 99 5.35364159737047
2 37 0.1 0.1 72 4.96172484119715
2 37 0.1 0.1 72 4.96172484119715
19 25 0.1 0.1 430 6.923857359625791
19 25 0.1 0.1 430 6.923857359625791
10 10 0.1 0.1 92 5.304720108445403
10 10 0.1 0.1 92 5.304720108445403
14 19 0.1 0.1 241 6.564710383958561
14 19 0.1 0.1 241 6.564710383958561
25 36 0.1 0.1 809 7.514284753239036
25 36 0.1 0.1 809 7.514284753239036
6 19 0.1 0.1 104 5.4114719867648775
6 19 0.1 0.1 104 5.4114719867648775
2 38 0.1 0.1 74 5.032229486695367
2 38 0.1 0.1 74 5.032229486695367
19 26 0.1 0.1 449 7.077451299531436
19 26 0.1 0.1 449 7.077451299531436
10 11 0.1 0.1 101 5.521022019104147
10 11 0.1 0.1 101 5.521022019104147
14 20 0.1 0.1 251 6.447283046316541
14 20 0.1 0.1 251 6.447283046316541
6 20 0.1 0.1 109 5.343714734885312
6 20 0.1 0.1 109 5.343714734885312
25 37 0.1 0.1 824 7.580170353410157
25 37 0.1 0.1 824 7.580170353410157
2 39 0.1 0.1 76 5.052518649452092
2 39 0.1 0.1 76 5.052518649452092
19 27 0.1 0.1 468 7.227093889944339
19 27 0.1 0.1 468 7.227093889944339
10 12 0.1 0.1 109 5.394837890203636
10 12 0.1 0.1 109 5.394837890203636
14 21 0.1 0.1 265 6.383364685228989
14 21 0.1 0.1 265 6.383364685228989
6 21 0.1 0.1 115 5.452963168442099
6 21 0.1 0.1 115 5.452963168442099
25 38 0.1 0.1 846 7.54902158545956
25 38 0.1 0.1 846 7.54902158545956
3 3 0.1 0.1 9 2.188627581565859
3 3 0.1 0.1 9 2.188627581565859
19 28 0.1 0.1 487 7.176547652756647
19 28 0.1 0.1 487 7.176547652756647
10 13 0.1 0.1 119 5.629012055648619
10 13 0.1 0.1 119 5.629012055648619
14 22 0.1 0.1 279 6.6541231761202
14 22 0.1 0.1 279 6.6541231761202
6 22 0.1 0.1 121 5.5101689788159804
6 22 0.1 0.1 121 5.5101689788159804
3 4 0.1 0.1 12 2.6348736458088364
3 4 0.1 0.1 12 2.6348736458088364
25 39 0.1 0.1 868 7.8276930811886904
25 39 0.1 0.1 868 7.8276930811886904
19 29 0.1 0.1 502 7.282300175081521
19 29 0.1 0.1 502 7.282300175081521
10 14 0.1 0.1 128 5.778814324694114
10 14 0.1 0.1 128 5.778814324694114
14 23 0.1 0.1 293 6.6195130330873155
14 23 0.1 0.1 293 6.6195130330873155
6 23 0.1 0.1 126 5.626049984926381
6 23 0.1 0.1 126 5.626049984926381
19 30 0.1 0.1 518 7.262942480449674
3 5 0.1 0.1 15 2.976799681076027
3 5 0.1 0.1 15 2.976799681076027
19 30 0.1 0.1 518 7.262942480449674
26 26 0.1 0.1 612 7.444649117396302
26 26 0.1 0.1 612 7.444649117396302
10 15 0.1 0.1 138 5.832324522214447
10 15 0.1 0.1 138 5.832324522214447
14 24 0.1 0.1 304 6.547408944254486
14 24 0.1 0.1 304 6.547408944254486
6 24 0.1 0.1 132 5.525129587404545
6 24 0.1 0.1 132 5.525129587404545
19 31 0.1 0.1 538 7.283175146195964
19 31 0.1 0.1 538 7.283175146195964
3 6 0.1 0.1 18 3.24940122822379
3 6 0.1 0.1 18 3.24940122822379
10 16 0.1 0.1 148 5.851192595560621
10 16 0.1 0.1 148 5.851192595560621
26 27 0.1 0.1 635 7.480796905245777
26 27 0.1 0.1 635 7.480796905245777
14 25 0.1 0.1 317 6.576384640898758
6 25 0.1 0.1 138 5.667377285309836
6 25 0.1 0.1 138 5.667377285309836
14 25 0.1 0.1 317 6.576384640898758
19 32 0.1 0.1 556 7.344816046674229
19 32 0.1 0.1 556 7.344816046674229
3 7 0.1 0.1 21 3.3970235776997955
3 7 0.1 0.1 21 3.3970235776997955
10 17 0.1 0.1 155 5.947942283826182
10 17 0.1 0.1 155 5.947942283826182
26 28 0.1 0.1 662 7.465981880593599
26 28 0.1 0.1 662 7.465981880593599
6 26 0.1 0.1 144 5.624020484209961
6 26 0.1 0.1 144 5.624020484209961
14 26 0.1 0.1 331 6.684531813994783
14 26 0.1 0.1 331 6.684531813994783
19 33 0.1 0.1 576 7.367802178466531
19 33 0.1 0.1 576 7.367802178466531
3 8 0.1 0.1 24 3.618362162017102
3 8 0.1 0.1 24 3.618362162017102
10 18 0.1 0.1 165 6.0995633582716815
10 18 0.1 0.1 165 6.0995633582716815
26 29 0.1 0.1 687 7.554065302044345
26 29 0.1 0.1 687 7.554065302044345
6 27 0.1 0.1 150 5.644942362859988
6 27 0.1 0.1 150 5.644942362859988
14 27 0.1 0.1 344 6.6608337605444525
14 27 0.1 0.1 344 6.6608337605444525
3 9 0.1 0.1 27 3.780912632089482
3 9 0.1 0.1 27 3.780912632089482
19 34 0.1 0.1 592 7.239584840928504
19 34 0.1 0.1 592 7.239584840928504
10 19 0.1 0.1 174 6.01747764208939
10 19 0.1 0.1 174 6.01747764208939
6 28 0.1 0.1 154 5.643546725473363
6 28 0.1 0.1 154 5.643546725473363
26 30 0.1 0.1 707 7.549309325245585
26 30 0.1 0.1 707 7.549309325245585
3 10 0.1 0.1 29 3.836617777777044
3 10 0.1 0.1 29 3.836617777777044
14 28 0.1 0.1 356 6.831275885539492
19 35 0.1 0.1 607 7.216211083713799
14 28 0.1 0.1 356 6.831275885539492
19 35 0.1 0.1 607 7.216211083713799
10 20 0.1 0.1 181 6.102328017863556
10 20 0.1 0.1 181 6.102328017863556
6 29 0.1 0.1 159 5.641062610833147
6 29 0.1 0.1 159 5.641062610833147
3 11 0.1 0.1 32 4.0415481636661035
3 11 0.1 0.1 32 4.0415481636661035
19 36 0.1 0.1 618 7.3901953703440055
26 31 0.1 0.1 723 7.515092533461097
19 36 0.1 0.1 618 7.3901953703440055
26 31 0.1 0.1 723 7.515092533461097
14 29 0.1 0.1 367 6.691583383647185
14 29 0.1 0.1 367 6.691583383647185
10 21 0.1 0.1 190 6.131866842571507
6 30 0.1 0.1 165 5.731616315891507
10 21 0.1 0.1 190 6.131866842571507
6 30 0.1 0.1 165 5.731616315891507
3 12 0.1 0.1 35 4.138810738934857
3 12 0.1 0.1 35 4.138810738934857
19 37 0.1 0.1 635 7.301124776231303
19 37 0.1 0.1 635 7.301124776231303
26 32 0.1 0.1 748 7.586689306564375
26 32 0.1 0.1 748 7.586689306564375
14 30 0.1 0.1 381 6.921185171140528
14 30 0.1 0.1 381 6.921185171140528
6 31 0.1 0.1 171 5.7785724776268745
6 31 0.1 0.1 171 5.7785724776268745
10 22 0.1 0.1 199 6.089000455317293
10 22 0.1 0.1 199 6.089000455317293
3 13 0.1 0.1 38 4.136081005975212
3 13 0.1 0.1 38 4.136081005975212
19 38 0.1 0.1 655 7.336879072839082
19 38 0.1 0.1 655 7.336879072839082
14 31 0.1 0.1 395 6.871174212163379
14 31 0.1 0.1 395 6.871174212163379
26 33 0.1 0.1 772 7.738460843902398
26 33 0.1 0.1 772 7.738460843902398
6 32 0.1 0.1 176 5.759451376552099
6 32 0.1 0.1 176 5.759451376552099
10 23 0.1 0.1 206 6.279555082871319
10 23 0.1 0.1 206 6.279555082871319
3 14 0.1 0.1 41 4.236328023834365
3 14 0.1 0.1 41 4.236328023834365
19 39 0.1 0.1 671 7.3806990000505
19 39 0.1 0.1 671 7.3806990000505
14 32 0.1 0.1 406 7.010543916794628
14 32 0.1 0.1 406 7.010543916794628
26 34 0.1 0.1 797 7.68963757744325
6 33 0.1 0.1 179 5.744725579649119
26 34 0.1 0.1 797 7.68963757744325
6 33 0.1 0.1 179 5.744725579649119
10 24 0.1 0.1 215 6.270535630616218
10 24 0.1 0.1 215 6.270535630616218
3 15 0.1 0.1 44 4.35267866574244
3 15 0.1 0.1 44 4.35267866574244
20 20 0.1 0.1 362 6.852269639521617
20 20 0.1 0.1 362 6.852269639521617
14 33 0.1 0.1 418 6.76276810034802
14 33 0.1 0.1 418 6.76276810034802
6 34 0.1 0.1 184 5.7490909702333655
6 34 0.1 0.1 184 5.7490909702333655
26 35 0.1 0.1 817 7.606673917361313
26 35 0.1 0.1 817 7.606673917361313
10 25 0.1 0.1 225 6.228521767946429
10 25 0.1 0.1 225 6.228521767946429
20 21 0.1 0.1 381 6.875079619050445
3 16 0.1 0.1 47 4.424421764824812
3 16 0.1 0.1 47 4.424421764824812
20 21 0.1 0.1 381 6.875079619050445
14 34 0.1 0.1 431 6.944140856895732
14 34 0.1 0.1 431 6.944140856895732
6 35 0.1 0.1 189 5.806688330863243
6 35 0.1 0.1 189 5.806688330863243
10 26 0.1 0.1 235 6.4135752859443365
10 26 0.1 0.1 235 6.4135752859443365
26 36 0.1 0.1 831 7.629826547272585
26 36 0.1 0.1 831 7.629826547272585
20 22 0.1 0.1 400 6.992482488776629
20 22 0.1 0.1 400 6.992482488776629
3 17 0.1 0.1 50 4.446351267298924
3 17 0.1 0.1 50 4.446351267298924
6 36 0.1 0.1 196 5.789926506889744
14 35 0.1 0.1 444 6.8515345204955285
6 36 0.1 0.1 196 5.789926506889744
14 35 0.1 0.1 444 6.8515345204955285
10 27 0.1 0.1 244 6.2690019300686375
10 27 0.1 0.1 244 6.2690019300686375
26 37 0.1 0.1 858 7.822234811074142
26 37 0.1 0.1 858 7.822234811074142
20 23 0.1 0.1 416 7.023335205810623
20 23 0.1 0.1 416 7.023335205810623
3 18 0.1 0.1 53 4.556883396849463
3 18 0.1 0.1 53 4.556883396849463
6 37 0.1 0.1 198 5.822407273824926
6 37 0.1 0.1 198 5.822407273824926
14 36 0.1 0.1 459 7.106361916583343
14 36 0.1 0.1 459 7.106361916583343
10 28 0.1 0.1 251 6.264117876281244
10 28 0.1 0.1 251 6.264117876281244
26 38 0.1 0.1 884 7.684173733015149
26 38 0.1 0.1 884 7.684173733015149
20 24 0.1 0.1 435 7.052763318312806
20 24 0.1 0.1 435 7.052763318312806
3 19 0.1 0.1 55 4.558082631138344
3 19 0.1 0.1 55 4.558082631138344
6 38 0.1 0.1 204 5.8225373137760394
6 38 0.1 0.1 204 5.8225373137760394
14 37 0.1 0.1 471 6.86552355526984
14 37 0.1 0.1 471 6.86552355526984
10 29 0.1 0.1 261 6.378158798730431
10 29 0.1 0.1 261 6.378158798730431
20 25 0.1 0.1 455 7.097689033133769
20 25 0.1 0.1 455 7.097689033133769
26 39 0.1 0.1 936 7.7178907666468595
26 39 0.1 0.1 936 7.7178907666468595
3 20 0.1 0.1 58 4.610486163607976
3 20 0.1 0.1 58 4.610486163607976
6 39 0.1 0.1 208 5.882908618798445
6 39 0.1 0.1 208 5.882908618798445
14 38 0.1 0.1 486 7.007768445196718
10 30 0.1 0.1 271 6.5203148602825225
14 38 0.1 0.1 486 7.007768445196718
10 30 0.1 0.1 271 6.5203148602825225
20 26 0.1 0.1 475 7.096071933370916
20 26 0.1 0.1 475 7.096071933370916
27 27 0.1 0.1 662 7.460529563858276
27 27 0.1 0.1 662 7.460529563858276
3 21 0.1 0.1 61 4.663399546640544
3 21 0.1 0.1 61 4.663399546640544
7 7 0.1 0.1 48 4.585240131001352
7 7 0.1 0.1 48 4.585240131001352
10 31 0.1 0.1 280 6.441824349011124
10 31 0.1 0.1 280 6.441824349011124
14 39 0.1 0.1 494 7.039629779370832
14 39 0.1 0.1 494 7.039629779370832
20 27 0.1 0.1 493 7.183566161027141
20 27 0.1 0.1 493 7.183566161027141
3 22 0.1 0.1 64 4.71894926139891
3 22 0.1 0.1 64 4.71894926139891
27 28 0.1 0.1 686 7.5044268947357295
27 28 0.1 0.1 686 7.5044268947357295
7 8 0.1 0.1 55 4.724648115962086
7 8 0.1 0.1 55 4.724648115962086
15 15 0.1 0.1 203 6.24739474550316
15 15 0.1 0.1 203 6.24739474550316
10 32 0.1 0.1 289 6.50426750115511
10 32 0.1 0.1 289 6.50426750115511
20 28 0.1 0.1 509 7.103261540546942
20 28 0.1 0.1 509 7.103261540546942
7 9 0.1 0.1 61 4.885300673857719
7 9 0.1 0.1 61 4.885300673857719
3 23 0.1 0.1 67 4.74689874938922
3 23 0.1 0.1 67 4.74689874938922
27 29 0.1 0.1 707 7.5713386043065425
27 29 0.1 0.1 707 7.5713386043065425
15 16 0.1 0.1 215 6.244759386587389
15 16 0.1 0.1 215 6.244759386587389
10 33 0.1 0.1 295 6.469637592210858
10 33 0.1 0.1 295 6.469637592210858
20 29 0.1 0.1 528 7.233121627897191
20 29 0.1 0.1 528 7.233121627897191
7 10 0.1 0.1 68 4.995608397830269
7 10 0.1 0.1 68 4.995608397830269
3 24 0.1 0.1 70 4.785814460501479
3 24 0.1 0.1 70 4.785814460501479
27 30 0.1 0.1 726 7.5400713261574
27 30 0.1 0.1 726 7.5400713261574
15 17 0.1 0.1 230 6.3729404274160695
15 17 0.1 0.1 230 6.3729404274160695
10 34 0.1 0.1 304 6.5323371043081115
10 34 0.1 0.1 304 6.5323371043081115
20 30 0.1 0.1 548 7.2780599754895325
20 30 0.1 0.1 548 7.2780599754895325
7 11 0.1 0.1 75 5.158571982632618
7 11 0.1 0.1 75 5.158571982632618
3 25 0.1 0.1 73 4.878015430730938
3 25 0.1 0.1 73 4.878015430730938
27 31 0.1 0.1 753 7.557255030450301
27 31 0.1 0.1 753 7.557255030450301
15 18 0.1 0.1 244 6.434335579519749
15 18 0.1 0.1 244 6.434335579519749
10 35 0.1 0.1 315 6.482593528182499
10 35 0.1 0.1 315 6.482593528182499
20 31 0.1 0.1 568 7.319658753027884
20 31 0.1 0.1 568 7.319658753027884
7 12 0.1 0.1 82 5.261124766434258
7 12 0.1 0.1 82 5.261124766434258
3 26 0.1 0.1 76 4.910584635406584
3 26 0.1 0.1 76 4.910584635406584
15 19 0.1 0.1 256 6.465672428412843
15 19 0.1 0.1 256 6.465672428412843
27 32 0.1 0.1 780 7.65496231507863
27 32 0.1 0.1 780 7.65496231507863
20 32 0.1 0.1 588 7.328810343068229
10 36 0.1 0.1 326 6.4998574142765495
20 32 0.1 0.1 588 7.328810343068229
10 36 0.1 0.1 326 6.4998574142765495
7 13 0.1 0.1 89 5.464214209213256
7 13 0.1 0.1 89 5.464214209213256
3 27 0.1 0.1 79 4.938556021143181
3 27 0.1 0.1 79 4.938556021143181
15 20 0.1 0.1 271 6.535664637550375
15 20 0.1 0.1 271 6.535664637550375
20 33 0.1 0.1 603 7.310050927906366
20 33 0.1 0.1 603 7.310050927906366
10 37 0.1 0.1 333 6.559133920053941
10 37 0.1 0.1 333 6.559133920053941
27 33 0.1 0.1 801 7.666812292037604
27 33 0.1 0.1 801 7.666812292037604
7 14 0.1 0.1 96 5.3276400794230625
7 14 0.1 0.1 96 5.3276400794230625
3 28 0.1 0.1 82 4.962640960763566
3 28 0.1 0.1 82 4.962640960763566
15 21 0.1 0.1 286 6.541117860202222
20 34 0.1 0.1 615 7.250627252335317
15 21 0.1 0.1 286 6.541117860202222
20 34 0.1 0.1 615 7.250627252335317
10 38 0.1 0.1 344 6.654269489652023
10 38 0.1 0.1 344 6.654269489652023
27 34 0.1 0.1 819 7.5968910305312365
27 34 0.1 0.1 819 7.5968910305312365
7 15 0.1 0.1 96 5.3990309531606835
7 15 0.1 0.1 96 5.3990309531606835
3 29 0.1 0.1 85 4.9762782829761365
15 22 0.1 0.1 299 6.7756733732905925
3 29 0.1 0.1 85 4.9762782829761365
15 22 0.1 0.1 299 6.7756733732905925
20 35 0.1 0.1 631 7.356993850606343
20 35 0.1 0.1 631 7.356993850606343
10 39 0.1 0.1 349 6.574267408581715
10 39 0.1 0.1 349 6.574267408581715
7 16 0.1 0.1 102 5.39184923856736
7 16 0.1 0.1 102 5.39184923856736
27 35 0.1 0.1 842 7.7951079964627885
27 35 0.1 0.1 842 7.7951079964627885
3 30 0.1 0.1 88 5.015797915543632
3 30 0.1 0.1 88 5.015797915543632
15 23 0.1 0.1 312 6.683232316367612
15 23 0.1 0.1 312 6.683232316367612
20 36 0.1 0.1 653 7.37082632296569
20 36 0.1 0.1 653 7.37082632296569
11 11 0.1 0.1 110 5.352231968095123
11 11 0.1 0.1 110 5.352231968095123
7 17 0.1 0.1 108 5.558536518140243
7 17 0.1 0.1 108 5.558536518140243
27 36 0.1 0.1 866 7.818413719819677
27 36 0.1 0.1 866 7.818413719819677
3 31 0.1 0.1 91 5.061163655910136
3 31 0.1 0.1 91 5.061163655910136
15 24 0.1 0.1 327 6.8009232808793465
20 37 0.1 0.1 671 7.362353873074988
15 24 0.1 0.1 327 6.8009232808793465
20 37 0.1 0.1 671 7.362353873074988
11 12 0.1 0.1 121 5.732460756048068
11 12 0.1 0.1 121 5.732460756048068
7 18 0.1 0.1 115 5.378796614996591
7 18 0.1 0.1 115 5.378796614996591
3 32 0.1 0.1 94 5.098977684817916
3 32 0.1 0.1 94 5.098977684817916
27 37 0.1 0.1 894 7.686246174003817
27 37 0.1 0.1 894 7.686246174003817
20 38 0.1 0.1 690 7.358620487404517
20 38 0.1 0.1 690 7.358620487404517
15 25 0.1 0.1 342 6.806750982759163
15 25 0.1 0.1 342 6.806750982759163
11 13 0.1 0.1 131 5.77082507330121
11 13 0.1 0.1 131 5.77082507330121
7 19 0.1 0.1 122 5.498110187774151
7 19 0.1 0.1 122 5.498110187774151
3 33 0.1 0.1 97 5.1342539207636175
3 33 0.1 0.1 97 5.1342539207636175
20 39 0.1 0.1 705 7.411021141340463
27 38 0.1 0.1 951 7.718367597965506
20 39 0.1 0.1 705 7.411021141340463
11 14 0.1 0.1 142 5.900009887823662
11 14 0.1 0.1 142 5.900009887823662
27 38 0.1 0.1 951 7.718367597965506
15 26 0.1 0.1 354 6.850947557788754
15 26 0.1 0.1 354 6.850947557788754
7 20 0.1 0.1 128 5.408754145540123
7 20 0.1 0.1 128 5.408754145540123
11 15 0.1 0.1 152 5.9160120092050095
3 34 0.1 0.1 93 5.016575130480684
11 15 0.1 0.1 152 5.9160120092050095
3 34 0.1 0.1 93 5.016575130480684
21 21 0.1 0.1 401 7.027187214665217
21 21 0.1 0.1 401 7.027187214665217
27 39 0.1 0.1 973 7.781222644015605
27 39 0.1 0.1 973 7.781222644015605
15 27 0.1 0.1 366 6.808067578010215
15 27 0.1 0.1 366 6.808067578010215
7 21 0.1 0.1 135 5.773549999321234
11 16 0.1 0.1 161 6.094348057480812
7 21 0.1 0.1 135 5.773549999321234
11 16 0.1 0.1 161 6.094348057480812
3 35 0.1 0.1 96 5.110878682523877
3 35 0.1 0.1 96 5.110878682523877
21 22 0.1 0.1 418 7.0317503669001615
21 22 0.1 0.1 418 7.0317503669001615
28 28 0.1 0.1 709 7.472419246813384
28 28 0.1 0.1 709 7.472419246813384
15 28 0.1 0.1 381 6.899513709355035
15 28 0.1 0.1 381 6.899513709355035
7 22 0.1 0.1 142 5.692084040278297
11 17 0.1 0.1 172 6.100981352416254
7 22 0.1 0.1 142 5.692084040278297
11 17 0.1 0.1 172 6.100981352416254
3 36 0.1 0.1 99 5.07411382768354
3 36 0.1 0.1 99 5.07411382768354
21 23 0.1 0.1 438 7.028505985221792
21 23 0.1 0.1 438 7.028505985221792
28 29 0.1 0.1 728 7.568368299942055
7 23 0.1 0.1 149 5.779806939194316
7 23 0.1 0.1 149 5.779806939194316
28 29 0.1 0.1 728 7.568368299942055
15 29 0.1 0.1 396 6.93271167907365
11 18 0.1 0.1 180 6.090689570631171
15 29 0.1 0.1 396 6.93271167907365
11 18 0.1 0.1 180 6.090689570631171
21 24 0.1 0.1 459 7.0334042871687705
21 24 0.1 0.1 459 7.0334042871687705
3 37 0.1 0.1 102 5.080425860293073
3 37 0.1 0.1 102 5.080425860293073
7 24 0.1 0.1 154 5.840253380199265
7 24 0.1 0.1 154 5.840253380199265
28 30 0.1 0.1 753 7.686913031771673
11 19 0.1 0.1 189 6.084928075657086
28 30 0.1 0.1 753 7.686913031771673
11 19 0.1 0.1 189 6.084928075657086
15 30 0.1 0.1 408 6.894823265094531
15 30 0.1 0.1 408 6.894823265094531
21 25 0.1 0.1 480 7.14332532188996
21 25 0.1 0.1 480 7.14332532188996
3 38 0.1 0.1 104 5.1321072767514995
3 38 0.1 0.1 104 5.1321072767514995
7 25 0.1 0.1 160 5.7073500730102635
7 25 0.1 0.1 160 5.7073500730102635
11 20 0.1 0.1 199 6.1450639643452805
11 20 0.1 0.1 199 6.1450639643452805
28 31 0.1 0.1 781 7.62492463664079
15 31 0.1 0.1 419 6.846488134650542
15 31 0.1 0.1 419 6.846488134650542
28 31 0.1 0.1 781 7.62492463664079
21 26 0.1 0.1 498 7.148051822399346
21 26 0.1 0.1 498 7.148051822399346
3 39 0.1 0.1 106 5.133387334190823
3 39 0.1 0.1 106 5.133387334190823
7 26 0.1 0.1 167 5.721314226202948
7 26 0.1 0.1 167 5.721314226202948
11 21 0.1 0.1 207 6.262055030678425
11 21 0.1 0.1 207 6.262055030678425
15 32 0.1 0.1 434 6.8715585857377866
15 32 0.1 0.1 434 6.8715585857377866
28 32 0.1 0.1 806 7.510575034517844
28 32 0.1 0.1 806 7.510575034517844
21 27 0.1 0.1 515 7.230816583364525
21 27 0.1 0.1 515 7.230816583364525
4 4 0.1 0.1 16 3.0714101480223914
4 4 0.1 0.1 16 3.0714101480223914
7 27 0.1 0.1 173 5.9014507892082895
7 27 0.1 0.1 173 5.9014507892082895
11 22 0.1 0.1 217 6.2229126615829715
11 22 0.1 0.1 217 6.2229126615829715
15 33 0.1 0.1 450 6.954525697195304
15 33 0.1 0.1 450 6.954525697195304
21 28 0.1 0.1 536 7.225228440920682
21 28 0.1 0.1 536 7.225228440920682
28 33 0.1 0.1 825 7.66283398270053
28 33 0.1 0.1 825 7.66283398270053
4 5 0.1 0.1 20 3.348032090577026
4 5 0.1 0.1 20 3.348032090577026
7 28 0.1 0.1 179 5.8615275062217105
7 28 0.1 0.1 179 5.8615275062217105
11 23 0.1 0.1 228 6.2861298723911485
11 23 0.1 0.1 228 6.2861298723911485
21 29 0.1 0.1 557 7.255065992222582
21 29 0.1 0.1 557 7.255065992222582
15 34 0.1 0.1 465 6.982689399479149
15 34 0.1 0.1 465 6.982689399479149
28 34 0.1 0.1 848 7.599708393210059
28 34 0.1 0.1 848 7.599708393210059
4 6 0.1 0.1 24 3.6692059405215023
4 6 0.1 0.1 24 3.6692059405215023
7 29 0.1 0.1 183 5.96474446481146
7 29 0.1 0.1 183 5.96474446481146
11 24 0.1 0.1 239 6.316200634166651
11 24 0.1 0.1 239 6.316200634166651
21 30 0.1 0.1 578 7.438684988517758
21 30 0.1 0.1 578 7.438684988517758
15 35 0.1 0.1 479 7.012438669192
15 35 0.1 0.1 479 7.012438669192
28 35 0.1 0.1 877 7.631453275371278
28 35 0.1 0.1 877 7.631453275371278
4 7 0.1 0.1 28 3.841739634992239
4 7 0.1 0.1 28 3.841739634992239
7 30 0.1 0.1 190 5.920378423492662
7 30 0.1 0.1 190 5.920378423492662
21 31 0.1 0.1 596 7.276120604345145
11 25 0.1 0.1 248 6.326348095737898
11 25 0.1 0.1 248 6.326348095737898
21 31 0.1 0.1 596 7.276120604345145
15 36 0.1 0.1 492 7.139650656674307
15 36 0.1 0.1 492 7.139650656674307
4 8 0.1 0.1 31 3.9745885309163786
4 8 0.1 0.1 31 3.9745885309163786
28 36 0.1 0.1 933 7.741306457017419
28 36 0.1 0.1 933 7.741306457017419
7 31 0.1 0.1 197 5.853925426700524
7 31 0.1 0.1 197 5.853925426700524
21 32 0.1 0.1 610 7.301810734770718
11 26 0.1 0.1 257 6.3641017532626725
21 32 0.1 0.1 610 7.301810734770718
11 26 0.1 0.1 257 6.3641017532626725
15 37 0.1 0.1 504 6.995226192989224
15 37 0.1 0.1 504 6.995226192989224
4 9 0.1 0.1 35 4.244837740210737
4 9 0.1 0.1 35 4.244837740210737
7 32 0.1 0.1 200 5.851655792632406
7 32 0.1 0.1 200 5.851655792632406
21 33 0.1 0.1 627 7.335669510259865
28 37 0.1 0.1 961 7.754590883327894
21 33 0.1 0.1 627 7.335669510259865
28 37 0.1 0.1 961 7.754590883327894
11 27 0.1 0.1 268 6.504263577495961
11 27 0.1 0.1 268 6.504263577495961
15 38 0.1 0.1 518 7.171818966521747
15 38 0.1 0.1 518 7.171818966521747
4 10 0.1 0.1 39 4.231192930715737
4 10 0.1 0.1 39 4.231192930715737
7 33 0.1 0.1 207 5.878778551521774
7 33 0.1 0.1 207 5.878778551521774
21 34 0.1 0.1 646 7.341456401102433
21 34 0.1 0.1 646 7.341456401102433
28 38 0.1 0.1 985 7.787254707709089
28 38 0.1 0.1 985 7.787254707709089
11 28 0.1 0.1 279 6.409881975582815
11 28 0.1 0.1 279 6.409881975582815
4 11 0.1 0.1 43 4.333607464589759
4 11 0.1 0.1 43 4.333607464589759
15 39 0.1 0.1 530 7.047515752733762
15 39 0.1 0.1 530 7.047515752733762
7 34 0.1 0.1 212 5.997840804723284
7 34 0.1 0.1 212 5.997840804723284
21 35 0.1 0.1 667 7.369644489469789
21 35 0.1 0.1 667 7.369644489469789
11 29 0.1 0.1 290 6.544201763053744
11 29 0.1 0.1 290 6.544201763053744
28 39 0.1 0.1 1010 7.803470485106034
28 39 0.1 0.1 1010 7.803470485106034
16 16 0.1 0.1 231 6.4377395251962435
16 16 0.1 0.1 231 6.4377395251962435
4 12 0.1 0.1 47 4.476444209800155
4 12 0.1 0.1 47 4.476444209800155
7 35 0.1 0.1 219 6.015897125559501
7 35 0.1 0.1 219 6.015897125559501
21 36 0.1 0.1 686 7.379925217032315
21 36 0.1 0.1 686 7.379925217032315
11 30 0.1 0.1 298 6.460987063785103
11 30 0.1 0.1 298 6.460987063785103
29 29 0.1 0.1 756 7.6381159856368495
29 29 0.1 0.1 756 7.6381159856368495
16 17 0.1 0.1 246 6.499544437795712
16 17 0.1 0.1 246 6.499544437795712
4 13 0.1 0.1 51 4.5307248424565705
4 13 0.1 0.1 51 4.5307248424565705
7 36 0.1 0.1 225 6.047592058695252
7 36 0.1 0.1 225 6.047592058695252
21 37 0.1 0.1 705 7.4239092406575455
21 37 0.1 0.1 705 7.4239092406575455
11 31 0.1 0.1 307 6.661789838249531
11 31 0.1 0.1 307 6.661789838249531
29 30 0.1 0.1 784 7.641229763834699
4 14 0.1 0.1 55 4.616128856338775
29 30 0.1 0.1 784 7.641229763834699
4 14 0.1 0.1 55 4.616128856338775
16 18 0.1 0.1 259 6.483166913892556
16 18 0.1 0.1 259 6.483166913892556
7 37 0.1 0.1 231 5.950551225717642
7 37 0.1 0.1 231 5.950551225717642
21 38 0.1 0.1 717 7.359914419612927
21 38 0.1 0.1 717 7.359914419612927
11 32 0.1 0.1 319 6.503322981493032
11 32 0.1 0.1 319 6.503322981493032
4 15 0.1 0.1 58 4.687093664595667
4 15 0.1 0.1 58 4.687093664595667
16 19 0.1 0.1 275 6.665575300304681
16 19 0.1 0.1 275 6.665575300304681
29 31 0.1 0.1 809 7.60645691794896
29 31 0.1 0.1 809 7.60645691794896
7 38 0.1 0.1 239 5.972272775051076
7 38 0.1 0.1 239 5.972272775051076
21 39 0.1 0.1 732 7.401394259588567
21 39 0.1 0.1 732 7.401394259588567
11 33 0.1 0.1 328 6.671440156178545
11 33 0.1 0.1 328 6.671440156178545
4 16 0.1 0.1 62 4.665730481049332
4 16 0.1 0.1 62 4.665730481049332
16 20 0.1 0.1 291 6.708974889495313
16 20 0.1 0.1 291 6.708974889495313
22 22 0.1 0.1 439 7.040216499568773
22 22 0.1 0.1 439 7.040216499568773
7 39 0.1 0.1 245 6.068479929225841
7 39 0.1 0.1 245 6.068479929225841
29 32 0.1 0.1 826 7.539940190196088
29 32 0.1 0.1 826 7.539940190196088
4 17 0.1 0.1 66 4.779839162429747
4 17 0.1 0.1 66 4.779839162429747
11 34 0.1 0.1 340 6.7267403739932945
11 34 0.1 0.1 340 6.7267403739932945
8 8 0.1 0.1 62 4.8754137874578305
8 8 0.1 0.1 62 4.8754137874578305
16 21 0.1 0.1 304 6.792213654536276
16 21 0.1 0.1 304 6.792213654536276
22 23 0.1 0.1 461 7.106858040536659
22 23 0.1 0.1 461 7.106858040536659
29 33 0.1 0.1 852 7.760748086492093
29 33 0.1 0.1 852 7.760748086492093
8 9 0.1 0.1 70 5.02736697746339
8 9 0.1 0.1 70 5.02736697746339
4 18 0.1 0.1 70 4.85408991693763
4 18 0.1 0.1 70 4.85408991693763
11 35 0.1 0.1 349 6.632156117131364
11 35 0.1 0.1 349 6.632156117131364
22 24 0.1 0.1 483 7.15782691323047
16 22 0.1 0.1 319 6.718852626054237
22 24 0.1 0.1 483 7.15782691323047
16 22 0.1 0.1 319 6.718852626054237
29 34 0.1 0.1 881 7.782555144414516
29 34 0.1 0.1 881 7.782555144414516
8 10 0.1 0.1 78 5.135831321567883
8 10 0.1 0.1 78 5.135831321567883
4 19 0.1 0.1 74 4.867205517821632
4 19 0.1 0.1 74 4.867205517821632
22 25 0.1 0.1 501 7.146209629903714
11 36 0.1 0.1 355 6.689426088412511
22 25 0.1 0.1 501 7.146209629903714
11 36 0.1 0.1 355 6.689426088412511
16 23 0.1 0.1 335 6.91513213663872
16 23 0.1 0.1 335 6.91513213663872
8 11 0.1 0.1 86 5.38487581918342
8 11 0.1 0.1 86 5.38487581918342
29 35 0.1 0.1 939 7.821073851436014
29 35 0.1 0.1 939 7.821073851436014
4 20 0.1 0.1 78 4.922333839405028
4 20 0.1 0.1 78 4.922333839405028
22 26 0.1 0.1 521 7.213241516465659
22 26 0.1 0.1 521 7.213241516465659
11 37 0.1 0.1 365 6.644741055071096
11 37 0.1 0.1 365 6.644741055071096
16 24 0.1 0.1 349 6.810421449367233
16 24 0.1 0.1 349 6.810421449367233
8 12 0.1 0.1 94 5.426627265488956
8 12 0.1 0.1 94 5.426627265488956
4 21 0.1 0.1 82 4.958504546105047
4 21 0.1 0.1 82 4.958504546105047
29 36 0.1 0.1 969 7.859351240800509
22 27 0.1 0.1 543 7.249878885178733
29 36 0.1 0.1 969 7.859351240800509
22 27 0.1 0.1 543 7.249878885178733
11 38 0.1 0.1 376 6.667715483761877
11 38 0.1 0.1 376 6.667715483761877
16 25 0.1 0.1 362 6.861981473031084
16 25 0.1 0.1 362 6.861981473031084
8 13 0.1 0.1 95 5.371018096194768
8 13 0.1 0.1 95 5.371018096194768
4 22 0.1 0.1 86 4.977649415734615
4 22 0.1 0.1 86 4.977649415734615
22 28 0.1 0.1 565 7.34540316821459
22 28 0.1 0.1 565 7.34540316821459
11 39 0.1 0.1 386 6.697822662842726
11 39 0.1 0.1 386 6.697822662842726
29 37 0.1 0.1 996 7.8806952959102885
29 37 0.1 0.1 996 7.8806952959102885
16 26 0.1 0.1 377 6.976247730740701
16 26 0.1 0.1 377 6.976247730740701
8 14 0.1 0.1 102 5.308089929463131
8 14 0.1 0.1 102 5.308089929463131
4 23 0.1 0.1 90 5.046067452927174
4 23 0.1 0.1 90 5.046067452927174
22 29 0.1 0.1 586 7.441354614296284
22 29 0.1 0.1 586 7.441354614296284
12 12 0.1 0.1 132 5.7447597101771555
12 12 0.1 0.1 132 5.7447597101771555
29 38 0.1 0.1 1021 7.809838818120839
29 38 0.1 0.1 1021 7.809838818120839
16 27 0.1 0.1 393 6.9451856902879525
16 27 0.1 0.1 393 6.9451856902879525
8 15 0.1 0.1 109 5.524099294950379
8 15 0.1 0.1 109 5.524099294950379
4 24 0.1 0.1 94 5.091904406207644
4 24 0.1 0.1 94 5.091904406207644
22 30 0.1 0.1 604 7.273865308788837
22 30 0.1 0.1 604 7.273865308788837
12 13 0.1 0.1 144 5.925683342709775
12 13 0.1 0.1 144 5.925683342709775
16 28 0.1 0.1 406 6.9801201949075224
16 28 0.1 0.1 406 6.9801201949075224
29 39 0.1 0.1 1049 7.833474615071334
29 39 0.1 0.1 1049 7.833474615071334
8 16 0.1 0.1 117 5.579308515653175
8 16 0.1 0.1 117 5.579308515653175
22 31 0.1 0.1 616 7.284983958088282
4 25 0.1 0.1 92 5.023365974144917
4 25 0.1 0.1 92 5.023365974144917
22 31 0.1 0.1 616 7.284983958088282
12 14 0.1 0.1 154 5.942725652885502
12 14 0.1 0.1 154 5.942725652885502
16 29 0.1 0.1 419 6.941926695265037
16 29 0.1 0.1 419 6.941926695265037
30 30 0.1 0.1 809 7.661625740876532
30 30 0.1 0.1 809 7.661625740876532
8 17 0.1 0.1 125 5.6283165937133806
8 17 0.1 0.1 125 5.6283165937133806
4 26 0.1 0.1 95 5.110865191995164
4 26 0.1 0.1 95 5.110865191995164
22 32 0.1 0.1 638 7.366633212243685
22 32 0.1 0.1 638 7.366633212243685
12 15 0.1 0.1 165 6.048159574313501
12 15 0.1 0.1 165 6.048159574313501
8 18 0.1 0.1 132 5.674117757962797
8 18 0.1 0.1 132 5.674117757962797
16 30 0.1 0.1 435 7.025638708243836
16 30 0.1 0.1 435 7.025638708243836
30 31 0.1 0.1 827 7.777878658389179
30 31 0.1 0.1 827 7.777878658389179
4 27 0.1 0.1 99 5.1446983100571755
4 27 0.1 0.1 99 5.1446983100571755
22 33 0.1 0.1 660 7.402156612582212
22 33 0.1 0.1 660 7.402156612582212
12 16 0.1 0.1 176 6.1092642231274645
12 16 0.1 0.1 176 6.1092642231274645
8 19 0.1 0.1 140 5.609068999881994
8 19 0.1 0.1 140 5.609068999881994
16 31 0.1 0.1 451 7.042372959908001
16 31 0.1 0.1 451 7.042372959908001
4 28 0.1 0.1 102 5.15672136515977
4 28 0.1 0.1 102 5.15672136515977
22 34 0.1 0.1 680 7.439411639694156
22 34 0.1 0.1 680 7.439411639694156
30 32 0.1 0.1 855 7.817094542913176
30 32 0.1 0.1 855 7.817094542913176
12 17 0.1 0.1 184 6.103214237128952
12 17 0.1 0.1 184 6.103214237128952
8 20 0.1 0.1 148 5.836823410972962
8 20 0.1 0.1 148 5.836823410972962
16 32 0.1 0.1 467 7.0723794197654595
16 32 0.1 0.1 467 7.0723794197654595
4 29 0.1 0.1 105 5.171301231470413
4 29 0.1 0.1 105 5.171301231470413
22 35 0.1 0.1 698 7.428748531161687
22 35 0.1 0.1 698 7.428748531161687
30 33 0.1 0.1 884 7.74503509867177
30 33 0.1 0.1 884 7.74503509867177
12 18 0.1 0.1 196 6.239831320051391
12 18 0.1 0.1 196 6.239831320051391
8 21 0.1 0.1 154 5.78069936317231
8 21 0.1 0.1 154 5.78069936317231
16 33 0.1 0.1 483 7.0726503277338235
4 30 0.1 0.1 109 5.21257674896652
4 30 0.1 0.1 109 5.21257674896652
16 33 0.1 0.1 483 7.0726503277338235
22 36 0.1 0.1 713 7.370704125373662
22 36 0.1 0.1 713 7.370704125373662
30 34 0.1 0.1 944 7.818302123286584
12 19 0.1 0.1 205 6.299963828081677
30 34 0.1 0.1 944 7.818302123286584
12 19 0.1 0.1 205 6.299963828081677
8 22 0.1 0.1 161 5.98112156819522
8 22 0.1 0.1 161 5.98112156819522
4 31 0.1 0.1 113 5.222465637578911
4 31 0.1 0.1 113 5.222465637578911
16 34 0.1 0.1 495 7.186644518016712
16 34 0.1 0.1 495 7.186644518016712
22 37 0.1 0.1 729 7.50914366954764
22 37 0.1 0.1 729 7.50914366954764
12 20 0.1 0.1 215 6.3299255427080725
12 20 0.1 0.1 215 6.3299255427080725
30 35 0.1 0.1 972 7.8718817038017175
8 23 0.1 0.1 169 5.842499528070155
30 35 0.1 0.1 972 7.8718817038017175
8 23 0.1 0.1 169 5.842499528070155
4 32 0.1 0.1 117 5.254143299157561
4 32 0.1 0.1 117 5.254143299157561
22 38 0.1 0.1 747 7.48960452571077
16 35 0.1 0.1 508 7.041129157882706
22 38 0.1 0.1 747 7.48960452571077
16 35 0.1 0.1 508 7.041129157882706
12 21 0.1 0.1 227 6.394069304992491
12 21 0.1 0.1 227 6.394069304992491
8 24 0.1 0.1 176 5.870890144162537
8 24 0.1 0.1 176 5.870890144162537
4 33 0.1 0.1 120 5.293585063432008
4 33 0.1 0.1 120 5.293585063432008
30 36 0.1 0.1 998 7.939161328491314
30 36 0.1 0.1 998 7.939161328491314
22 39 0.1 0.1 769 7.509490192525293
22 39 0.1 0.1 769 7.509490192525293
16 36 0.1 0.1 525 7.11258473007151
16 36 0.1 0.1 525 7.11258473007151
12 22 0.1 0.1 239 6.424820392771542
12 22 0.1 0.1 239 6.424820392771542
8 25 0.1 0.1 181 5.99087232470379
8 25 0.1 0.1 181 5.99087232470379
4 34 0.1 0.1 124 5.3274631736570885
4 34 0.1 0.1 124 5.3274631736570885
30 37 0.1 0.1 1028 7.986735217803364
23 23 0.1 0.1 484 7.140835392224569
23 23 0.1 0.1 484 7.140835392224569
30 37 0.1 0.1 1028 7.986735217803364
16 37 0.1 0.1 540 7.127660570211132
16 37 0.1 0.1 540 7.127660570211132
12 23 0.1 0.1 249 6.320239467384046
12 23 0.1 0.1 249 6.320239467384046
8 26 0.1 0.1 188 6.056382254111537
8 26 0.1 0.1 188 6.056382254111537
4 35 0.1 0.1 128 5.3333459907438145
4 35 0.1 0.1 128 5.3333459907438145
23 24 0.1 0.1 503 7.095260177441722
23 24 0.1 0.1 503 7.095260177441722
30 38 0.1 0.1 1061 7.845852108942891
30 38 0.1 0.1 1061 7.845852108942891
16 38 0.1 0.1 555 7.328994097418694
16 38 0.1 0.1 555 7.328994097418694
12 24 0.1 0.1 259 6.372949084161096
12 24 0.1 0.1 259 6.372949084161096
8 27 0.1 0.1 196 6.025077924545317
8 27 0.1 0.1 196 6.025077924545317
4 36 0.1 0.1 131 5.336894460082269
4 36 0.1 0.1 131 5.336894460082269
23 25 0.1 0.1 524 7.317272574072793
23 25 0.1 0.1 524 7.317272574072793
30 39 0.1 0.1 1088 7.908063767704839
30 39 0.1 0.1 1088 7.908063767704839
16 39 0.1 0.1 568 7.151544876880093
16 39 0.1 0.1 568 7.151544876880093
12 25 0.1 0.1 271 6.371793884520718
12 25 0.1 0.1 271 6.371793884520718
8 28 0.1 0.1 201 6.008128369377902
8 28 0.1 0.1 201 6.008128369377902
23 26 0.1 0.1 547 7.332480328371537
23 26 0.1 0.1 547 7.332480328371537
4 37 0.1 0.1 135 5.360269689301215
4 37 0.1 0.1 135 5.360269689301215
17 17 0.1 0.1 260 6.559183283603106
8 29 0.1 0.1 206 6.040532173066054
17 17 0.1 0.1 260 6.559183283603106
12 26 0.1 0.1 283 6.6686376869319215
8 29 0.1 0.1 206 6.040532173066054
12 26 0.1 0.1 283 6.6686376869319215
31 31 0.1 0.1 857 7.830399335076363
31 31 0.1 0.1 857 7.830399335076363
23 27 0.1 0.1 570 7.292354015668989
23 27 0.1 0.1 570 7.292354015668989
4 38 0.1 0.1 139 5.40177151202009
4 38 0.1 0.1 139 5.40177151202009
8 30 0.1 0.1 215 6.0503845499932
17 18 0.1 0.1 277 6.610334782964686
8 30 0.1 0.1 215 6.0503845499932
17 18 0.1 0.1 277 6.610334782964686
12 27 0.1 0.1 294 6.501479467200167
12 27 0.1 0.1 294 6.501479467200167
31 32 0.1 0.1 888 7.689326788067555
31 32 0.1 0.1 888 7.689326788067555
23 28 0.1 0.1 592 7.310107768005468
23 28 0.1 0.1 592 7.310107768005468
4 39 0.1 0.1 143 5.4479428396613265
4 39 0.1 0.1 143 5.4479428396613265
8 31 0.1 0.1 222 6.077142375214857
8 31 0.1 0.1 222 6.077142375214857
17 19 0.1 0.1 293 6.679824809049894
17 19 0.1 0.1 293 6.679824809049894
12 28 0.1 0.1 303 6.625593194505353
12 28 0.1 0.1 303 6.625593194505353
31 33 0.1 0.1 946 7.7603627269361235
31 33 0.1 0.1 946 7.7603627269361235
23 29 0.1 0.1 606 7.392736313347822
23 29 0.1 0.1 606 7.392736313347822
5 5 0.1 0.1 25 3.695226129324332
5 5 0.1 0.1 25 3.695226129324332
8 32 0.1 0.1 230 6.147950999577744
8 32 0.1 0.1 230 6.147950999577744
17 20 0.1 0.1 307 6.697971524584135
17 20 0.1 0.1 307 6.697971524584135
12 29 0.1 0.1 315 6.553358276988526
12 29 0.1 0.1 315 6.553358276988526
23 30 0.1 0.1 623 7.41739605341765
23 30 0.1 0.1 623 7.41739605341765
31 34 0.1 0.1 975 7.84700289192417
31 34 0.1 0.1 975 7.84700289192417
5 6 0.1 0.1 29 3.9591885805542892
5 6 0.1 0.1 29 3.9591885805542892
8 33 0.1 0.1 237 6.240311962639303
8 33 0.1 0.1 237 6.240311962639303
17 21 0.1 0.1 324 6.7553650647475845
17 21 0.1 0.1 324 6.7553650647475845
12 30 0.1 0.1 327 6.74466420212577
12 30 0.1 0.1 327 6.74466420212577
23 31 0.1 0.1 646 7.397347037085032
23 31 0.1 0.1 646 7.397347037085032
5 7 0.1 0.1 34 4.089598550228152
5 7 0.1 0.1 34 4.089598550228152
31 35 0.1 0.1 1008 7.862516298220769
8 34 0.1 0.1 245 6.2096268610276715
8 34 0.1 0.1 245 6.2096268610276715
31 35 0.1 0.1 1008 7.862516298220769
17 22 0.1 0.1 341 6.825125362635819
17 22 0.1 0.1 341 6.825125362635819
12 31 0.1 0.1 339 6.8033348085289
12 31 0.1 0.1 339 6.8033348085289
23 32 0.1 0.1 669 7.415057870850772
23 32 0.1 0.1 669 7.415057870850772
5 8 0.1 0.1 39 4.381733874541373
5 8 0.1 0.1 39 4.381733874541373
31 36 0.1 0.1 1035 7.826886871189329
31 36 0.1 0.1 1035 7.826886871189329
17 23 0.1 0.1 355 6.920578217078719
17 23 0.1 0.1 355 6.920578217078719
12 32 0.1 0.1 349 6.633660994413657
12 32 0.1 0.1 349 6.633660994413657
23 33 0.1 0.1 690 7.414622042943458
23 33 0.1 0.1 690 7.414622042943458
5 9 0.1 0.1 44 4.49281880062694
5 9 0.1 0.1 44 4.49281880062694
31 37 0.1 0.1 1072 7.85400956153889
31 37 0.1 0.1 1072 7.85400956153889
17 24 0.1 0.1 369 6.847458682590053
17 24 0.1 0.1 369 6.847458682590053
12 33 0.1 0.1 359 6.787663032386839
12 33 0.1 0.1 359 6.787663032386839
23 34 0.1 0.1 708 7.401450590732733
5 10 0.1 0.1 49 4.699829184899292
5 10 0.1 0.1 49 4.699829184899292
23 34 0.1 0.1 708 7.401450590732733
17 25 0.1 0.1 386 7.043558455341809
31 38 0.1 0.1 1102 8.036076673807322
17 25 0.1 0.1 386 7.043558455341809
31 38 0.1 0.1 1102 8.036076673807322
12 34 0.1 0.1 369 6.670701645431152
12 34 0.1 0.1 369 6.670701645431152
5 11 0.1 0.1 54 4.616184698059213
5 11 0.1 0.1 54 4.616184698059213
17 26 0.1 0.1 402 7.014679304073524
17 26 0.1 0.1 402 7.014679304073524
12 35 0.1 0.1 381 6.840641975238547
12 35 0.1 0.1 381 6.840641975238547
31 39 0.1 0.1 1132 8.052152370392843
31 39 0.1 0.1 1132 8.052152370392843
5 12 0.1 0.1 58 4.696370366858603
5 12 0.1 0.1 58 4.696370366858603
17 27 0.1 0.1 415 6.949202486302785
17 27 0.1 0.1 415 6.949202486302785
12 36 0.1 0.1 392 6.876632277040206
12 36 0.1 0.1 392 6.876632277040206
32 32 0.1 0.1 948 7.888451489271036
32 32 0.1 0.1 948 7.888451489271036
5 13 0.1 0.1 63 4.820807608912079
5 13 0.1 0.1 63 4.820807608912079
17 28 0.1 0.1 430 6.997354755872452
17 28 0.1 0.1 430 6.997354755872452
32 33 0.1 0.1 977 7.92441744349353
32 33 0.1 0.1 977 7.92441744349353
17 29 0.1 0.1 448 7.0446796649145735
17 29 0.1 0.1 448 7.0446796649145735
32 34 0.1 0.1 1010 7.984211111559721
32 34 0.1 0.1 1010 7.984211111559721
17 30 0.1 0.1 465 7.140801649088534
17 30 0.1 0.1 465 7.140801649088534
32 35 0.1 0.1 1037 7.88650808737995
32 35 0.1 0.1 1037 7.88650808737995
17 31 0.1 0.1 482 7.095077085820407
17 31 0.1 0.1 482 7.095077085820407
32 36 0.1 0.1 1070 7.929801097984739
32 36 0.1 0.1 1070 7.929801097984739
32 37 0.1 0.1 1103 7.945771844403627
32 37 0.1 0.1 1103 7.945771844403627
32 38 0.1 0.1 1132 7.977806276327807
32 38 0.1 0.1 1132 7.977806276327807
32 39 0.1 0.1 1164 7.996920085944961
32 39 0.1 0.1 1164 7.996920085944961
33 33 0.1 0.1 1010 7.787017843949182
33 33 0.1 0.1 1010 7.787017843949182
33 34 0.1 0.1 1040 7.878014058684906
33 34 0.1 0.1 1040 7.878014058684906
33 35 0.1 0.1 1078 7.8726307294729585
33 35 0.1 0.1 1078 7.8726307294729585
33 36 0.1 0.1 1107 7.960262947956795
33 36 0.1 0.1 1107 7.960262947956795
33 37 0.1 0.1 1142 8.055768733968826
33 37 0.1 0.1 1142 8.055768733968826
33 38 0.1 0.1 1172 8.092716905590562
33 38 0.1 0.1 1172 8.092716905590562
33 39 0.1 0.1 1198 8.012738352056296
33 39 0.1 0.1 1198 8.012738352056296
34 34 0.1 0.1 1074 8.064187002723845
34 34 0.1 0.1 1074 8.064187002723845
34 35 0.1 0.1 1109 8.086365502375761
34 35 0.1 0.1 1109 8.086365502375761
34 36 0.1 0.1 1141 8.023286510642219
34 36 0.1 0.1 1141 8.023286510642219
34 37 0.1 0.1 1171 8.063467388000701
34 37 0.1 0.1 1171 8.063467388000701
34 38 0.1 0.1 1211 8.021645103344477
34 38 0.1 0.1 1211 8.021645103344477
34 39 0.1 0.1 1235 8.058806454105214
34 39 0.1 0.1 1235 8.058806454105214
35 35 0.1 0.1 1148 8.131365879693844
35 35 0.1 0.1 1148 8.131365879693844
35 36 0.1 0.1 1177 8.167820340983805
35 36 0.1 0.1 1177 8.167820340983805
35 37 0.1 0.1 1211 8.158931858368616
35 37 0.1 0.1 1211 8.158931858368616
35 38 0.1 0.1 1244 8.103002737317361
35 38 0.1 0.1 1244 8.103002737317361
35 39 0.1 0.1 1268 8.055692034457465
35 39 0.1 0.1 1268 8.055692034457465
36 36 0.1 0.1 1201 8.062506675825286
36 36 0.1 0.1 1201 8.062506675825286
36 37 0.1 0.1 1244 8.079351460312171
36 37 0.1 0.1 1244 8.079351460312171
36 38 0.1 0.1 1274 8.068097187949675
36 38 0.1 0.1 1274 8.068097187949675
36 39 0.1 0.1 1301 8.248057582686053
36 39 0.1 0.1 1301 8.248057582686053
37 37 0.1 0.1 1273 8.224345821899766
37 37 0.1 0.1 1273 8.224345821899766
37 38 0.1 0.1 1309 8.24144613892829
37 38 0.1 0.1 1309 8.24144613892829
37 39 0.1 0.1 1336 8.122892740785716
37 39 0.1 0.1 1336 8.122892740785716
38 38 0.1 0.1 1335 8.239240348241218
38 38 0.1 0.1 1335 8.239240348241218
38 39 0.1 0.1 1370 8.303682792539465
38 39 0.1 0.1 1370 8.303682792539465
39 39 0.1 0.1 1413 8.108838786653454
39 39 0.1 0.1 1413 8.108838786653454
