0.1 0.1 11 1.1614136120313718
0.1 0.2 11 1.1614136120313718
0.1 0.30000000000000004 6 0.5443106156693751
0.1 0.4 6 0.5443106156693751
0.1 0.5 6 0.5443106156693751
0.1 0.6 6 0.5443106156693751
0.1 0.7000000000000001 6 0.5443106156693751
0.1 0.8 6 0.5443106156693751
0.1 0.9 6 0.5443106156693751
0.1 0.01 61 3.105188376253054
0.1 0.02 36 2.1847464945159043
0.1 0.03 31 1.9020164881976875
0.1 0.04 31 1.9020164881976875
0.1 0.05 19 1.8590180877719726
0.1 0.060000000000000005 19 1.8590180877719726
0.1 0.06999999999999999 16 1.2242786939201649
0.1 0.08 16 1.2242786939201649
0.1 0.09 11 1.1614136120313718
0.1 0.001 182 4.408893918579214
0.1 0.002 130 4.033602283694032
0.1 0.003 102 3.7076723973070047
0.1 0.004 94 3.670454978304459
0.1 0.005 74 3.217209789639443
0.1 0.006 76 3.6130943640415296
0.1 0.007 71 3.212511014447846
0.1 0.008 64 2.964278500319131
0.1 0.009000000000000001 61 3.105188376253054
0.2 0.1 9 1.006729940355849
0.2 0.2 7 0.7420074932158763
0.2 0.30000000000000004 7 0.7420074932158763
0.2 0.4 7 0.7420074932158763
0.2 0.5 4 0.3595329100177695
0.2 0.6 4 0.3595329100177695
0.2 0.7000000000000001 4 0.3595329100177695
0.2 0.8 4 0.3595329100177695
0.2 0.9 4 0.3595329100177695
0.2 0.01 48 2.4145674952220513
0.2 0.02 27 2.0825832738227197
0.2 0.03 25 2.2758622782018074
0.2 0.04 21 1.4620119687208324
0.2 0.05 21 1.4620119687208324
0.2 0.060000000000000005 16 1.5917957850366238
0.2 0.06999999999999999 13 1.181386604391769
0.2 0.08 13 1.181386604391769
0.2 0.09 13 1.181386604391769
0.2 0.001 164 4.329773403913294
0.2 0.002 111 3.6226385954868103
0.2 0.003 96 3.745623899403072
0.2 0.004 86 3.665134234221116
0.2 0.005 65 3.208230443287507
0.2 0.006 67 3.290970571414771
0.2 0.007 56 2.909909066139364
0.2 0.008 55 2.5328300369990413
0.2 0.009000000000000001 55 2.5328300369990413
0.30000000000000004 0.1 9 1.006729940355849
0.30000000000000004 0.2 7 0.7420074932158763
0.30000000000000004 0.30000000000000004 7 0.7420074932158763
0.30000000000000004 0.4 7 0.7420074932158763
0.30000000000000004 0.5 4 0.3595329100177695
0.30000000000000004 0.6 4 0.3595329100177695
0.30000000000000004 0.7000000000000001 4 0.3595329100177695
0.30000000000000004 0.8 4 0.3595329100177695
0.30000000000000004 0.9 4 0.3595329100177695
0.30000000000000004 0.01 48 2.4145674952220513
0.30000000000000004 0.02 27 2.0825832738227197
0.30000000000000004 0.03 25 2.2758622782018074
0.30000000000000004 0.04 21 1.4620119687208324
0.30000000000000004 0.05 21 1.4620119687208324
0.30000000000000004 0.060000000000000005 16 1.5917957850366238
0.30000000000000004 0.06999999999999999 13 1.181386604391769
0.30000000000000004 0.08 13 1.181386604391769
0.30000000000000004 0.09 13 1.181386604391769
0.30000000000000004 0.001 164 4.329773403913294
0.30000000000000004 0.002 111 3.6226385954868103
0.30000000000000004 0.003 96 3.745623899403072
0.30000000000000004 0.004 86 3.665134234221116
0.30000000000000004 0.005 65 3.208230443287507
0.30000000000000004 0.006 67 3.290970571414771
0.30000000000000004 0.007 56 2.909909066139364
0.30000000000000004 0.008 55 2.5328300369990413
0.30000000000000004 0.009000000000000001 55 2.5328300369990413
0.4 0.1 9 1.006729940355849
0.4 0.2 7 0.7420074932158763
0.4 0.30000000000000004 7 0.7420074932158763
0.4 0.4 7 0.7420074932158763
0.4 0.5 4 0.3595329100177695
0.4 0.6 4 0.3595329100177695
0.4 0.7000000000000001 4 0.3595329100177695
0.4 0.8 4 0.3595329100177695
0.4 0.9 4 0.3595329100177695
0.4 0.01 48 2.4145674952220513
0.4 0.02 27 2.0825832738227197
0.4 0.03 25 2.2758622782018074
0.4 0.04 21 1.4620119687208324
0.4 0.05 21 1.4620119687208324
0.4 0.060000000000000005 16 1.5917957850366238
0.4 0.06999999999999999 13 1.181386604391769
0.4 0.08 13 1.181386604391769
0.4 0.09 13 1.181386604391769
0.4 0.001 164 4.329773403913294
0.4 0.002 111 3.6226385954868103
0.4 0.003 96 3.745623899403072
0.4 0.004 86 3.665134234221116
0.4 0.005 65 3.208230443287507
0.4 0.006 67 3.290970571414771
0.4 0.007 56 2.909909066139364
0.4 0.008 55 2.5328300369990413
0.4 0.009000000000000001 55 2.5328300369990413
0.5 0.1 9 1.006729940355849
0.5 0.2 7 0.7420074932158763
0.5 0.30000000000000004 7 0.7420074932158763
0.5 0.4 7 0.7420074932158763
0.5 0.5 4 0.3595329100177695
0.5 0.6 4 0.3595329100177695
0.5 0.7000000000000001 4 0.3595329100177695
0.5 0.8 4 0.3595329100177695
0.5 0.9 4 0.3595329100177695
0.5 0.01 48 2.4145674952220513
0.5 0.02 27 2.0825832738227197
0.5 0.03 25 2.2758622782018074
0.5 0.04 21 1.4620119687208324
0.5 0.05 21 1.4620119687208324
0.5 0.060000000000000005 16 1.5917957850366238
0.5 0.06999999999999999 13 1.181386604391769
0.5 0.08 13 1.181386604391769
0.5 0.09 13 1.181386604391769
0.5 0.001 164 4.329773403913294
0.5 0.002 111 3.6226385954868103
0.5 0.003 96 3.745623899403072
0.5 0.004 86 3.665134234221116
0.5 0.005 65 3.208230443287507
0.5 0.006 67 3.290970571414771
0.5 0.007 56 2.909909066139364
0.5 0.008 55 2.5328300369990413
0.5 0.009000000000000001 55 2.5328300369990413
0.6 0.1 9 1.006729940355849
0.6 0.2 7 0.7420074932158763
0.6 0.30000000000000004 7 0.7420074932158763
0.6 0.4 7 0.7420074932158763
0.6 0.5 4 0.3595329100177695
0.6 0.6 4 0.3595329100177695
0.6 0.7000000000000001 4 0.3595329100177695
0.6 0.8 4 0.3595329100177695
0.6 0.9 4 0.3595329100177695
0.6 0.01 48 2.4145674952220513
0.6 0.02 27 2.0825832738227197
0.6 0.03 25 2.2758622782018074
0.6 0.04 21 1.4620119687208324
0.6 0.05 21 1.4620119687208324
0.6 0.060000000000000005 16 1.5917957850366238
0.6 0.06999999999999999 13 1.181386604391769
0.6 0.08 13 1.181386604391769
0.6 0.09 13 1.181386604391769
0.6 0.001 164 4.329773403913294
0.6 0.002 111 3.6226385954868103
0.6 0.003 96 3.745623899403072
0.6 0.004 86 3.665134234221116
0.6 0.005 65 3.208230443287507
0.6 0.006 67 3.290970571414771
0.6 0.007 56 2.909909066139364
0.6 0.008 55 2.5328300369990413
0.6 0.009000000000000001 55 2.5328300369990413
0.7000000000000001 0.1 9 1.006729940355849
0.7000000000000001 0.2 7 0.7420074932158763
0.7000000000000001 0.30000000000000004 7 0.7420074932158763
0.7000000000000001 0.4 7 0.7420074932158763
0.7000000000000001 0.5 4 0.3595329100177695
0.7000000000000001 0.6 4 0.3595329100177695
0.7000000000000001 0.7000000000000001 4 0.3595329100177695
0.7000000000000001 0.8 4 0.3595329100177695
0.7000000000000001 0.9 4 0.3595329100177695
0.7000000000000001 0.01 48 2.4145674952220513
0.7000000000000001 0.02 27 2.0825832738227197
0.7000000000000001 0.03 25 2.2758622782018074
0.7000000000000001 0.04 21 1.4620119687208324
0.7000000000000001 0.05 21 1.4620119687208324
0.7000000000000001 0.060000000000000005 16 1.5917957850366238
0.7000000000000001 0.06999999999999999 13 1.181386604391769
0.7000000000000001 0.08 13 1.181386604391769
0.7000000000000001 0.09 13 1.181386604391769
0.7000000000000001 0.001 164 4.329773403913294
0.7000000000000001 0.002 111 3.6226385954868103
0.7000000000000001 0.003 96 3.745623899403072
0.7000000000000001 0.004 86 3.665134234221116
0.7000000000000001 0.005 65 3.208230443287507
0.7000000000000001 0.006 67 3.290970571414771
0.7000000000000001 0.007 56 2.909909066139364
0.7000000000000001 0.008 55 2.5328300369990413
0.7000000000000001 0.009000000000000001 55 2.5328300369990413
0.8 0.1 9 1.006729940355849
0.8 0.2 7 0.7420074932158763
0.8 0.30000000000000004 7 0.7420074932158763
0.8 0.4 7 0.7420074932158763
0.8 0.5 4 0.3595329100177695
0.8 0.6 4 0.3595329100177695
0.8 0.7000000000000001 4 0.3595329100177695
0.8 0.8 4 0.3595329100177695
0.8 0.9 4 0.3595329100177695
0.8 0.01 48 2.4145674952220513
0.8 0.02 27 2.0825832738227197
0.8 0.03 25 2.2758622782018074
0.8 0.04 21 1.4620119687208324
0.8 0.05 21 1.4620119687208324
0.8 0.060000000000000005 16 1.5917957850366238
0.8 0.06999999999999999 13 1.181386604391769
0.8 0.08 13 1.181386604391769
0.8 0.09 13 1.181386604391769
0.8 0.001 164 4.329773403913294
0.8 0.002 111 3.6226385954868103
0.8 0.003 96 3.745623899403072
0.8 0.004 86 3.665134234221116
0.8 0.005 65 3.208230443287507
0.8 0.006 67 3.290970571414771
0.8 0.007 56 2.909909066139364
0.8 0.008 55 2.5328300369990413
0.8 0.009000000000000001 55 2.5328300369990413
0.9 0.1 9 1.006729940355849
0.9 0.2 7 0.7420074932158763
0.9 0.30000000000000004 7 0.7420074932158763
0.9 0.4 7 0.7420074932158763
0.9 0.5 4 0.3595329100177695
0.9 0.6 4 0.3595329100177695
0.9 0.7000000000000001 4 0.3595329100177695
0.9 0.8 4 0.3595329100177695
0.9 0.9 4 0.3595329100177695
0.9 0.01 48 2.4145674952220513
0.9 0.02 27 2.0825832738227197
0.9 0.03 25 2.2758622782018074
0.9 0.04 21 1.4620119687208324
0.9 0.05 21 1.4620119687208324
0.9 0.060000000000000005 16 1.5917957850366238
0.9 0.06999999999999999 13 1.181386604391769
0.9 0.08 13 1.181386604391769
0.9 0.09 13 1.181386604391769
0.9 0.001 164 4.329773403913294
0.9 0.002 111 3.6226385954868103
0.9 0.003 96 3.745623899403072
0.9 0.004 86 3.665134234221116
0.9 0.005 65 3.208230443287507
0.9 0.006 67 3.290970571414771
0.9 0.007 56 2.909909066139364
0.9 0.008 55 2.5328300369990413
0.9 0.009000000000000001 55 2.5328300369990413
0.01 0.1 24 1.72290287148791
0.01 0.2 24 1.72290287148791
0.01 0.30000000000000004 24 1.72290287148791
0.01 0.4 24 1.72290287148791
0.01 0.5 24 1.72290287148791
0.01 0.6 24 1.72290287148791
0.01 0.7000000000000001 24 1.72290287148791
0.01 0.8 24 1.72290287148791
0.01 0.9 24 1.72290287148791
0.01 0.01 128 4.13864575904613
0.01 0.02 44 3.945967501708305
0.01 0.03 24 1.72290287148791
0.01 0.04 24 1.72290287148791
0.01 0.05 24 1.72290287148791
0.01 0.060000000000000005 24 1.72290287148791
0.01 0.06999999999999999 24 1.72290287148791
0.01 0.08 24 1.72290287148791
0.01 0.09 24 1.72290287148791
0.01 0.001 266 4.828633807234931
0.01 0.002 260 4.824629629221578
0.01 0.003 263 4.829455312323724
0.01 0.004 225 4.767378546152817
0.01 0.005 195 4.583889424515084
0.01 0.006 166 4.359870547959245
0.01 0.007 155 4.341843260411865
0.01 0.008 148 4.217214508301144
0.01 0.009000000000000001 148 4.217214508301144
0.02 0.1 15 1.1552827568101913
0.02 0.2 15 1.1552827568101913
0.02 0.30000000000000004 15 1.1552827568101913
0.02 0.4 15 1.1552827568101913
0.02 0.5 15 1.1552827568101913
0.02 0.6 15 1.1552827568101913
0.02 0.7000000000000001 15 1.1552827568101913
0.02 0.8 15 1.1552827568101913
0.02 0.9 15 1.1552827568101913
0.02 0.01 126 3.260168826994432
0.02 0.02 47 3.0630712269995195
0.02 0.03 28 2.7990906762041616
0.02 0.04 28 2.7990906762041616
0.02 0.05 28 2.7990906762041616
0.02 0.060000000000000005 28 2.7990906762041616
0.02 0.06999999999999999 28 2.7990906762041616
0.02 0.08 15 1.1552827568101913
0.02 0.09 15 1.1552827568101913
0.02 0.001 258 5.167426924253276
0.02 0.002 173 4.725433513940457
0.02 0.003 150 4.265039468191063
0.02 0.004 131 3.278270185628109
0.02 0.005 131 3.278270185628109
0.02 0.006 131 3.278270185628109
0.02 0.007 131 3.278270185628109
0.02 0.008 126 3.260168826994432
0.02 0.009000000000000001 126 3.260168826994432
0.03 0.1 12 1.0790112799190035
0.03 0.2 12 1.0790112799190035
0.03 0.30000000000000004 12 1.0790112799190035
0.03 0.4 12 1.0790112799190035
0.03 0.5 12 1.0790112799190035
0.03 0.6 12 1.0790112799190035
0.03 0.7000000000000001 12 1.0790112799190035
0.03 0.8 12 1.0790112799190035
0.03 0.9 12 1.0790112799190035
0.03 0.01 97 3.0227919490930897
0.03 0.02 51 2.621318707639941
0.03 0.03 31 2.692866211639808
0.03 0.04 23 2.664559212160854
0.03 0.05 23 2.664559212160854
0.03 0.060000000000000005 23 2.664559212160854
0.03 0.06999999999999999 23 2.664559212160854
0.03 0.08 23 2.664559212160854
0.03 0.09 12 1.0790112799190035
0.03 0.001 226 4.940341940069538
0.03 0.002 145 4.535529473912502
0.03 0.003 120 4.443700558706952
0.03 0.004 109 3.9851880331495697
0.03 0.005 97 3.0227919490930897
0.03 0.006 97 3.0227919490930897
0.03 0.007 97 3.0227919490930897
0.03 0.008 97 3.0227919490930897
0.03 0.009000000000000001 97 3.0227919490930897
0.04 0.1 12 1.0790112799190035
0.04 0.2 12 1.0790112799190035
0.04 0.30000000000000004 12 1.0790112799190035
0.04 0.4 12 1.0790112799190035
0.04 0.5 12 1.0790112799190035
0.04 0.6 12 1.0790112799190035
0.04 0.7000000000000001 12 1.0790112799190035
0.04 0.8 12 1.0790112799190035
0.04 0.9 12 1.0790112799190035
0.04 0.01 89 2.7383402317988264
0.04 0.02 45 2.4285324453973747
0.04 0.03 28 2.3989710960490616
0.04 0.04 21 2.3710276800868306
0.04 0.05 21 2.3710276800868306
0.04 0.060000000000000005 21 2.3710276800868306
0.04 0.06999999999999999 21 2.3710276800868306
0.04 0.08 21 2.3710276800868306
0.04 0.09 12 1.0790112799190035
0.04 0.001 205 4.557431643527153
0.04 0.002 148 4.401633931957466
0.04 0.003 114 4.0620655083061665
0.04 0.004 100 3.7574137872871294
0.04 0.005 100 3.7574137872871294
0.04 0.006 100 3.7574137872871294
0.04 0.007 100 3.7574137872871294
0.04 0.008 89 2.7383402317988264
0.04 0.009000000000000001 89 2.7383402317988264
0.05 0.1 17 1.7433613304963933
0.05 0.2 9 0.8077187173900774
0.05 0.30000000000000004 9 0.8077187173900774
0.05 0.4 9 0.8077187173900774
0.05 0.5 9 0.8077187173900774
0.05 0.6 9 0.8077187173900774
0.05 0.7000000000000001 9 0.8077187173900774
0.05 0.8 9 0.8077187173900774
0.05 0.9 9 0.8077187173900774
0.05 0.01 67 3.12540520365975
0.05 0.02 62 3.4670595371656736
0.05 0.03 28 1.715887554486133
0.05 0.04 23 1.696381837396979
0.05 0.05 17 1.7433613304963933
0.05 0.060000000000000005 17 1.7433613304963933
0.05 0.06999999999999999 17 1.7433613304963933
0.05 0.08 17 1.7433613304963933
0.05 0.09 17 1.7433613304963933
0.05 0.001 224 4.92841188317067
0.05 0.002 167 4.364747247553691
0.05 0.003 116 3.306040996372689
0.05 0.004 90 3.111123087455212
0.05 0.005 73 3.0556460823831038
0.05 0.006 73 3.0556460823831038
0.05 0.007 67 3.12540520365975
0.05 0.008 67 3.12540520365975
0.05 0.009000000000000001 67 3.12540520365975
0.060000000000000005 0.1 17 1.7433613304963933
0.060000000000000005 0.2 9 0.8077187173900774
0.060000000000000005 0.30000000000000004 9 0.8077187173900774
0.060000000000000005 0.4 9 0.8077187173900774
0.060000000000000005 0.5 9 0.8077187173900774
0.060000000000000005 0.6 9 0.8077187173900774
0.060000000000000005 0.7000000000000001 9 0.8077187173900774
0.060000000000000005 0.8 9 0.8077187173900774
0.060000000000000005 0.9 9 0.8077187173900774
0.060000000000000005 0.01 65 3.493085706892389
0.060000000000000005 0.02 56 2.904068495967439
0.060000000000000005 0.03 27 2.081673520148055
0.060000000000000005 0.04 21 1.6933431616563144
0.060000000000000005 0.05 17 1.7433613304963933
0.060000000000000005 0.060000000000000005 17 1.7433613304963933
0.060000000000000005 0.06999999999999999 17 1.7433613304963933
0.060000000000000005 0.08 17 1.7433613304963933
0.060000000000000005 0.09 17 1.7433613304963933
0.060000000000000005 0.001 205 4.655844545590169
0.060000000000000005 0.002 155 4.3525401362746265
0.060000000000000005 0.003 114 3.760319036708114
0.060000000000000005 0.004 82 3.354157024162981
0.060000000000000005 0.005 72 3.314856891470582
0.060000000000000005 0.006 72 3.314856891470582
0.060000000000000005 0.007 65 3.493085706892389
0.060000000000000005 0.008 65 3.493085706892389
0.060000000000000005 0.009000000000000001 65 3.493085706892389
0.06999999999999999 0.1 17 1.7433613304963933
0.06999999999999999 0.2 9 0.8077187173900774
0.06999999999999999 0.30000000000000004 9 0.8077187173900774
0.06999999999999999 0.4 9 0.8077187173900774
0.06999999999999999 0.5 9 0.8077187173900774
0.06999999999999999 0.6 9 0.8077187173900774
0.06999999999999999 0.7000000000000001 9 0.8077187173900774
0.06999999999999999 0.8 9 0.8077187173900774
0.06999999999999999 0.9 9 0.8077187173900774
0.06999999999999999 0.01 60 3.2307089741111277
0.06999999999999999 0.02 54 3.2137227682430356
0.06999999999999999 0.03 27 2.081673520148055
0.06999999999999999 0.04 21 1.6933431616563144
0.06999999999999999 0.05 17 1.7433613304963933
0.06999999999999999 0.060000000000000005 17 1.7433613304963933
0.06999999999999999 0.06999999999999999 17 1.7433613304963933
0.06999999999999999 0.08 17 1.7433613304963933
0.06999999999999999 0.09 17 1.7433613304963933
0.06999999999999999 0.001 186 4.3850493214062025
0.06999999999999999 0.002 158 4.133705002312393
0.06999999999999999 0.003 114 3.4510593006880432
0.06999999999999999 0.004 67 3.276655565014675
0.06999999999999999 0.005 64 3.2604074885595757
0.06999999999999999 0.006 60 3.2307089741111277
0.06999999999999999 0.007 60 3.2307089741111277
0.06999999999999999 0.008 60 3.2307089741111277
0.06999999999999999 0.009000000000000001 60 3.2307089741111277
0.08 0.1 14 1.5021098250056684
0.08 0.2 9 0.8077187173900774
0.08 0.30000000000000004 9 0.8077187173900774
0.08 0.4 9 0.8077187173900774
0.08 0.5 9 0.8077187173900774
0.08 0.6 9 0.8077187173900774
0.08 0.7000000000000001 9 0.8077187173900774
0.08 0.8 9 0.8077187173900774
0.08 0.9 9 0.8077187173900774
0.08 0.01 57 2.8756551358276052
0.08 0.02 48 2.781197152312137
0.08 0.03 24 1.6162444875442927
0.08 0.04 19 1.5989523909768943
0.08 0.05 14 1.5021098250056684
0.08 0.060000000000000005 14 1.5021098250056684
0.08 0.06999999999999999 14 1.5021098250056684
0.08 0.08 14 1.5021098250056684
0.08 0.09 14 1.5021098250056684
0.08 0.001 181 4.425095443886577
0.08 0.002 138 3.957178973235828
0.08 0.003 115 4.151865092189448
0.08 0.004 88 3.878966318081075
0.08 0.005 83 3.9195193661945114
0.08 0.006 66 2.940699746837317
0.08 0.007 61 2.9060249332719996
0.08 0.008 57 2.8756551358276052
0.08 0.009000000000000001 57 2.8756551358276052
0.09 0.1 11 1.1614136120313718
0.09 0.2 11 1.1614136120313718
0.09 0.30000000000000004 6 0.5443106156693751
0.09 0.4 6 0.5443106156693751
0.09 0.5 6 0.5443106156693751
0.09 0.6 6 0.5443106156693751
0.09 0.7000000000000001 6 0.5443106156693751
0.09 0.8 6 0.5443106156693751
0.09 0.9 6 0.5443106156693751
0.09 0.01 61 3.105188376253054
0.09 0.02 36 2.1847464945159043
0.09 0.03 31 1.9020164881976875
0.09 0.04 31 1.9020164881976875
0.09 0.05 19 1.8590180877719726
0.09 0.060000000000000005 19 1.8590180877719726
0.09 0.06999999999999999 16 1.2242786939201649
0.09 0.08 16 1.2242786939201649
0.09 0.09 11 1.1614136120313718
0.09 0.001 189 4.718412640667443
0.09 0.002 142 4.169874038803213
0.09 0.003 110 3.333968748458495
0.09 0.004 98 3.683267561103007
0.09 0.005 76 3.218369318112777
0.09 0.006 76 3.6130943640415296
0.09 0.007 71 3.212511014447846
0.09 0.008 64 2.964278500319131
0.09 0.009000000000000001 61 3.105188376253054
