0.1 0.1 13 1.6149679298504835
0.1 0.2 13 1.6149679298504835
0.1 0.30000000000000004 6 1.5249371250834518
0.1 0.4 6 1.5249371250834518
0.1 0.5 6 1.5249371250834518
0.1 0.6 6 1.5249371250834518
0.1 0.7000000000000001 6 1.5249371250834518
0.1 0.8 6 1.5249371250834518
0.1 0.9 6 1.5249371250834518
0.1 0.01 90 3.659686482456833
0.1 0.02 78 3.6482696357651956
0.1 0.03 42 2.1897669598507075
0.1 0.04 36 1.8710082370799748
0.1 0.05 27 1.826167946463041
0.1 0.060000000000000005 21 1.7568689985779038
0.1 0.06999999999999999 13 1.6149679298504835
0.1 0.08 13 1.6149679298504835
0.1 0.09 13 1.6149679298504835
0.1 0.001 552 6.135460883681947
0.1 0.002 363 5.601953586238632
0.1 0.003 267 5.205534016040972
0.1 0.004 177 4.664039722394492
0.1 0.005 121 3.7601063732737345
0.1 0.006 104 3.6997545315158913
0.1 0.007 98 3.663205583703212
0.1 0.008 93 3.6571200078490635
0.1 0.009000000000000001 90 3.659686482456833
0.2 0.1 7 0.8994324166192195
0.2 0.2 7 0.8994324166192195
0.2 0.30000000000000004 4 0.8526193489874956
0.2 0.4 4 0.8526193489874956
0.2 0.5 4 0.8526193489874956
0.2 0.6 4 0.8526193489874956
0.2 0.7000000000000001 4 0.8526193489874956
0.2 0.8 4 0.8526193489874956
0.2 0.9 4 0.8526193489874956
0.2 0.01 75 3.543272897330506
0.2 0.02 32 2.2882703130288684
0.2 0.03 24 2.1579991365344693
0.2 0.04 24 2.1579991365344693
0.2 0.05 21 2.152604513421395
0.2 0.060000000000000005 18 2.1372124003461828
0.2 0.06999999999999999 18 2.1372124003461828
0.2 0.08 13 2.040956779318228
0.2 0.09 10 1.9971229370159074
0.2 0.001 392 5.708017875939431
0.2 0.002 243 4.95528146700596
0.2 0.003 173 4.635808721668968
0.2 0.004 133 4.3307066385509545
0.2 0.005 106 3.6840001457050966
0.2 0.006 90 3.5822510585622336
0.2 0.007 84 3.5575222027352384
0.2 0.008 81 3.5495675261676056
0.2 0.009000000000000001 75 3.543272897330506
0.30000000000000004 0.1 7 0.8994324166192195
0.30000000000000004 0.2 7 0.8994324166192195
0.30000000000000004 0.30000000000000004 4 0.8526193489874956
0.30000000000000004 0.4 4 0.8526193489874956
0.30000000000000004 0.5 4 0.8526193489874956
0.30000000000000004 0.6 4 0.8526193489874956
0.30000000000000004 0.7000000000000001 4 0.8526193489874956
0.30000000000000004 0.8 4 0.8526193489874956
0.30000000000000004 0.9 4 0.8526193489874956
0.30000000000000004 0.01 75 3.543272897330506
0.30000000000000004 0.02 32 2.2882703130288684
0.30000000000000004 0.03 24 2.1579991365344693
0.30000000000000004 0.04 24 2.1579991365344693
0.30000000000000004 0.05 21 2.152604513421395
0.30000000000000004 0.060000000000000005 18 2.1372124003461828
0.30000000000000004 0.06999999999999999 18 2.1372124003461828
0.30000000000000004 0.08 13 2.040956779318228
0.30000000000000004 0.09 10 1.9971229370159074
0.30000000000000004 0.001 400 5.715356408625126
0.30000000000000004 0.002 235 4.956249029901357
0.30000000000000004 0.003 166 4.595167023207881
0.30000000000000004 0.004 133 4.3307066385509545
0.30000000000000004 0.005 106 3.6840001457050966
0.30000000000000004 0.006 90 3.5822510585622336
0.30000000000000004 0.007 84 3.5575222027352384
0.30000000000000004 0.008 81 3.5495675261676056
0.02 0.002 488 6.833111562107215
0.30000000000000004 0.009000000000000001 75 3.543272897330506
0.02 0.003 488 6.833111562107215
0.4 0.1 7 0.8994324166192195
0.02 0.004 461 6.697856908172611
0.4 0.2 7 0.8994324166192195
0.02 0.005 426 6.522891181893841
0.4 0.30000000000000004 4 0.8526193489874956
0.02 0.006 407 4.6293968405326575
0.4 0.4 4 0.8526193489874956
0.02 0.007 380 4.397708912630877
0.4 0.5 4 0.8526193489874956
0.02 0.008 369 3.8473472727615436
0.4 0.6 4 0.8526193489874956
0.4 0.7000000000000001 4 0.8526193489874956
0.9 0.8 4 0.8526193489874956
0.02 0.009000000000000001 343 3.6890556165883868
0.6 0.1 7 0.8994324166192195
0.4 0.8 4 0.8526193489874956
0.9 0.9 4 0.8526193489874956
0.6 0.2 7 0.8994324166192195
0.060000000000000005 0.004 228 4.524240167690403
0.4 0.9 4 0.8526193489874956
0.03 0.1 18 2.5866692126845607
0.9 0.01 75 3.543272897330506
0.6 0.30000000000000004 4 0.8526193489874956
0.4 0.01 75 3.543272897330506
0.060000000000000005 0.005 175 4.487624438993036
0.6 0.4 4 0.8526193489874956
0.9 0.02 32 2.2882703130288684
0.03 0.2 18 2.5866692126845607
0.4 0.02 32 2.2882703130288684
0.6 0.5 4 0.8526193489874956
0.9 0.03 24 2.1579991365344693
0.060000000000000005 0.006 128 4.470401988122976
0.6 0.6 4 0.8526193489874956
0.4 0.03 24 2.1579991365344693
0.03 0.30000000000000004 18 2.5866692126845607
0.9 0.04 24 2.1579991365344693
0.6 0.7000000000000001 4 0.8526193489874956
0.060000000000000005 0.007 85 4.351172529937697
0.4 0.04 24 2.1579991365344693
0.03 0.4 18 2.5866692126845607
0.9 0.05 21 2.152604513421395
0.6 0.8 4 0.8526193489874956
0.4 0.05 21 2.152604513421395
0.060000000000000005 0.008 85 4.351172529937697
0.6 0.9 4 0.8526193489874956
0.9 0.060000000000000005 18 2.1372124003461828
0.4 0.060000000000000005 18 2.1372124003461828
0.03 0.5 18 2.5866692126845607
0.9 0.06999999999999999 18 2.1372124003461828
0.6 0.01 75 3.543272897330506
0.060000000000000005 0.009000000000000001 85 4.351172529937697
0.4 0.06999999999999999 18 2.1372124003461828
0.9 0.08 13 2.040956779318228
0.03 0.6 18 2.5866692126845607
0.6 0.02 32 2.2882703130288684
0.4 0.08 13 2.040956779318228
0.06999999999999999 0.1 16 1.6856381594351448
0.9 0.09 10 1.9971229370159074
0.6 0.03 24 2.1579991365344693
0.4 0.09 10 1.9971229370159074
0.03 0.7000000000000001 18 2.5866692126845607
0.06999999999999999 0.2 8 1.6616496574606339
0.6 0.04 24 2.1579991365344693
0.9 0.001 400 5.715356408625126
0.6 0.05 21 2.152604513421395
0.4 0.001 400 5.715356408625126
0.03 0.8 18 2.5866692126845607
0.06999999999999999 0.30000000000000004 8 1.6616496574606339
0.9 0.002 235 4.956249029901357
0.6 0.060000000000000005 18 2.1372124003461828
0.03 0.9 18 2.5866692126845607
0.4 0.002 235 4.956249029901357
0.06999999999999999 0.4 8 1.6616496574606339
0.6 0.06999999999999999 18 2.1372124003461828
0.9 0.003 166 4.595167023207881
0.03 0.01 207 3.3104004197870966
0.4 0.003 166 4.595167023207881
0.6 0.08 13 2.040956779318228
0.06999999999999999 0.5 8 1.6616496574606339
0.9 0.004 133 4.3307066385509545
0.03 0.02 122 2.887591997082761
0.4 0.004 133 4.3307066385509545
0.6 0.09 10 1.9971229370159074
0.9 0.005 106 3.6840001457050966
0.06999999999999999 0.6 8 1.6616496574606339
0.4 0.005 106 3.6840001457050966
0.03 0.03 42 2.6358911640211873
0.6 0.001 400 5.715356408625126
0.9 0.006 90 3.5822510585622336
0.06999999999999999 0.7000000000000001 8 1.6616496574606339
0.4 0.006 90 3.5822510585622336
0.03 0.04 42 2.6358911640211873
0.6 0.002 235 4.956249029901357
0.9 0.007 84 3.5575222027352384
0.4 0.007 84 3.5575222027352384
0.06999999999999999 0.8 8 1.6616496574606339
0.6 0.003 166 4.595167023207881
0.03 0.05 33 2.610145230148041
0.9 0.008 81 3.5495675261676056
0.4 0.008 81 3.5495675261676056
0.06999999999999999 0.9 8 1.6616496574606339
0.6 0.004 133 4.3307066385509545
0.9 0.009000000000000001 75 3.543272897330506
0.03 0.060000000000000005 33 2.610145230148041
0.4 0.009000000000000001 75 3.543272897330506
0.06999999999999999 0.01 74 4.282853482465406
0.6 0.005 106 3.6840001457050966
0.01 0.1 35 3.483555412740803
0.03 0.06999999999999999 33 2.610145230148041
0.5 0.1 7 0.8994324166192195
0.5 0.2 7 0.8994324166192195
0.6 0.006 90 3.5822510585622336
0.06999999999999999 0.02 74 4.282853482465406
0.01 0.2 35 3.483555412740803
0.03 0.08 33 2.610145230148041
0.5 0.30000000000000004 4 0.8526193489874956
0.6 0.007 84 3.5575222027352384
0.06999999999999999 0.03 55 2.197062565557332
0.5 0.4 4 0.8526193489874956
0.01 0.30000000000000004 35 3.483555412740803
0.03 0.09 33 2.610145230148041
0.6 0.008 81 3.5495675261676056
0.5 0.5 4 0.8526193489874956
0.06999999999999999 0.04 40 1.8818929963649027
0.6 0.009000000000000001 75 3.543272897330506
0.5 0.6 4 0.8526193489874956
0.01 0.4 35 3.483555412740803
0.06999999999999999 0.05 30 1.7985094941890007
0.03 0.001 659 6.251982973530783
0.7000000000000001 0.1 7 0.8994324166192195
0.5 0.7000000000000001 4 0.8526193489874956
0.01 0.5 35 3.483555412740803
0.7000000000000001 0.2 7 0.8994324166192195
0.5 0.8 4 0.8526193489874956
0.06999999999999999 0.060000000000000005 25 1.731967168800526
0.7000000000000001 0.30000000000000004 4 0.8526193489874956
0.5 0.9 4 0.8526193489874956
0.03 0.002 454 6.211706336005777
0.01 0.6 35 3.483555412740803
0.7000000000000001 0.4 4 0.8526193489874956
0.06999999999999999 0.06999999999999999 25 1.731967168800526
0.5 0.01 75 3.543272897330506
0.03 0.003 366 6.201225144005941
0.7000000000000001 0.5 4 0.8526193489874956
0.01 0.7000000000000001 35 3.483555412740803
0.5 0.02 32 2.2882703130288684
0.06999999999999999 0.08 25 1.731967168800526
0.7000000000000001 0.6 4 0.8526193489874956
0.03 0.004 314 6.0941299014880554
0.5 0.03 24 2.1579991365344693
0.7000000000000001 0.7000000000000001 4 0.8526193489874956
0.01 0.8 35 3.483555412740803
0.06999999999999999 0.09 25 1.731967168800526
0.5 0.04 24 2.1579991365344693
0.7000000000000001 0.8 4 0.8526193489874956
0.03 0.005 268 5.763683085127065
0.5 0.05 21 2.152604513421395
0.7000000000000001 0.9 4 0.8526193489874956
0.01 0.9 35 3.483555412740803
0.06999999999999999 0.001 660 6.747988137510268
0.03 0.006 268 5.763683085127065
0.5 0.060000000000000005 18 2.1372124003461828
0.7000000000000001 0.01 75 3.543272897330506
0.01 0.01 533 4.008276527248489
0.5 0.06999999999999999 18 2.1372124003461828
0.06999999999999999 0.002 450 5.100785994518196
0.03 0.007 268 5.763683085127065
0.7000000000000001 0.02 32 2.2882703130288684
0.5 0.08 13 2.040956779318228
0.7000000000000001 0.03 24 2.1579991365344693
0.01 0.02 65 3.494201894983599
0.06999999999999999 0.003 293 4.593872793910747
0.03 0.008 234 5.1395591873024555
0.5 0.09 10 1.9971229370159074
0.7000000000000001 0.04 24 2.1579991365344693
0.01 0.03 35 3.483555412740803
0.06999999999999999 0.004 254 4.520895062072565
0.7000000000000001 0.05 21 2.152604513421395
0.5 0.001 400 5.715356408625126
0.03 0.009000000000000001 225 3.425026708866529
0.7000000000000001 0.060000000000000005 18 2.1372124003461828
0.01 0.04 35 3.483555412740803
0.06999999999999999 0.005 174 4.473421256809035
0.5 0.002 235 4.956249029901357
0.04 0.1 26 2.256660807766447
0.7000000000000001 0.06999999999999999 18 2.1372124003461828
0.01 0.05 35 3.483555412740803
0.06999999999999999 0.006 120 4.430938672598083
0.7000000000000001 0.08 13 2.040956779318228
0.5 0.003 166 4.595167023207881
0.04 0.2 12 2.211459241265516
0.7000000000000001 0.09 10 1.9971229370159074
0.5 0.004 133 4.3307066385509545
0.06999999999999999 0.007 107 4.424834308525822
0.01 0.060000000000000005 35 3.483555412740803
0.04 0.30000000000000004 12 2.211459241265516
0.5 0.005 106 3.6840001457050966
0.7000000000000001 0.001 400 5.715356408625126
0.06999999999999999 0.008 74 4.282853482465406
0.01 0.06999999999999999 35 3.483555412740803
0.04 0.4 12 2.211459241265516
0.5 0.006 90 3.5822510585622336
0.7000000000000001 0.002 235 4.956249029901357
0.06999999999999999 0.009000000000000001 74 4.282853482465406
0.01 0.08 35 3.483555412740803
0.5 0.007 84 3.5575222027352384
0.04 0.5 12 2.211459241265516
0.7000000000000001 0.003 166 4.595167023207881
0.08 0.1 16 1.6856381594351448
0.5 0.008 81 3.5495675261676056
0.04 0.6 12 2.211459241265516
0.7000000000000001 0.004 133 4.3307066385509545
0.01 0.09 35 3.483555412740803
0.5 0.009000000000000001 75 3.543272897330506
0.08 0.2 8 1.6616496574606339
0.7000000000000001 0.005 106 3.6840001457050966
0.04 0.7000000000000001 12 2.211459241265516
0.01 0.001 1305 8.130044728190104
0.7000000000000001 0.006 90 3.5822510585622336
0.08 0.30000000000000004 8 1.6616496574606339
0.7000000000000001 0.007 84 3.5575222027352384
0.04 0.8 12 2.211459241265516
0.7000000000000001 0.008 81 3.5495675261676056
0.7000000000000001 0.009000000000000001 75 3.543272897330506
0.01 0.002 1235 7.819430854454815
0.08 0.4 8 1.6616496574606339
0.04 0.9 12 2.211459241265516
0.8 0.1 7 0.8994324166192195
0.8 0.2 7 0.8994324166192195
0.8 0.30000000000000004 4 0.8526193489874956
0.08 0.5 8 1.6616496574606339
0.8 0.4 4 0.8526193489874956
0.01 0.003 1080 6.730221274325001
0.04 0.01 174 5.396577835172273
0.8 0.5 4 0.8526193489874956
0.8 0.6 4 0.8526193489874956
0.08 0.6 8 1.6616496574606339
0.8 0.7000000000000001 4 0.8526193489874956
0.8 0.8 4 0.8526193489874956
0.04 0.02 106 2.6713524129208572
0.01 0.004 1005 4.87371453245493
0.8 0.9 4 0.8526193489874956
0.08 0.7000000000000001 8 1.6616496574606339
0.8 0.01 75 3.543272897330506
0.8 0.02 32 2.2882703130288684
0.04 0.03 71 2.418640941915789
0.01 0.005 847 4.49256785940234
0.8 0.03 24 2.1579991365344693
0.08 0.8 8 1.6616496574606339
0.8 0.04 24 2.1579991365344693
0.04 0.04 56 2.3668479830920144
0.8 0.05 21 2.152604513421395
0.8 0.060000000000000005 18 2.1372124003461828
0.01 0.006 804 4.486772911940888
0.08 0.9 8 1.6616496574606339
0.8 0.06999999999999999 18 2.1372124003461828
0.8 0.08 13 2.040956779318228
0.04 0.05 41 2.2802232658895023
0.08 0.01 85 4.08246685643991
0.01 0.007 754 4.311267054917587
0.8 0.09 10 1.9971229370159074
0.8 0.001 400 5.715356408625126
0.04 0.060000000000000005 41 2.2802232658895023
0.08 0.02 67 4.010773291092562
0.8 0.002 235 4.956249029901357
0.01 0.008 621 4.140123345521544
0.8 0.003 166 4.595167023207881
0.04 0.06999999999999999 41 2.2802232658895023
0.08 0.03 53 2.200912874952793
0.8 0.004 133 4.3307066385509545
0.01 0.009000000000000001 579 4.129058455436796
0.8 0.005 106 3.6840001457050966
0.04 0.09 26 2.256660807766447
0.08 0.04 37 1.8685695329442542
0.8 0.006 90 3.5822510585622336
0.02 0.1 21 2.8012722324508226
0.8 0.007 84 3.5575222027352384
0.8 0.008 81 3.5495675261676056
0.08 0.05 30 1.7981744345315724
0.8 0.009000000000000001 75 3.543272897330506
0.04 0.001 795 5.759746732548014
0.02 0.2 21 2.8012722324508226
0.9 0.1 7 0.8994324166192195
0.9 0.2 7 0.8994324166192195
0.08 0.060000000000000005 23 1.7262598749384492
0.9 0.30000000000000004 4 0.8526193489874956
0.9 0.4 4 0.8526193489874956
0.04 0.002 471 5.610824057816777
0.02 0.30000000000000004 21 2.8012722324508226
0.9 0.5 4 0.8526193489874956
0.08 0.06999999999999999 23 1.7262598749384492
0.9 0.6 4 0.8526193489874956
0.9 0.7000000000000001 4 0.8526193489874956
0.04 0.003 330 5.550973803368837
0.02 0.4 21 2.8012722324508226
0.08 0.08 23 1.7262598749384492
0.02 0.5 21 2.8012722324508226
0.02 0.6 21 2.8012722324508226
0.04 0.004 231 5.52713326844493
0.08 0.09 23 1.7262598749384492
0.02 0.7000000000000001 21 2.8012722324508226
0.04 0.005 220 5.525070197359016
0.08 0.001 582 6.594261711605282
0.02 0.8 21 2.8012722324508226
0.02 0.9 21 2.8012722324508226
0.04 0.006 193 5.515455602357578
0.02 0.01 313 3.5668413969769848
0.08 0.002 387 4.865527138529233
0.02 0.02 163 3.061963354655165
0.04 0.007 193 5.515455602357578
0.08 0.003 299 4.666094390328325
0.02 0.04 63 2.8297006262152085
0.02 0.03 76 2.846434764854358
0.08 0.004 212 4.249515024944509
0.04 0.008 174 5.396577835172273
0.02 0.05 44 2.8176279928977297
0.02 0.060000000000000005 21 2.8012722324508226
0.08 0.005 179 4.15379330713554
0.04 0.009000000000000001 174 5.396577835172273
0.02 0.06999999999999999 21 2.8012722324508226
0.02 0.08 21 2.8012722324508226
0.08 0.006 172 4.147167166466531
0.05 0.1 21 2.0478129867498813
0.02 0.09 21 2.8012722324508226
0.02 0.001 696 6.939678659864525
0.08 0.007 119 4.1045076563194645
0.05 0.2 10 2.015348498313404
0.05 0.30000000000000004 10 2.015348498313404
0.08 0.008 104 4.092389073473386
0.05 0.4 10 2.015348498313404
0.05 0.5 10 2.015348498313404
0.08 0.009000000000000001 85 4.08246685643991
0.05 0.6 10 2.015348498313404
0.05 0.7000000000000001 10 2.015348498313404
0.09 0.1 13 1.6149679298504835
0.05 0.8 10 2.015348498313404
0.05 0.9 10 2.015348498313404
0.09 0.2 13 1.6149679298504835
0.05 0.01 117 4.989983178116675
0.05 0.02 76 2.611174529202838
0.09 0.30000000000000004 6 1.5249371250834518
0.05 0.03 60 2.367145126348182
0.05 0.04 51 2.322824568570178
0.09 0.4 6 1.5249371250834518
0.05 0.05 40 2.148342844116075
0.05 0.060000000000000005 40 2.148342844116075
0.09 0.5 6 1.5249371250834518
0.05 0.06999999999999999 21 2.0478129867498813
0.05 0.08 21 2.0478129867498813
0.09 0.6 6 1.5249371250834518
0.05 0.09 21 2.0478129867498813
0.05 0.001 773 5.807902947766536
0.09 0.7000000000000001 6 1.5249371250834518
0.05 0.002 484 5.338699483444023
0.05 0.003 327 5.180596247015883
0.09 0.8 6 1.5249371250834518
0.05 0.004 208 5.114747492668038
0.05 0.005 177 5.102048937261423
0.09 0.9 6 1.5249371250834518
0.05 0.006 165 5.0992871437644105
0.05 0.007 158 5.096081099855407
0.09 0.01 99 4.091346488879271
0.05 0.008 133 5.08443909008216
0.05 0.009000000000000001 117 4.989983178116675
0.09 0.02 84 4.076372949712631
0.060000000000000005 0.1 16 1.685634448699519
0.060000000000000005 0.2 8 1.6616496574606339
0.09 0.03 42 2.1897669598507075
0.060000000000000005 0.30000000000000004 8 1.6616496574606339
0.060000000000000005 0.4 8 1.6616496574606339
0.09 0.04 36 1.8710082370799748
0.060000000000000005 0.5 8 1.6616496574606339
0.060000000000000005 0.6 8 1.6616496574606339
0.09 0.05 27 1.826167946463041
0.060000000000000005 0.7000000000000001 8 1.6616496574606339
0.060000000000000005 0.8 8 1.6616496574606339
0.09 0.060000000000000005 21 1.7568689985779038
0.060000000000000005 0.9 8 1.6616496574606339
0.060000000000000005 0.01 85 4.351172529937697
0.09 0.06999999999999999 13 1.6149679298504835
0.060000000000000005 0.02 85 4.351172529937697
0.060000000000000005 0.03 66 2.240845476321559
0.09 0.08 13 1.6149679298504835
0.060000000000000005 0.04 43 1.8912856447207436
0.060000000000000005 0.05 38 1.817336210231112
0.09 0.09 13 1.6149679298504835
0.060000000000000005 0.060000000000000005 25 1.731967168800526
0.060000000000000005 0.06999999999999999 25 1.731967168800526
0.09 0.001 621 6.880794037231296
0.060000000000000005 0.08 25 1.731967168800526
0.060000000000000005 0.09 25 1.731967168800526
0.09 0.002 377 4.9677426982813975
0.060000000000000005 0.001 730 6.685253253895744
0.060000000000000005 0.002 490 5.020935837313089
0.09 0.003 242 4.559015094066906
0.060000000000000005 0.003 294 4.576903223352156
0.09 0.004 152 4.237878402815925
0.09 0.005 148 4.210543577107803
0.09 0.006 108 4.1141396881881365
0.09 0.007 99 4.091346488879271
0.09 0.008 99 4.091346488879271
0.09 0.009000000000000001 99 4.091346488879271
0.04 0.08 26 2.256660807766447
