1 0.0
2 0.12410306004160984
3 0.2565355391041203
4 0.33228348185173867
5 0.4158601383068781
6 0.4309966621797285
7 0.6517770410167115
8 0.6648436427185662
9 0.6850676320247899
10 0.724983596001406
11 0.7233464210806937
12 0.7701835488139871
13 0.8289942257096975
14 0.9393825959476347
15 0.9255041399700328
16 0.9760476067824637
17 0.9702759738207432
18 0.9736812311185227
19 1.0781178634630966
20 1.083793420443325
21 1.1005660846338816
22 1.1094522499122865
23 1.0689322639193604
24 1.12226912849168
25 1.1235817937932822
26 1.2533672713637871
27 1.2051472185960959
28 1.2929816421995899
29 1.2294631559415707
30 1.2615410883038216
31 1.2879335835570989
32 1.2451416185258501
33 1.2351931300110999
34 1.3805561086390923
35 1.3323462589511434
36 1.391922425947825
37 1.4260654084445652
38 1.4205260495348724
39 1.4345881867045294
40 1.5084070996851477
41 1.4779919692852075
42 1.5717957758103978
43 1.5116596825077495
44 1.6582276806762624
45 1.5713006238784988
46 1.6795986309536093
47 1.5607310185103718
48 1.6959588892524786
49 1.6729918341859207
50 1.6071537727105376
51 1.6305586364962543
52 1.573428997474694
53 1.7866599803558958
54 1.748709904602446
55 1.7425606231998392
56 1.7782131243371726
57 1.6710578163645526
58 1.6448290362893059
59 1.781763174323866
60 1.8028592182886014
61 1.7945479941903522
62 1.750582363945814
63 1.7951082057035852
64 1.788146097786388
65 1.8253095742764638
66 1.8341434834531998
67 1.851878736942305
68 1.835283725930481
69 1.9515703340847763
70 1.8368394506031183
71 2.0357490553164794
72 1.966159672644767
73 1.9913826766038667
74 1.8787209442421067
75 1.8931846740393334
76 1.938560211627546
77 1.958708328075011
78 1.951090224999411
79 1.9931049530205458
80 1.9287636669443993
81 1.9886160261738974
82 2.085302709707462
83 2.2041000272687192
84 2.073789289399252
85 2.045856484318649
86 2.054912242261592
87 2.0371032332490584
88 2.142321868114193
89 2.071338077718662
90 2.0438852702591093
91 2.062116607704318
92 2.0454196790446963
93 2.384072384302023
94 2.078240278881722
95 2.405411301234512
96 2.393979714494585
97 2.4240277607108944
98 2.432637018307157
99 2.449501837918514
100 2.38708359345296
101 2.278747021497345
102 2.375569312633788
103 2.2064660644524436
104 2.1192419615646507
105 2.324025570741908
106 2.4074317937420666
107 2.389932548706791
108 2.442565427921838
109 2.46397455909164
110 2.147313592593206
111 2.440362788861417
112 2.4579542054188113
113 2.4969368731210597
114 2.498420200550778
115 2.4690554816586934
116 2.5206885457391603
117 2.439015021144397
118 2.46509592594089
119 2.5494520264226854
120 2.525801315950081
121 2.498446838868724
122 2.5871897935005173
123 2.524115856340619
124 2.512548699832324
125 2.5305090426189696
126 2.5688560436708587
127 2.636344776761674
128 2.6929595790528484
129 2.677563468747811
130 2.721045987883501
131 2.7068227043437294
132 2.7136939202184354
133 2.668949417816698
134 2.7615186591323364
135 2.680777779270153
136 2.70229297005459
137 2.7055236782881975
138 2.7039004048664386
139 2.7641341843436162
140 2.7932745966110546
141 2.759887041626618
142 2.776907375950848
143 3.2653895891212086
144 3.2660992794821095
145 3.2241589695422173
146 3.2348155284165507
147 2.816664894112219
148 2.8503683745857864
149 2.809256890521261
150 2.828865888066529
151 2.821592161112052
152 2.8806221314670535
153 2.8296618074972972
154 2.8752032829906384
155 2.8714226946974777
156 2.8923807377374517
157 2.8220530062097042
158 2.8162339614289977
159 2.7895773826586425
160 2.889359402850917
161 3.1703897684968205
162 3.152932171816469
163 3.1616852166482077
164 3.183411786793011
165 3.175547928719145
166 3.1788299771665813
167 3.60210705677223
168 3.5523651711340913
169 3.537257278914672
170 3.166001398665014
171 3.1906672970247496
172 3.18439603646593
173 3.0188243102922683
174 3.1653831245205195
175 3.173967697001761
176 3.226229314545352
177 3.2387563530223007
178 3.18088301601903
179 3.2371227595186807
180 3.164064208807261
181 3.1798454694335545
182 3.1544648075576682
183 3.1657059146978455
184 3.281234255987942
185 3.293317239470309
186 3.3713767848687635
187 3.365329353704135
188 3.330029724618687
189 3.2350421966368916
190 3.21233007455286
191 3.210284555577764
192 3.2149615921748698
193 3.2307786308546227
194 3.344362990018551
195 3.3613078055395986
196 3.269672556233956
197 3.2528141029369233
198 3.2488977170660087
199 3.2604596036859403
200 3.657244879536987
201 3.6655001719374756
202 3.6933999756376092
203 3.7256695186689908
204 3.707261472349778
205 3.735227724441293
206 3.7389971715488324
207 3.7522235147915017
208 3.7226676007809028
209 3.7226769769773727
210 3.7640504654833498
211 3.7460752226643366
212 3.7532467218606755
213 3.7754234938109597
214 3.8626009504597305
215 3.867519607138134
216 3.842821814835227
217 3.8496091813763123
218 3.8817303775593897
219 3.8631992672234072
220 3.861599285086497
221 3.8670068338276495
222 3.8670555137389755
223 3.865981538200805
224 3.85872545667627
225 3.8575394081991186
226 3.8330373884892457
227 3.8422696532855634
228 3.840736278190657
229 3.810961707243283
230 3.7863259385210433
231 3.8025450629768254
232 3.8154645060467227
233 3.8073077065300565
234 3.834698120390287
235 3.9279030169280804
236 3.9075370186408716
237 3.9176737377583866
238 3.9293015390255444
239 3.940046858133279
240 3.9401750800181543
241 3.9489905837701307
242 3.4957045491285097
243 3.489929174908753
244 3.5069888205498936
245 3.930134576148967
246 3.919882426913744
247 3.844500194965671
248 3.8946092537046244
249 3.900505808310707
250 3.8914465142346675
251 3.9876881301213203
252 3.9343470730207675
253 3.9415158545997024
254 3.9433764615569067
255 3.8904020094437923
256 3.951521871202897
257 3.955328016495291
258 3.967490024971802
259 3.9371907534808583
260 3.9451220630089656
261 3.9760220307228966
262 3.9366248952093152
263 3.989187204340535
264 3.9755724864877244
265 3.983158963817989
266 3.9709845586154655
267 3.9193600297833844
268 3.9521956949255284
269 3.9635020476711738
270 3.9935173870081875
271 4.037245001151562
272 4.034618741108424
273 3.9918687192347018
274 3.9750270081875514
275 4.003552340355083
276 4.010854274404769
277 3.996264073477033
278 3.979673862314168
279 4.032745472320542
280 4.041976646839711
281 4.03791568745078
282 4.005777621703883
283 4.107446684994186
284 4.090240056965651
285 4.052920136217247
286 4.041517247126547
287 4.1262384093887485
288 4.137884141754797
289 4.164128661017569
290 4.096111871403511
291 4.074905482669113
292 4.071233261093411
293 4.062671520443138
294 4.060712369024135
295 4.06856682021148
296 4.073084440205198
297 4.160067911612758
298 4.151049651538526
299 4.168862341535954
300 4.17135397137395
301 4.101857384851504
302 4.062837259327317
303 4.109102036561573
304 4.118528678514042
305 4.121677438592128
306 4.218848545359765
307 4.190109114759833
308 4.173761601355836
309 4.188095031244962
310 4.17021065236921
311 4.148829660988078
312 4.182775762006398
313 4.23633030701504
314 4.255132902526354
315 4.232083102346764
316 4.272846146785452
317 4.271019827436514
318 4.265338268662846
319 4.220554590877358
320 4.491324385180493
321 4.530378277045304
322 4.532126949147726
323 4.53015859317567
324 4.477806420579758
325 4.555512947901299
326 4.586497309878553
327 4.500532801788989
328 4.510579507405794
329 4.471005694389127
330 4.470940103937691
331 4.502147456223677
332 4.499182337439765
333 4.522829428941492
334 4.414623691817569
335 4.593723378546678
336 4.4250659788388225
337 4.5551055675488
338 4.533348385787633
339 4.501334179601569
340 4.5099916080678035
341 4.488716345909326
342 4.489943014625146
343 4.488216034375849
344 4.5622027938399325
345 4.550927155534708
346 4.622796149255019
347 4.628737518856756
348 4.616808151952407
349 4.616100442515202
350 4.617424814403293
351 4.562743526489969
352 4.579856657846463
353 4.634328047347797
354 4.672627474860699
355 4.667877912372237
356 4.666679026703365
357 4.6753028588080605
358 4.669927860183984
359 4.658014483832971
360 4.657302475181318
361 4.667754052132021
362 4.640271024447535
363 4.6696145152527295
364 4.707339560432444
365 4.711774780631153
366 4.712232890327533
367 4.687829421938716
368 4.603722628994358
369 4.6794232295330795
370 4.686301935732714
371 4.682743443394166
372 4.709150095882644
373 4.710628668028076
374 4.713233579825328
375 4.739755771617721
376 4.746609937401756
377 4.855141259986097
378 4.788524129831778
379 4.872401552371818
380 4.869341014802089
381 4.797938038760396
382 4.760224883394201
383 4.798574258581009
384 4.796628928662938
385 4.870912761299628
386 4.873889402678374
387 4.863074642066924
388 4.873159664177603
389 4.8795604096675795
390 4.881730084810337
391 4.869470448358532
392 4.86457318304627
393 4.877437923918405
394 4.880200755499706
395 4.877869087291656
396 4.893755467579979
397 4.871465606130066
398 4.8764103599726205
399 4.855998500249897
400 4.859267303316812
401 4.785571574598931
402 4.893401230511514
403 4.902032713315595
404 4.8892447433927835
405 4.930036461528358
406 4.936883740436416
407 4.932450528855985
408 4.944498861199727
409 4.947480195250431
410 4.9480609848034085
411 4.907892807983844
412 4.913568941844663
413 4.949426799789008
414 4.951157111348621
415 4.759431186512001
416 4.966612383900832
417 4.998130113234259
418 5.003103972578869
419 4.986651393780144
420 4.97820870185779
421 4.983759479466935
422 4.984860342039115
423 4.997603084416962
424 4.986856586651189
425 4.992913324013844
426 4.997901278370088
427 4.930212497496348
428 4.9289774802548365
429 4.840392201213723
430 4.920289604806367
431 4.925807583463622
432 4.990516270831673
433 5.023142534470529
434 5.004722534994727
435 5.010935661671727
436 4.925630040368736
437 5.021776650433411
438 4.994891990596037
439 4.989963590331447
440 5.023624698583494
441 5.027882155621592
442 5.042921740055261
443 5.081164343340653
444 5.052248912249691
445 5.071694746808089
446 5.0865008386072335
447 5.089258019899907
448 5.04857648273517
449 5.096589169241188
450 5.091286183643717
451 5.09614737770878
452 5.085629307704351
453 5.052760014624688
454 5.115464318935561
455 5.116925364818311
456 5.108599589784286
457 5.133295198510045
458 5.130594270751716
459 5.129416366281288
460 5.136647292501454
461 5.136524065980933
462 5.229526546464448
463 5.2096113433697555
464 5.215462845432429
465 5.190767458611378
466 5.2017115670139615
467 5.212758456461618
468 5.230635964931574
469 5.236091805925208
470 5.251681219986728
471 5.2424035782476945
472 5.244761172442215
473 5.244955527477742
474 5.211447130081001
475 5.23767896285108
476 5.256472612003306
477 5.264984738225655
478 5.268058019374084
479 5.291034003619389
480 5.285900997833356
481 5.281711724316364
482 5.276025764792338
483 5.195319564044876
484 5.297146638819251
485 5.297028732818007
486 5.281880049061019
487 5.293896900180651
488 5.299333493254038
489 5.289800700488328
490 5.30206188650983
491 5.315266808003477
492 5.314032703501711
493 5.321954105261243
494 5.27983520315033
495 5.283333893192638
496 5.3343475641829645
497 5.302222645008131
498 5.297973046665987
499 5.2789324705728395
500 5.302022118479116
501 5.31325966262239
502 5.302384403254828
503 5.353219452191268
504 5.336908683669676
505 5.312699859233475
506 5.31070764347775
507 5.327787315366255
508 5.322499100818196
509 5.316574542518661
510 5.3066157674941765
511 5.340522244924161
512 5.339345106879076
513 5.346351481628786
514 5.325493507937649
515 5.3193269753796555
516 5.321207666210485
517 5.35913726687987
518 5.388277656750581
519 5.442521083363872
520 5.441541169074172
521 5.447426087024103
522 5.449896874581258
523 5.448325167196507
524 5.410591443570831
525 5.426355565421909
526 5.4213633621624995
527 5.430539830516165
528 5.390012710722041
529 5.38786400016907
530 5.387937729646564
531 5.418313315556572
532 5.437740090636919
533 5.439760433372209
534 5.4307102417687245
535 5.44630775802832
536 5.448143333779885
537 5.461313677681518
538 5.443961109613692
539 5.457397038459297
540 5.505147228854997
541 5.518350938347171
542 5.5170624950321985
543 5.527465121803656
544 5.532609623310976
545 5.538940323239619
546 5.537946641310101
547 5.514191309150939
548 5.51540369459271
549 5.513247154463284
550 5.523871830386065
551 5.524351881943591
552 5.529132113242034
553 5.531939124320947
554 5.536033124448113
555 5.5009797277506
556 5.520911657643813
557 5.491827629833787
558 5.5283739788412225
559 5.533585124440262
560 5.525448060386467
561 5.491588494711886
562 5.523246214764481
563 5.540325713934353
564 5.660966964006775
565 5.667269733696191
566 5.682630799791679
567 5.686178968240037
568 5.6730480334446405
569 5.671956074243183
570 5.679800003408799
571 5.697018574675349
572 5.698523245212459
573 5.689869878927318
574 5.692878308052708
575 5.697917253758856
576 5.696424407112589
577 5.7119686435293096
578 5.708672720548243
579 5.707570425930914
580 5.714575093856453
581 5.722490578758578
582 5.7267581555594225
583 5.722521373983507
584 5.723100569460153
585 5.715569211869667
586 5.721641045696815
587 5.724321785070872
588 5.721816177137637
589 5.751028233155304
590 5.7316502091533295
591 5.727178711782366
592 5.747949968115155
593 5.722003461672925
594 5.751044821982815
595 5.728348752156525
596 5.7088409969733735
597 5.743987185867848
598 5.745176980487448
599 5.754071888242328
600 5.758308771988788
601 5.778080216596715
602 5.787426107939977
603 5.774389432759305
604 5.733719769871528
605 5.7700634299596825
606 5.7865568479815215
607 5.790295090299178
608 5.78690791653536
609 5.788639868157178
610 5.790984304069139
611 5.785816050868137
612 5.786885277647849
613 5.831342256494958
614 5.845369130968507
615 5.845872734178959
616 5.856596189139079
617 5.8387793842061475
618 5.839793732386353
619 5.833845081321543
620 5.839525048518419
621 5.879278481204928
622 5.846379232404545
623 5.846459960504572
624 5.849985984600531
625 5.828083312075859
626 5.8337958405465296
627 5.836546960989298
628 5.8145431194435835
629 5.825352722523147
630 5.827177203986574
631 5.833211792271183
632 5.844378800427456
633 5.8702868396763375
634 5.88297081791848
635 5.88130152436861
636 5.9011354881405245
637 5.898590215569413
638 5.894560263002651
639 5.8884261011071635
640 5.910791479790794
641 5.915238157042079
642 5.916412233915392
643 5.917908008199182
644 5.912918852373793
645 5.929355951463364
646 5.961063266227938
647 5.956955724826461
648 5.958516470336804
649 5.9674318473527865
650 5.9832183713182685
651 5.990941716765696
652 5.978582215485683
653 5.973538809243141
654 5.986961999465994
655 5.993039441303908
656 6.000499269858334
657 5.998790554954475
658 6.002146491597493
659 6.002325655735883
660 6.000801473869462
661 6.017435194013398
662 6.015574655924809
663 6.022206450825918
664 6.0269744711827595
665 6.024293481854209
666 6.01444225251388
667 6.019672167686541
668 6.015705759722374
669 6.014426782100231
670 6.025428098444799
671 6.035243250661133
672 6.019725415532178
673 6.026349090517295
674 6.027742503010166
675 6.049961709375763
676 6.056722018759754
677 6.057707132302263
678 6.051727004808452
679 6.054670121180467
680 6.058089482623464
681 6.070067308091919
682 6.0700261138225375
683 6.077870380039907
684 6.079924659303722
685 6.0810543967138
686 6.085289032634408
687 6.101064460120842
688 6.104054902462195
689 6.099824147914062
690 6.0986310534211565
691 6.099339904454147
692 6.116803144201408
693 6.118978860734448
694 6.118982030955095
695 6.11737879015279
696 6.12021362920134
697 6.118925835867946
698 6.087914232272923
699 6.07411640357008
700 6.116715366075043
701 6.121872161004075
702 6.124174738384821
703 6.0896809237243135
704 6.091030688864384
705 6.087374659898602
706 6.129224067744594
707 6.106537212317394
708 6.107164508990997
709 6.103526648232439
710 6.109505045811579
711 6.11206643764214
712 6.11266457524118
713 6.116589732750894
714 6.122866810253406
715 6.123112037985318
716 6.125707869022321
717 6.159652389726127
718 6.145648443918
719 6.14732769706289
720 6.16910743109351
721 6.171172610196618
722 6.170452656046501
723 6.170488514437815
724 6.172006673555767
725 6.1780617885854126
726 6.184758642920402
727 6.189124343124813
728 6.153570434057498
729 6.198921153336701
730 6.19398501298387
731 6.196684265461627
732 6.204098697954431
733 6.208203254127675
734 6.217820038651995
735 6.216053028441891
736 6.216459213169629
737 6.21161335147721
738 6.215039902429104
739 6.227089959259336
740 6.223735745505724
741 6.229194056961215
742 6.219912412867795
743 6.242269334800126
744 6.252421443247652
745 6.2519595545290745
746 6.259838152205451
747 6.2617658695301355
748 6.256039104721827
749 6.2604606453400296
750 6.247475724418644
751 6.264848713098358
752 6.281212989087362
753 6.290598456695836
754 6.296440590359763
755 6.2914135383382925
756 6.2912252344716215
757 6.303928265130592
758 6.293103475493348
759 6.296448966812036
760 6.311190585063301
761 6.31476414009853
762 6.320768585626824
763 6.320128709234192
764 6.323881772174901
765 6.323266672123782
766 6.327614966478576
767 6.323837637564011
768 6.327196421656177
769 6.325659389415051
770 6.324266781207321
771 6.32045346249633
772 6.325752135439134
773 6.325128592863712
774 6.3294636808843805
775 6.326762241366284
776 6.333898540643678
777 6.336386405649418
778 6.345542435144664
779 6.345089825853086
780 6.346533594205568
781 6.350129750346483
782 6.354141756300619
783 6.3556599154185704
784 6.356889275460661
785 6.3503391150849104
786 6.3560216212396945
787 6.352285038723856
788 6.354599853538673
789 6.352663320937921
790 6.35590272565804
791 6.358839538681929
792 6.346385778296933
793 6.3507690649420585
794 6.346366158459926
795 6.350775828788632
796 6.3597606515052565
797 6.364733272343112
798 6.364246727231677
799 6.376325224600743
800 6.381949068304708
801 6.382192870174208
802 6.382445579291513
803 6.387065243045772
804 6.389284128047513
805 6.386750035639033
806 6.390764839634621
807 6.387117207475665
808 6.388857842256527
809 6.39170663777553
810 6.397821034159785
811 6.397125835929832
812 6.4055214665144655
813 6.404693604610131
814 6.408482399045283
815 6.4097068676175635
816 6.411130837692454
817 6.415544092959237
818 6.412925213077392
819 6.414523094809674
820 6.422024963420035
821 6.419540418197387
822 6.423017453248835
823 6.424153840628274
824 6.427326224319063
825 6.429572363209025
826 6.428893958471443
827 6.435255927991378
828 6.432581656487015
829 6.432642752526952
830 6.432594258306629
831 6.432921766835391
832 6.436727376949454
833 6.4388296819767294
834 6.440802781056656
835 6.432965703503615
836 6.437153494002177
837 6.439198333873376
838 6.4405149440187754
839 6.440547294728306
840 6.448010666247322
841 6.450591667765801
842 6.451018948496402
843 6.453646795436925
844 6.456334219126601
845 6.456145089112838
846 6.461223857824476
847 6.467387007984245
848 6.468987619328911
849 6.4708605950126605
850 6.476258569456218
851 6.476336748461639
852 6.475463036074875
853 6.475488086833467
854 6.480135578557361
855 6.49467344301458
856 6.4952575030494115
857 6.502513311181824
858 6.507225983208878
859 6.505935482449639
860 6.506870108015513
861 6.506485670352569
862 6.509066608183094
863 6.514507429723513
864 6.519741328941104
865 6.52021173054175
866 6.520124707976479
867 6.521752086116135
868 6.528852439614967
869 6.528234948056496
870 6.533802992682898
871 6.537231401397004
872 6.537964477990327
873 6.537942156844119
874 6.551280650682567
875 6.550039689347613
876 6.565720985519364
877 6.563704644429791
878 6.566499826720622
879 6.569916012280913
880 6.574064215806956
881 6.575524191358182
882 6.575319976461199
883 6.574115439639662
884 6.576974201034037
885 6.574838550357613
886 6.578885705062734
887 6.580990063657194
888 6.579098214850273
889 6.581341091983036
890 6.587343610910668
891 6.588210211724217
892 6.589539240828406
893 6.590791213242696
894 6.5911684146426515
895 6.593134981892836
896 6.593410075844302
897 6.596364767051748
898 6.595757241368647
899 6.594088480581883
900 6.597149508086039
901 6.602430842896383
902 6.607832077464283
903 6.609084049878572
904 6.61139780606582
905 6.611689043528071
906 6.617540475805549
907 6.616854834804982
908 6.6204913787730435
909 6.6211123820425035
910 6.62173338531196
911 6.623906505705766
912 6.625449715582308
913 6.6110076597985605
914 6.612842107137358
915 6.615054814503681
916 6.617039863511293
917 6.61820481336031
918 6.619597421568041
919 6.621195303300323
920 6.622258145700849
921 6.623029750639121
922 6.625275928934778
923 6.626197076914294
924 6.625432708239011
925 6.627789461806621
926 6.629514563069187
927 6.628335741268079
928 6.628374269613029
929 6.629722171840391
930 6.631556619179189
931 6.633391066517986
932 6.634453908918512
933 6.638588024865703
934 6.640029127293755
935 6.637654457927399
936 6.63838753452072
937 6.638678771982976
938 6.655870010996309
939 6.65853964237692
940 6.661965793812582
941 6.664533435581467
942 6.67030581860368
943 6.670553408713135
944 6.673956116687067
945 6.677505307412079
946 6.680236849276168
947 6.682280476216238
948 6.682760843692256
949 6.684918879202839
950 6.688043827300874
951 6.689587037177419
952 6.690169512101928
953 6.68828657054281
954 6.689727672970861
955 6.690688407922895
956 6.691460012861166
957 6.692577527117432
958 6.693247024607212
959 6.696042206898043
960 6.697915182581791
961 6.697860510726052
962 6.698632115664324
963 6.698632115664323
964 6.701869137086224
965 6.702742849472985
966 6.703805691873513
967 6.705057664287801
968 6.705019135942851
969 6.7066008741643435
970 6.707231843309174
971 6.723252799986031
972 6.7298314033617395
973 6.731374613238283
974 6.731336084893335
975 6.731665850700537
976 6.7327286931010635
977 6.736285514454796
978 6.741497619008935
979 6.745310003782127
980 6.746561976196417
981 6.747333581134688
982 6.7483964235352145
983 6.745562712899432
984 6.7507112383500285
985 6.754924079607183
986 6.755695684545453
987 6.757049764408235
988 6.757821369346505
989 6.758301736822525
990 6.769306342736833
991 6.771873866668953
992 6.772354234144971
993 6.780929597479603
994 6.785234053827123
995 6.786005658765395
996 6.787068501165921
997 6.787840106104191
998 6.78361484588825
999 6.7840952133642665
