1 0.0
2 0.15876912581322375
3 0.19711165823230445
4 0.3271215734586699
5 0.39422343771456686
6 0.4074947210926825
7 0.512019407290298
8 0.5182655196350576
9 0.5284590431759426
10 0.5328824653432233
11 0.6684850906624691
12 0.7850639648992611
13 0.7877174527690826
14 0.7908239221096783
15 0.8072579282672867
16 0.810965309788418
17 0.8629238805386515
18 1.1645578210336098
19 1.1687763134434275
20 1.17184128230015
21 1.178875963903591
22 1.1827847400937137
23 1.1943216802786862
24 1.2201297850479451
25 1.2220920405754068
26 1.2245038438308642
27 1.2231139693636521
28 1.2413470880989212
29 1.2432200637826687
30 1.2473978884058594
31 1.262578571471032
32 1.2817795444421012
33 1.2846824853340875
34 1.2837212714979573
35 1.2854686962714839
36 1.290155758622843
37 1.316875986708422
38 1.4257573767731617
39 1.4280721915879766
40 1.4390193484355032
41 1.4411013858837565
42 1.5556586957120613
43 1.5581626405406388
44 1.5601677534160137
45 1.5620835721674198
46 1.5642092569684714
47 1.7641278827747968
48 1.7648994877130684
49 1.7680880149146465
50 1.7753834174468268
51 1.7803403910538484
52 1.785069871306436
53 1.7858414762447077
54 1.7876972497900967
55 1.7975876028839584
56 1.799452752134011
57 1.802247934424843
58 1.8132010052294585
59 1.8153401676168683
60 1.8246498460642555
61 1.825824761788645
62 1.8273679716651885
63 1.829283790416594
64 1.833423354997265
65 1.8438297119856033
66 1.8480810815877076
67 1.849624291464251
68 1.8516691950234025
69 1.8522516699479115
70 1.8599628555292425
71 1.8773651292361906
72 1.8830240519059402
73 1.890975586081063
74 1.8909171259853705
75 1.8949303448706358
76 1.897574925492655
77 1.8978661629549094
78 1.9166282479059937
79 1.91769109030652
80 1.9324200101047442
81 1.938563276112429
82 1.940645313560682
83 1.943338388403023
84 2.4114871594350435
85 2.4200823725230087
86 2.4218782915168564
87 2.422649896455128
88 2.4234215013933995
89 2.4244843437939254
90 2.4271378316637473
91 2.430326358865326
92 2.434521323295051
93 2.437799734791306
94 2.439051707205595
95 2.4445386951469352
96 2.446286119920461
97 2.523468839854172
98 2.524240444792443
99 2.526156263543849
100 2.5328519820388222
101 2.5346613786190275
102 2.5378499058206057
103 2.5389127482211324
104 2.539684353159403
105 2.5596650468374196
106 2.5617907316384714
107 2.563388613370754
108 2.56445145577128
109 2.568181754271385
110 2.5726479546274246
111 2.5925553961110563
112 2.593618238511582
113 2.5989324505142126
114 2.6029831782535204
115 2.6040460206540463
116 2.60555070218564
117 2.6076763869866917
118 2.6509821878903472
119 2.651753792828619
120 2.6546995767882633
121 2.655471181726535
122 2.657052919948028
123 2.6578245248863
124 2.6876088097758135
125 2.6883804147140853
126 2.69212636608158
127 2.6944573244071846
128 2.6986351490303746
129 2.6996979914309005
130 2.700469596369172
131 2.70443778997027
132 2.7063029392203224
133 2.7070745441585937
134 2.7093893589734086
135 2.7136078513832262
136 2.7742014166711724
137 2.777642652990055
138 2.7788946254043436
139 2.77995746780487
140 2.7903638247932085
141 2.874724825976229
142 2.8754964309145
143 2.87688903912223
144 2.8776606440605024
145 2.8814165613033684
146 2.8835422461044207
147 2.8846050885049466
148 2.88610977003654
149 2.8887632579063616
150 2.892382051066773
151 2.8963952699520377
152 2.898710084766853
153 2.901370808899661
154 2.9021424138379333
155 2.9085529473633875
156 2.9181868742151935
157 2.918958479153465
158 2.9197300840917366
159 2.923130126141238
160 2.924192968541764
161 2.927634204860647
162 2.935451757240891
163 2.9445439947915806
164 2.9456068371921065
165 3.3981222032164893
166 3.4006261480450672
167 3.402499123728815
168 3.4040970054610975
169 3.406750493330919
170 3.4075220982691903
171 3.4082937032074625
172 3.409356545607988
173 3.410419388008514
174 3.4122923636922615
175 3.413355206092788
176 3.4144180484933138
177 3.4194120519181226
178 3.4204748943186485
179 3.4219795758502416
180 3.4238525515339897
181 3.4269590208745844
182 3.428210993288874
183 3.4508552746754226
184 3.451626879613695
185 3.452398484551966
186 3.454360740079428
187 3.456233715763175
188 3.4570053207014464
189 3.4580681631019723
190 3.4588397680402445
191 3.4596113729785163
192 3.462264860848338
193 3.4649255849811467
194 3.481784632405403
195 3.4830366048196915
196 3.4838082097579632
197 3.490503201180243
198 3.500068782784977
199 3.5043663893289594
200 3.505618361743249
201 3.5473605845687284
202 3.5492335602524756
203 3.552852353412886
204 3.5595630255511534
205 3.5603346304894252
206 3.5613974728899502
207 3.564503942230547
208 3.5660471521070893
209 3.5679629708584946
210 3.571820995549853
211 3.5725926004881243
212 3.57578836395269
213 3.582732808397135
214 3.615687193442254
215 3.61675003584278
216 3.6175216407810518
217 3.6187736131953407
218 3.6198364555958666
219 3.6219621403969198
220 3.6291694556390146
221 3.629941060577286
222 3.6315389423095685
223 3.632790914723857
224 3.6346638904076047
225 3.6357267328081306
226 3.6373246145404137
227 3.6383874569409396
228 3.639639429355228
229 3.641555248106633
230 3.643680932907685
231 3.7574523815438527
232 3.7582239864821245
233 3.7603496712831768
234 3.761121276221449
235 3.762625957753042
236 3.7636888001535675
237 3.765651055681029
238 3.7664226606193005
239 3.768753618944905
240 3.770351500677188
241 3.771603473091477
242 3.772375078029748
243 3.779576014169391
244 3.7808279865836805
245 3.7829775937305574
246 3.78510327853161
247 3.786166120932137
248 3.786937725870408
249 3.7911562182802254
250 3.793029193963972
251 3.7972476863737885
252 3.8017841158027306
253 3.80317672401046
254 3.8039483289487324
255 3.805491538825276
256 3.8093495635166343
257 3.8107421717243635
258 3.812134779932094
259 3.8140077556158416
260 3.815755180389368
261 3.8187645434525552
262 3.8250207356772163
263 3.8260835780777427
264 3.8282092628787945
265 3.8303349476798463
266 3.8640828869583848
267 3.865680768690668
268 3.8664523736289387
269 3.8683253493126863
270 3.871766585631569
271 3.872538190569841
272 3.8733097955081117
273 3.874081400446383
274 3.8748530053846553
275 3.875624610322927
276 3.876687452723453
277 3.878285334455735
278 3.879348176856261
279 3.8835666692660786
280 3.8843382742043504
281 3.8851098791426217
282 3.887424693957437
283 3.888196298895708
284 3.8897009804273015
285 3.8918266652283533
286 3.906487159055515
287 3.9107056514653316
288 3.9138941786669093
289 3.949513387028168
290 3.9502849919664396
291 3.951056596904711
292 3.9518282018429827
293 3.953220810050713
294 3.954283652451239
295 3.9550552573895104
296 3.9563072298037993
297 3.9573700722043257
298 3.9581416771425966
299 3.9596848870191397
300 3.960936859433428
301 3.9712611778756597
302 3.9725131502899482
303 3.9740563601664918
304 3.9751192025670177
305 3.9758908075052894
306 3.976662412443561
307 3.9783400804781275
308 3.9791116854163997
309 3.9801745278169256
310 4.019240425889561
311 4.384770231921068
312 4.38554183685934
313 4.3882025609921484
314 4.389595169199879
315 4.398951693428748
316 4.400344301636479
317 4.401407144037004
318 4.402469986437531
319 4.404586833775978
320 4.40671251857703
321 4.407484123515301
322 4.408546965915828
323 4.414650048683042
324 4.418237571948027
325 4.494569430041295
326 4.495341034979567
327 4.496403877380094
328 4.503363595085483
329 4.504135200023755
330 4.504906804962026
331 4.580461191422066
332 4.581232796360338
333 4.582484768774625
334 4.583547611175151
335 4.584940219382883
336 4.588026639135969
337 4.5890894815364955
338 4.590687363268778
339 4.592079971476507
340 4.592851576414779
341 4.594724552098526
342 4.5957873944990535
343 4.597913079300105
344 4.598975921700631
345 4.599747526638903
346 4.600810369039428
347 4.6015819739777
348 4.603125183854243
349 4.6038967887925155
350 4.604668393730787
351 4.606266275463069
352 4.607037880401341
353 4.6078094853396125
354 4.608581090277885
355 4.613047290633922
356 4.651555301648613
357 4.652807274062901
358 4.654680249746649
359 4.6557430921471745
360 4.656514697085446
361 4.666956565029639
362 4.675883715920067
363 4.683663668259546
364 4.686852195461124
365 4.688104167875412
366 4.689167010275938
367 4.68993861521421
368 4.69259933934702
369 4.6933709442852924
370 4.698449649308975
371 4.699701621723264
372 4.70076446412379
373 4.702016436538078
374 4.702788041476349
375 4.70418064968408
376 4.705243492084605
377 4.706748173616199
378 4.708291383492742
379 4.709354225893268
380 4.710125830831539
381 4.720067650874014
382 4.720839255812285
383 4.722091228226574
384 4.723483836434305
385 4.72454667883483
386 4.725798651249119
387 4.726570256187391
388 4.7276330985879165
389 4.72975878338897
390 4.730821625789495
391 4.731593230727767
392 4.743950467119763
393 4.7447220720580345
394 4.746226753589627
395 4.746998358527899
396 4.763059733326999
397 4.763831338265271
398 4.765429219997554
399 4.768082707867375
400 4.77182865923487
401 4.7801127851072485
402 4.783512827156749
403 4.785385802840497
404 4.787258778524245
405 4.788321620924771
406 4.7895735933390595
407 4.790636435739586
408 4.791888408153874
409 4.799556620725099
410 4.800328225663371
411 4.801832907194964
412 4.803376117071507
413 4.815415773727302
414 4.816187378665574
415 4.817439351079863
416 4.8182109560181345
417 4.818982560956405
418 4.820045403356932
419 4.838619818445683
420 4.839871790859972
421 4.84253251499278
422 4.843784487407069
423 4.8453276972836115
424 4.846870907160155
425 4.8481228795744435
426 4.84918572197497
427 4.851846446107778
428 4.852618051046051
429 4.853389655984322
430 4.855515340785374
431 4.860336357707209
432 4.86110796264548
433 4.862170805046007
434 4.863233647446533
435 4.864296489847059
436 4.865068094785331
437 4.87166343869554
438 4.881522360737414
439 4.882293965675684
440 4.883065570613955
441 4.888797699401828
442 4.889860541802355
443 4.891253150010085
444 4.892505122424373
445 4.894630807225425
446 4.895882779639715
447 4.924968976654565
448 4.9260318190550905
449 4.926803423993363
450 4.927575028931635
451 4.930763556133212
452 4.932268237664806
453 4.933039842603077
454 4.933811447541348
455 4.935063419955637
456 4.936315392369926
457 4.939401812123013
458 4.940464654523539
459 4.941527496924065
460 4.942299101862337
461 4.943070706800608
462 4.943842311738879
463 4.944613916677151
464 4.970970111080759
465 4.972567992813041
466 4.983281361265096
467 4.985197180016502
468 4.98707015570025
469 4.988817580473776
470 4.990360790350319
471 4.991904000226863
472 4.996898003651672
473 5.004880176050097
474 5.006132148464386
475 5.029809558791462
476 5.034439188421091
477 5.0355020308216165
478 5.036273635759889
479 5.038588450574703
480 5.040453599824757
481 5.05866480419897
482 5.060262685931253
483 5.061034290869525
484 5.062286263283813
485 5.063963931318379
486 5.064735536256651
487 5.076183123793864
488 5.076954728732136
489 5.078347336939865
490 5.085545205362094
491 5.0866080477626205
492 5.087379652700892
493 5.128800282062786
494 5.129571887001057
495 5.155895430241505
496 5.160146799843608
497 5.161209642244135
498 5.161981247182406
499 5.164641971315214
500 5.165893943729503
501 5.167703340309708
502 5.171144576628591
503 5.172207419029117
504 5.2088375970360135
505 5.209609201974286
506 5.241684515614832
507 5.389032609863297
508 5.389804214801569
509 5.390575819739841
510 5.391347424678111
511 5.392410267078637
512 5.393181872016909
513 5.406033605677101
514 5.407426213884832
515 5.425112316294706
516 5.426175158695233
517 5.426946763633504
518 5.42800960603403
519 5.432228098443848
520 5.432999703382119
521 5.434504384913712
522 5.43625180968724
523 5.438124785370986
524 5.439376757785276
525 5.440148362723547
526 5.441540970931277
527 5.442603813331804
528 5.448222740383046
529 5.449285582783572
530 5.45115855846732
531 5.452221400867845
532 5.5150396255014345
533 5.515811230439706
534 5.516582835377977
535 5.517645677778504
536 5.519960492593318
537 5.5207320975315906
538 5.521794939932116
539 5.522857782332642
540 5.52644530559763
541 5.527216910535901
542 5.527988515474172
543 5.529531725350716
544 5.534610430374398
545 5.536483406058146
546 5.540958794932071
547 5.541730399870342
548 5.542982372284632
549 5.54423434469892
550 5.545297187099447
551 5.5471701627831935
552 5.547941767721465
553 5.549446449253058
554 5.550218054191331
555 5.558373970107161
556 5.560688784921976
557 5.568972910794354
558 5.569744515732627
559 5.570807358133153
560 5.571578963071424
561 5.572350568009695
562 5.573122172947968
563 5.575247857749019
564 5.576019462687292
565 5.577884611937345
566 5.578656216875616
567 5.579719059276141
568 5.5807819016766675
569 5.581844744077193
570 5.596369756958117
571 5.5981791535383225
572 5.599722363414865
573 5.606264625485959
574 5.608137601169706
575 5.609642282701301
576 5.610413887639572
577 5.613359671599216
578 5.616305455558861
579 5.619208396450849
580 5.6215232112656635
581 5.622586053666189
582 5.6351745391555115
583 5.635946144093784
584 5.646270462536014
585 5.647042067474285
586 5.647813672412556
587 5.648585277350828
588 5.6493568822891005
589 5.650128487227372
590 5.653569723546254
591 5.655442699230002
592 5.6573078484800545
593 5.658079453418327
594 5.6918473891964325
595 5.695247431245933
596 5.697562246060749
597 5.6983338509990205
598 5.699726459206751
599 5.7007893016072755
600 5.701852144007801
601 5.702623748946072
602 5.703395353884345
603 5.704647326298635
604 5.70571016869916
605 5.706481773637432
606 5.708607458438484
607 5.720144398623456
608 5.723090182583101
609 5.724153024983626
610 5.738702680538658
611 5.739954652952948
612 5.746837125590713
613 5.748341807122306
614 5.752878236551247
615 5.754555904585814
616 5.7553275095240854
617 5.758768745842968
618 5.759540350781239
619 5.760311955719511
620 5.761374798120037
621 5.762767406327766
622 5.7635390112660385
623 5.764601853666565
624 5.765373458604836
625 5.7664363010053625
626 5.768767259330967
627 5.769538864269238
628 5.770601706669764
629 5.77166454907029
630 5.773995507395894
631 5.77505834979642
632 5.775829954734692
633 5.792412988285548
634 5.793184593223819
635 5.79395619816209
636 5.795821347412144
637 5.797073319826431
638 5.807835889621394
639 5.809961574422445
640 5.811024416822971
641 5.812087259223499
642 5.813479867431227
643 5.814872475638958
644 5.818061002840537
645 5.832137824204824
646 5.834798548337633
647 5.835570153275903
648 5.837443128959651
649 5.838214733897922
650 5.838986338836194
651 5.839757943774466
652 5.8410099161887565
653 5.841781521127027
654 5.894169026098317
655 5.896349571132834
656 5.897121176071105
657 5.897892781009377
658 5.898664385947649
659 5.902410337315144
660 5.910392509713569
661 5.931678302776039
662 5.9375977831833255
663 5.941039019502209
664 5.942290991916497
665 5.943542964330786
666 5.945086174207329
667 5.946149016607856
668 5.947400989022144
669 5.9484638314226705
670 5.95293003177871
671 5.955433976607287
672 5.957671671044249
673 5.974790532872698
674 5.976388414604981
675 5.978865233423655
676 5.979928075824181
677 5.980990918224707
678 5.984077337977795
679 5.986408296303397
680 5.987471138703923
681 5.993066586454082
682 5.994129428854609
683 5.996045247606014
684 5.997437855813745
685 5.9989810656902876
686 6.002169592891866
687 6.002941197830137
688 6.0043338060378675
689 6.009327809462676
690 6.011981297332498
691 6.015727248699992
692 6.018630189591981
693 6.053820920813953
694 6.055783176341414
695 6.0565547812796865
696 6.057806753693975
697 6.060995280895554
698 6.06205812329608
699 6.063120965696606
700 6.068549155437222
701 6.069320760375494
702 6.070383602776019
703 6.071446445176546
704 6.072989655053089
705 6.074052497453615
706 6.076057610328991
707 6.077120452729517
708 6.078993428413264
709 6.080056270813789
710 6.083002054773436
711 6.084545264649978
712 6.11039373922523
713 6.111898420756824
714 6.1129612631573504
715 6.114024105557875
716 6.115086947958401
717 6.118173367711488
718 6.120290215049935
719 6.121061819988206
720 6.122605029864749
721 6.123376634803021
722 6.132213986681957
723 6.133276829082482
724 6.134048434020754
725 6.13511127642128
726 6.136654486297823
727 6.137426091236095
728 6.145452529006625
729 6.14651537140715
730 6.15098157176319
731 6.152044414163715
732 6.156674043793345
733 6.158883896857512
734 6.160427106734055
735 6.161198711672327
736 6.1625913198800575
737 6.16336292481833
738 6.164425767218855
739 6.1651973721571265
740 6.167323056958178
741 6.168385899358705
742 6.169157504296975
743 6.169929109235247
744 6.171802084918995
745 6.172573689857267
746 6.173345294795538
747 6.174116899733811
748 6.174888504672081
749 6.177974924425168
750 6.178746529363439
751 6.180619505047187
752 6.181391109985459
753 6.192240700569859
754 6.193012305508129
755 6.19426427792242
756 6.1961372536061665
757 6.198010229289913
758 6.199402837497644
759 6.203148788865139
760 6.21091613050963
761 6.217220157349561
762 6.219534972164376
763 6.222723499365955
764 6.223975471780243
765 6.224747076718514
766 6.226620052402262
767 6.227391657340534
768 6.22845449974106
769 6.229226104679331
770 6.2401992324987035
771 6.242072208182452
772 6.2431350505829775
773 6.251602439936767
774 6.252374044875039
775 6.254247020558789
776 6.257688256877669
777 6.259192938409263
778 6.260697619940856
779 6.262090228148587
780 6.263963203832335
781 6.264734808770606
782 6.265506413708878
783 6.2900409991827315
784 6.290812604121004
785 6.293126329054643
786 6.297662758483584
787 6.309973627605736
788 6.310745232544006
789 6.311516837482277
790 6.314177561615087
791 6.320772905525298
792 6.3218357479258245
793 6.323433629658107
794 6.324496472058633
795 6.325268076996905
796 6.3260396819351765
797 6.327102524335701
798 6.329433482661306
799 6.33097669253785
800 6.331748297476122
801 6.332811139876648
802 6.333873982277173
803 6.335918885836324
804 6.33698172823685
805 6.337753333175122
806 6.33962630885887
807 6.341499284542617
808 6.343814099357432
809 6.34506607177172
810 6.3551729328321915
811 6.3601669362569995
812 6.362820424126821
813 6.363592029065093
814 6.364363634003365
815 6.367804870322247
816 6.368576475260519
817 6.376380493937871
818 6.380558318561062
819 6.381950926768794
820 6.383202899183081
821 6.384746109059624
822 6.386871793860676
823 6.390313030179559
824 6.391084635117831
825 6.391856240056103
826 6.394093934493065
827 6.399415382758683
828 6.400478225159209
829 6.40124983009748
830 6.402501802511769
831 6.4032734074500395
832 6.409368320016469
833 6.410873001548063
834 6.415880891205217
835 6.416652496143491
836 6.418614751670951
837 6.424717834438164
838 6.425489439376436
839 6.426261044314707
840 6.427323886715232
841 6.428575859129523
842 6.429638701530049
843 6.430410306468319
844 6.431181911406591
845 6.432244753807117
846 6.433307596207643
847 6.436748832526525
848 6.438874517327577
849 6.44730790489709
850 6.448370747297617
851 6.450685562112431
852 6.4514571670507035
853 6.454360107942689
854 6.455131712880961
855 6.457004688564708
856 6.45777629350298
857 6.458547898441252
858 6.459319503379522
859 6.460091108317794
860 6.4624220666433985
861 6.463674039057689
862 6.46444564399596
863 6.4652172489342306
864 6.465988853872503
865 6.467051696273029
866 6.4678233012113004
867 6.468886143611827
868 6.47293488342727
869 6.481205935146092
870 6.482268777546618
871 6.48304038248489
872 6.486228909686466
873 6.510423913436191
874 6.511195518374463
875 6.511967123312734
876 6.512738728251006
877 6.513510333189278
878 6.514762305603566
879 6.516014278017855
880 6.517077120418382
881 6.517848725356653
882 6.519721701040401
883 6.520784543440925
884 6.521556148379197
885 6.5260925778081385
886 6.526864182746411
887 6.529074035810577
888 6.531199720611629
889 6.5352504483509355
890 6.536022053289208
891 6.537565263165751
892 6.538336868104023
893 6.539399710504548
894 6.540651682918837
895 6.545645686343647
896 6.5467085287441735
897 6.549039487069777
898 6.550102329470303
899 6.552228014271354
900 6.552999619209627
901 6.554251591623915
902 6.555023196562187
903 6.558779113805053
904 6.559550718743323
905 6.561423694427072
906 6.562195299365343
907 6.564510114180158
908 6.56528171911843
909 6.567154694802177
910 6.567926299740449
911 6.568697904678721
912 6.569760747079247
913 6.570532352017517
914 6.5791008825219635
915 6.5807785505565315
916 6.582904235357583
917 6.583675840295854
918 6.587942776890856
919 6.589005619291382
920 6.5951005318578115
921 6.595872136796084
922 6.597415346672626
923 6.59895855654917
924 6.599730161487442
925 6.615541274301191
926 6.63319139600482
927 6.6342542384053464
928 6.635025843343619
929 6.636088685744144
930 6.637631895620688
931 6.638883868034977
932 6.6399467104355026
933 6.641009552836029
934 6.642072395236554
935 6.64438721005137
936 6.645930419927913
937 6.646993262328439
938 6.648245234742729
939 6.650118210426475
940 6.651661420303018
941 6.6532046301795615
942 6.654802511911845
943 6.656400393644126
944 6.657652366058416
945 6.658423970996687
946 6.659675943410975
947 6.660738785811502
948 6.66339950994431
949 6.664171114882581
950 6.665563723090312
951 6.666335328028585
952 6.667106932966857
953 6.668854357740381
954 6.669917200140908
955 6.6709800425414345
956 6.672232014955723
957 6.6730036198939935
958 6.674876595577741
959 6.675648200516013
960 6.676419805454286
961 6.67936558941393
962 6.680137194352202
963 6.6809087992904725
964 6.681971641690999
965 6.6838446173747466
966 6.684907459775271
967 6.686654884548799
968 6.687717726949325
969 6.688489331887597
970 6.700804427452893
971 6.702056399867182
972 6.702828004805454
973 6.704371214681998
974 6.705434057082522
975 6.706496899483049
976 6.70726850442132
977 6.708040109359591
978 6.715355702258347
979 6.716418544658874
980 6.717190149597146
981 6.719055298847198
982 6.719826903785469
983 6.720598508723741
984 6.721991116931471
985 6.722762721869743
986 6.724305931746285
987 6.725903813478568
988 6.728234771804172
989 6.729006376742444
990 6.730258349156733
991 6.7317630306883265
992 6.732825873088852
993 6.733597478027124
994 6.734369082965395
995 6.736234232215448
996 6.7370058371537205
997 6.737777442091992
998 6.738549047030263
999 6.739320651968535
