0 0 0 0 0 0 0 0 0 0 0 0 0 0 0 0 0 3207 0 0 0 0 0 0 0 0 0 0 0 0 0 0 3207 0 0 0 0 0 0 0 0 0 0 3207 0 0 0 0 0 0 0 0 0 0 0 0 0 0 0 0 0 0 0 0 0 0 0 0 0 0 0 3207 0 0 3207 0 0 3207 0 0 0 0 0 0 0 0 0 0 0 0 0 0 0 0 0 0
0 0 0 0 0 0 0 0 0 0 0 0 0 0 0 0 0 0 0 0 0 0 3207 0 0 0 3202 0 0 0 0 0 0 0 1600 0 0 0 0 0 0 0 0 0 0 0 0 0 0 0 0 0 0 0 0 0 0 0 0 0 0 0 0 0 0 0 0 0 0 0 0 0 0 0 0 0 0 0 3207 0 0 0 0 0 0 0 0 0 0 0 0 0 0 0 3207 0
3217 0 0 0 0 0 0 0 0 0 0 2605 0 0 0 0 0 0 0 0 2700 0 0 0 0 0 0 0 0 0 0 0 0 0 0 0 0 0 0 0 0 0 0 0 0 0 0 0 0 0 0 0 0 0 0 0 0 0 0 3207 0 0 0 0 0 0 0 0 0 0 0 0 0 3207 0 0 0 0 3207 0 0 0 0 0 0 0 0 0 3207 0 0 0 0 0 3209 0
3207 0 0 0 0 0 0 0 0 0 0 0 0 0 0 0 0 0 0 0 0 0 0 0 0 0 0 0 0 0 0 0 0 0 0 3207 0 0 0 0 0 0 0 0 0 0 0 0 0 0 0 0 0 0 0 0 0 0 0 0 0 0 0 0 0 0 0 0 0 2700 0 0 0 0 0 0 0 0 0 3207 0 0 0 0 0 0 0 0 0 0 0 0 0 0 0 0
0 0 0 0 0 0 0 0 0 0 0 0 0 0 0 0 0 0 0 0 0 0 0 0 0 0 0 0 0 0 0 0 0 0 0 0 0 0 0 0 0 0 0 0 3207 0 0 0 0 0 0 0 0 0 0 3207 0 3217 0 0 0 0 0 0 0 0 0 0 3207 0 0 0 0 0 0 3209 2605 0 3207 0 0 0 0 0 0 0 0 0 0 3207 0 0 0 0 0 3207
0 0 0 0 0 0 3215 0 0 0 0 0 0 0 3207 0 3202 0 0 0 0 0 0 0 0 0 0 0 0 0 0 0 0 0 0 0 0 0 0 0 0 0 0 0 0 0 0 0 3212 0 3202 3207 0 0 0 0 0 0 0 0 0 0 0 0 0 0 0 0 0 0 0 0 0 0 0 0 0 0 0 0 0 0 0 0 0 3207 0 0 0 0 0 0 0 0 0 0
0 0 0 0 0 0 0 0 0 0 0 3207 0 0 0 0 0 0 0 0 0 0 0 0 0 0 0 0 0 0 0 0 0 0 0 0 0 0 0 0 0 0 0 0 0 3207 0 0 0 0 0 0 0 0 0 0 0 0 0 0 0 0 0 0 0 0 0 0 0 0 0 0 0 0 1300 0 0 0 0 0 0 0 0 0 0 0 0 0 0 0 0 0 0 0 0 0
0 0 0 0 0 0 0 0 0 0 0 0 0 0 0 0 0 0 0 0 0 0 0 0 0 0 0 0 0 0 0 0 0 0 0 0 0 0 0 0 0 0 0 0 0 0 0 0 0 0 0 3202 0 0 0 0 0 0 0 0 0 0 3100 0 3207 0 0 0 0 0 0 0 0 0 3207 0 0 0 0 0 0 0 0 0 0 0 0 0 0 0 0 0 0 3207 0 0
0 0 0 0 0 0 0 0 3207 0 0 0 0 0 0 0 0 0 0 0 0 0 0 0 0 0 0 0 0 0 0 0 0 0 0 3217 0 0 0 0 0 0 0 3207 0 0 0 0 0 0 0 0 0 0 0 0 0 0 0 0 0 0 0 0 0 3230 0 0 0 0 0 0 0 0 0 0 0 0 0 0 0 0 0 0 0 3207 0 0 0 0 0 0 0 0 0 0
0 0 0 0 3207 0 0 0 0 0 0 0 3207 0 0 0 0 0 0 0 0 0 0 0 0 0 0 0 0 0 0 0 0 0 0 0 0 0 0 0 0 0 0 3207 0 0 0 0 0 0 0 0 0 0 3222 0 0 0 0 0 0 3207 0 0 0 0 0 0 0 0 0 0 0 0 3217 0 0 0 0 0 0 0 0 0 3207 0 0 0 0 0 3215 0 0 0 0 0
3215 0 0 0 0 3212 0 0 0 0 0 0 0 0 0 0 0 3207 0 0 0 0 3207 0 0 0 0 0 0 0 0 0 0 0 0 0 0 0 0 0 0 0 0 0 0 0 0 3215 0 3209 3207 0 0 0 0 0 0 0 0 0 0 0 0 0 0 0 0 0 0 0 3207 0 3207 0 0 0 0 0 0 0 0 0 0 0 0 0 0 41 0 0 3207 0 0 0 0 0
0 0 0 0 0 0 0 0 0 0 0 0 0 0 0 0 0 0 0 0 0 0 0 0 0 0 0 3207 0 0 0 0 0 0 0 0 0 0 0 0 0 0 0 0 0 0 0 0 0 0 0 0 0 0 0 3207 0 0 0 0 3217 0 0 0 0 0 0 0 0 0 0 0 0 0 0 0 0 0 0 0 0 0 0 0 0 0 0 3207 3207 0 0 0 0 0 0 0
0 0 3207 0 0 0 0 532 0 3207 3207 0 0 0 0 3207 0 0 0 0 3207 0 0 0 0 0 0 0 0 0 0 0 0 3230 0 0 0 0 0 0 0 3202 0 0 0 0 3222 0 0 0 0 0 0 0 0 0 0 0 0 0 0 0 0 0 0 0 0 0 0 0 0 0 0 0 0 0 0 0 0 0 0 0 0 0 0 0 0 0 0 0 0 0 0 0 0 0
0 0 0 0 0 0 0 0 0 0 0 0 3207 0 0 0 0 0 0 0 0 0 0 0 0 0 3202 0 0 0 0 0 0 0 0 0 0 0 0 0 3217 0 0 0 0 0 0 0 0 0 0 0 0 0 0 0 0 0 0 0 0 0 0 0 0 0 0 0 0 0 3225 0 0 0 0 0 0 0 0 0 0 0 0 0 0 0 0 0 0 0 0 0 0 0 0 0
0 0 0 0 0 0 0 0 0 0 0 0 0 0 0 0 0 0 3207 3215 0 0 0 0 0 0 0 0 0 0 0 0 0 0 0 0 0 0 0 0 0 0 0 0 0 3207 0 3207 0 0 0 0 0 0 0 0 0 0 0 0 0 0 0 0 0 0 0 0 0 0 0 0 0 0 0 3202 0 0 0 0 0 0 0 0 0 0 3207 0 0 0 3207 0 0 0 0 0
3207 0 0 0 0 0 0 0 0 0 0 0 0 0 0 0 0 0 0 0 0 0 0 0 0 0 0 0 3207 0 0 0 0 0 3207 0 0 0 3207 3207 0 0 0 0 0 0 0 0 0 0 0 0 0 0 0 0 0 0 0 0 0 0 0 0 0 0 0 0 0 0 0 0 0 0 0 3207 0 0 0 0 0 0 0 0 0 0 0 0 0 0 0 0 0 0 0 0
0 0 0 0 0 3222 0 0 3207 0 0 0 0 0 0 0 0 0 0 0 3207 0 0 0 0 0 0 0 0 0 0 0 0 0 0 0 3207 0 0 0 0 0 0 0 3207 0 0 0 0 0 0 0 0 0 0 0 0 0 0 0 0 0 0 0 0 0 0 0 0 0 0 0 0 0 0 0 0 0 0 0 3207 0 0 0 0 3209 0 0 0 0 0 0 3207 0 0 0
0 0 0 0 0 0 0 0 0 0 0 0 3207 0 0 0 0 0 0 0 0 0 0 0 0 0 0 0 0 0 0 0 0 0 0 0 0 0 0 0 0 3207 0 0 0 0 0 0 0 0 0 0 0 0 0 0 0 0 0 0 0 0 0 0 0 0 0 0 0 0 3207 0 0 0 0 3207 0 0 0 0 0 0 0 0 3207 0 0 0 0 0 0 0 0 0 0 0
0 3215 0 0 0 0 3207 0 0 0 0 0 0 0 0 0 0 3207 0 0 0 0 0 0 3207 0 0 0 0 3222 0 0 0 0 0 0 0 0 0 0 2700 3207 0 0 0 0 0 0 0 0 0 0 0 0 0 0 0 0 0 0 3207 0 0 0 0 0 0 0 0 0 0 0 0 0 0 0 0 0 0 0 0 0 0 0 0 0 0 0 3207 0 3216 0 0 0 0 0
0 0 0 0 0 0 0 0 0 0 0 0 0 0 408 0 0 0 0 0 0 3207 0 0 0 0 0 0 0 0 0 3202 0 0 0 0 0 0 0 0 0 0 0 0 0 0 0 0 0 0 0 0 0 0 0 0 0 0 0 0 0 0 0 0 0 0 0 0 0 0 0 0 0 0 0 0 0 0 0 2605 0 0 0 0 0 0 0 3100 0 0 0 0 0 0 0 0
0 0 0 0 0 0 0 0 0 0 0 3207 0 0 0 0 3217 0 0 0 0 0 0 0 0 0 0 0 3207 0 0 0 0 0 0 0 0 0 0 0 0 0 0 0 0 0 0 0 0 0 0 0 0 0 0 0 0 0 0 0 0 0 0 0 0 0 0 0 0 0 0 0 0 0 0 0 3216 0 0 0 0 0 0 0 0 0 0 0 0 3215 0 0 0 0 0 0
0 0 0 3207 0 0 0 0 0 3207 3207 0 0 0 0 0 0 3216 0 0 0 0 0 0 0 0 0 0 0 0 0 0 0 0 0 0 0 0 0 0 0 0 0 0 0 3207 0 0 0 0 3207 0 0 0 0 0 0 0 0 0 0 0 0 0 0 0 0 0 0 0 0 3225 0 0 0 0 0 0 0 0 0 0 0 0 0 0 0 0 0 0 0 0 0 0 0 0
0 0 0 0 0 0 0 0 0 0 0 0 0 0 0 0 0 3202 0 0 0 0 0 0 0 0 0 0 0 0 0 0 0 0 0 0 0 0 0 0 0 0 0 0 0 0 0 0 0 0 0 0 0 0 0 0 3217 0 0 0 0 0 0 0 0 0 0 0 0 0 0 0 0 0 0 0 0 0 0 0 0 0 3207 3207 0 0 0 0 0 0 0 0 0 0 0 0
0 0 0 0 0 0 0 0 0 0 0 0 0 0 0 0 0 0 0 0 0 0 0 0 0 0 0 0 0 0 0 0 0 0 0 0 0 0 0 0 0 0 0 0 0 0 0 0 3207 0 0 0 0 0 3205 0 0 0 0 0 0 0 0 0 0 0 0 0 0 0 0 0 0 0 0 0 0 0 0 0 0 0 0 0 0 0 0 0 3207 0 0 0 0 0 0 0
0 0 0 0 0 0 0 0 0 0 0 0 0 0 0 0 0 0 0 0 0 0 0 3209 0 0 0 0 0 0 0 3207 0 0 0 0 0 0 0 0 0 0 0 0 0 0 0 0 0 0 0 0 3207 0 0 0 0 0 0 0 0 0 0 0 0 0 0 0 0 0 0 0 0 0 0 0 0 0 0 0 0 0 0 0 0 0 0 0 0 0 0 0 0 0 0 0
0 0 0 0 0 0 0 0 0 0 0 0 0 0 0 0 0 2605 0 0 0 0 0 0 0 0 0 0 3207 0 0 0 0 0 0 0 0 0 0 0 0 0 0 0 0 0 0 0 0 0 0 0 0 0 0 0 0 0 0 0 0 0 0 0 0 0 0 0 0 0 0 3207 0 0 0 0 0 0 0 0 0 0 0 0 0 0 0 0 0 0 0 0 0 0 0 0
0 0 0 0 0 0 0 0 0 0 0 0 0 0 0 0 0 0 0 0 0 0 0 0 0 0 0 0 0 0 0 0 0 0 0 0 0 0 3207 0 0 0 0 0 0 0 0 0 0 0 0 0 0 0 0 0 0 0 0 0 0 0 0 0 0 0 0 0 3207 0 0 0 0 0 0 0 0 0 0 0 0 0 0 0 0 3207 0 0 0 0 0 0 0 0 0 0
0 0 0 0 0 0 0 0 0 0 0 0 0 0 0 0 0 0 0 0 0 0 0 0 0 0 0 0 0 0 0 0 0 0 0 0 0 0 0 0 0 0 0 0 0 0 0 0 0 0 0 0 0 0 0 0 0 0 0 3207 0 0 0 0 0 0 0 0 0 0 0 0 0 0 0 0 0 0 0 3207 0 0 3207 0 0 0 0 0 0 0 0 0 0 0 0 0
3207 0 0 0 0 0 0 0 0 0 0 0 0 0 0 0 0 0 0 0 0 0 0 0 0 0 0 0 0 0 0 0 0 3202 0 0 0 0 0 0 0 0 0 0 0 0 0 3209 0 0 0 0 0 0 0 0 0 0 0 0 0 0 0 0 0 0 0 0 0 0 0 0 0 0 0 0 0 0 0 0 0 0 0 3225 0 0 0 0 0 0 0 0 0 0 0 0
2400 0 0 0 0 0 0 0 0 0 0 0 0 0 0 0 0 0 0 0 0 0 0 0 0 0 0 0 3207 0 0 0 0 0 3207 0 0 0 0 0 0 0 0 0 0 0 0 0 0 0 0 0 0 0 0 0 0 0 0 0 0 0 0 0 0 0 3216 0 0 0 3217 0 0 0 0 0 0 0 0 3209 0 0 0 0 0 0 0 0 0 0 0 0 0 0 0 0
0 0 0 0 0 0 0 3207 0 0 0 0 0 0 0 0 0 0 0 3207 0 0 0 0 0 0 0 0 0 0 0 0 0 0 0 0 0 0 0 0 0 0 3202 0 0 0 0 0 0 3222 0 0 0 0 0 0 0 0 0 0 3207 0 0 0 0 0 0 0 0 0 0 0 0 0 0 0 0 0 3207 0 0 0 0 0 0 0 0 0 3209 0 0 0 0 0 0 0
0 0 0 0 0 0 0 0 3202 0 0 0 0 0 0 0 0 0 0 0 0 3215 0 0 0 0 0 0 0 0 0 0 0 0 0 0 0 0 3207 0 3234 0 0 0 0 0 0 0 0 0 0 0 0 0 0 0 0 0 0 0 0 0 0 0 0 0 3207 0 0 0 0 0 0 0 0 0 0 0 0 0 0 0 0 0 0 0 3225 0 0 0 0 0 3207 3202 0 0
0 0 0 0 0 0 0 0 0 0 0 0 0 0 0 0 0 0 0 0 0 0 0 0 0 0 3217 0 0 0 0 3207 3207 0 0 0 0 0 0 0 0 0 0 0 0 0 0 0 0 0 0 3207 0 0 3207 0 3207 0 0 0 0 0 0 0 0 0 0 0 0 0 0 0 0 0 0 0 0 0 0 0 0 0 0 0 0 0 0 0 0 0 0 0 0 0 0 0
0 0 0 0 0 0 0 0 0 3207 0 0 0 0 0 0 0 0 0 0 0 0 0 0 3207 0 0 0 0 0 0 0 0 3207 0 0 0 0 0 0 3209 0 0 0 3217 0 0 0 0 0 0 0 0 0 0 0 0 0 0 0 0 0 0 0 0 3207 0 0 0 0 0 0 0 0 0 0 0 0 0 0 0 0 0 0 0 0 0 0 0 0 0 0 0 3207 0 0
3202 0 0 0 0 0 0 0 3207 0 0 0 3207 0 0 0 0 0 0 0 0 0 0 0 0 0 0 0 0 0 0 0 0 0 3207 0 0 0 0 0 0 0 0 0 0 0 0 0 0 0 0 0 0 0 0 0 0 0 0 0 0 0 0 0 0 0 0 0 0 0 0 0 0 0 0 3207 0 0 0 0 0 0 0 0 0 0 0 0 0 0 0 0 0 0 0 0
0 0 0 0 3216 0 0 0 0 0 0 0 0 0 0 0 0 0 0 0 0 0 0 0 0 0 0 0 0 0 0 0 3207 0 0 0 0 0 0 0 3207 0 0 0 0 0 0 0 3207 0 0 0 0 0 0 0 3207 0 0 0 0 0 0 3207 0 0 0 0 0 0 0 0 0 0 0 0 0 0 0 0 0 0 3202 0 0 0 0 0 0 0 0 0 0 0 0 0
0 0 0 0 0 0 0 0 2400 0 0 0 0 0 0 0 0 0 0 0 0 0 0 0 0 0 0 0 0 0 3207 0 0 0 0 0 0 0 0 0 0 0 0 3207 0 3207 0 0 0 0 0 0 0 0 0 0 3207 0 0 0 0 0 0 0 0 0 0 0 0 0 0 0 0 0 0 0 0 0 0 0 0 0 0 0 0 0 0 0 0 0 0 0 0 0 0 0
0 0 0 0 0 0 0 0 0 0 0 0 0 0 0 0 3226 0 0 0 0 0 0 0 0 0 0 0 0 3207 0 0 0 0 0 0 0 3207 0 0 0 3207 0 0 0 0 0 0 0 0 0 0 0 0 0 0 0 0 0 0 0 0 0 0 0 0 0 0 0 0 0 0 0 0 3207 0 0 0 0 0 0 0 0 0 0 0 0 0 0 0 0 0 0 0 0 0
0 0 0 0 0 0 0 0 0 0 0 0 0 0 0 0 3226 0 0 0 0 0 0 0 0 0 0 3207 0 0 0 0 0 0 0 0 0 0 0 0 0 0 0 0 1600 0 0 0 0 0 0 0 0 0 0 3207 0 0 0 0 0 0 0 0 0 0 0 0 0 0 0 0 0 0 0 0 0 0 0 0 0 0 0 0 0 3207 0 0 0 0 0 0 0 0 0 0
0 0 0 0 0 3207 0 0 0 0 0 0 0 0 0 0 0 0 0 0 0 0 0 0 0 0 0 0 0 0 0 0 0 0 0 0 0 0 0 3207 0 0 0 3207 0 0 0 0 0 0 0 0 0 0 0 0 0 0 0 0 0 3215 0 0 0 0 0 0 0 0 0 0 0 0 0 0 3207 3207 0 0 0 0 0 0 0 0 3207 0 0 3215 0 0 0 0 0 0
0 0 0 0 0 0 0 0 3202 0 0 0 0 3217 0 3207 0 0 0 0 0 0 0 0 0 0 0 0 0 0 0 0 0 0 0 0 3207 0 0 0 0 0 0 0 0 0 0 0 0 3222 3207 0 0 0 3222 0 0 3207 0 0 0 0 0 0 0 0 3207 0 0 0 0 0 0 0 0 0 0 0 0 0 0 0 0 3212 0 0 0 0 0 0 0 0 0 0 0 0
3202 0 0 0 0 0 0 0 0 0 0 0 0 0 3207 0 0 0 0 0 0 0 0 0 0 0 0 0 0 0 0 0 0 0 0 0 0 0 0 0 0 0 0 0 3207 0 0 0 0 0 0 0 0 0 0 0 0 0 0 0 0 0 0 0 0 0 0 0 0 0 3220 0 0 0 0 0 0 0 0 0 0 3202 0 0 0 0 0 0 3207 0 0 0 0 0 0 0
0 0 0 0 0 0 0 0 0 0 0 0 0 0 0 0 0 0 0 3202 0 0 0 0 0 3207 0 0 3209 0 0 0 0 3215 0 0 0 0 0 0 0 0 0 0 0 0 0 0 0 3215 0 0 0 0 0 0 0 0 0 3207 0 0 0 3207 3202 0 0 0 0 0 0 0 0 0 0 0 0 0 0 0 0 0 0 0 3215 0 0 0 0 0 0 0 0 0 0 0
0 0 0 0 0 0 0 0 0 0 0 0 0 0 0 0 0 0 0 0 0 0 0 0 0 0 0 0 0 0 0 0 3207 0 0 0 0 0 0 0 0 0 0 0 0 3215 0 0 0 0 0 0 0 0 0 0 0 0 0 0 0 0 0 0 0 3207 0 0 0 0 0 0 0 0 0 0 0 0 0 0 0 0 0 0 0 0 0 0 0 0 0 0 0 0 0 0
0 0 0 0 0 0 0 0 0 0 0 0 0 0 0 0 0 0 0 0 0 0 3207 0 0 0 0 0 0 0 0 0 0 0 0 0 0 0 0 0 0 0 0 0 0 0 0 0 0 0 0 0 0 0 0 0 0 0 0 0 3207 0 0 0 0 0 0 3207 0 0 0 0 0 0 0 0 0 0 0 0 0 0 0 0 0 0 0 0 0 0 0 0 0 0 0 0
0 0 0 0 0 0 0 0 0 0 0 0 0 0 0 0 0 0 0 0 0 0 0 0 0 0 0 0 0 0 0 0 0 0 0 0 0 0 0 0 0 0 3207 0 0 0 0 0 0 3207 0 0 0 0 0 0 0 0 0 0 0 0 0 0 0 0 0 0 0 0 0 0 0 0 0 0 3207 0 0 0 0 0 0 0 0 0 0 0 0 0 0 3207 0 0 0 3207
0 0 0 0 0 0 0 0 0 0 0 0 0 0 0 3207 0 0 0 0 0 0 3207 0 0 0 0 0 3234 0 0 0 0 0 0 0 0 0 0 0 0 0 0 0 0 0 0 0 0 0 0 0 0 0 0 0 0 0 0 0 0 0 0 0 0 3207 0 0 3207 0 0 0 0 3210 3207 0 0 0 0 0 0 0 0 0 0 0 0 0 0 0 0 0 0 0 0 0
0 0 0 0 0 0 0 0 0 0 0 0 0 0 0 0 0 0 0 0 0 0 0 0 0 0 0 0 0 0 0 0 0 3202 0 3205 0 0 3207 0 0 0 0 0 0 0 0 0 0 0 0 0 3207 0 0 0 0 0 0 0 0 0 0 0 0 0 0 0 0 0 0 0 0 0 0 0 0 0 0 0 0 0 0 0 0 0 0 0 0 0 0 0 0 0 0 0
0 0 0 0 0 0 3207 0 0 0 0 0 0 0 0 0 0 0 0 0 0 0 0 0 0 0 0 0 0 0 0 0 0 0 0 0 0 0 0 0 0 0 0 0 0 0 0 0 0 0 0 0 0 0 0 0 0 3215 0 0 0 0 0 0 0 0 0 0 0 3207 0 0 3207 0 0 3216 0 0 0 0 0 0 0 0 0 0 0 0 0 0 0 0 0 0 0 0
3207 0 0 0 0 0 0 0 0 0 0 0 0 0 0 0 0 0 3207 0 0 0 0 0 3207 0 0 0 0 0 0 0 0 0 0 0 0 0 0 0 0 0 0 0 0 0 0 0 0 3217 0 0 0 0 0 0 0 0 0 3207 0 3220 3207 0 0 0 0 0 0 0 0 0 0 0 3207 0 0 0 0 0 3207 0 0 0 0 0 0 0 0 0 0 0 3207 0 0 0
1600 0 0 0 3217 0 0 0 0 0 3202 0 0 3207 0 0 0 3207 0 0 0 0 0 0 0 0 0 0 3207 0 0 0 0 0 0 0 0 0 0 0 0 0 0 0 0 0 0 0 0 0 0 0 0 0 0 0 0 0 0 0 0 0 3207 0 0 0 0 0 0 0 0 0 0 0 0 0 0 0 0 3207 0 0 0 0 0 0 0 0 0 3207 0 0 0 0 0 0
0 0 0 0 3202 0 0 0 0 0 0 0 0 0 0 0 0 0 0 0 0 0 0 0 0 0 0 0 0 0 0 0 0 0 0 0 0 0 0 0 0 0 0 0 0 0 0 0 0 0 0 0 0 0 0 0 0 0 0 3207 0 0 0 3207 0 0 0 0 3207 0 0 0 0 0 0 0 0 0 0 0 0 0 3207 0 0 3202 0 0 0 0 0 0 0 0 0 0
0 0 0 0 0 0 3202 0 0 3216 0 0 0 0 0 0 0 0 0 0 0 0 0 0 0 0 0 3207 0 0 0 3207 0 0 0 0 0 0 0 3207 0 0 0 0 0 0 0 0 0 0 0 0 0 0 0 0 0 3207 0 0 0 0 0 0 0 0 0 3215 0 0 0 0 0 0 3207 0 0 0 0 0 0 0 0 0 0 0 0 0 0 0 0 0 0 0 0 0
0 0 0 0 0 0 0 0 0 0 0 0 0 0 0 0 0 0 0 0 0 0 3215 0 0 0 0 0 0 0 0 0 0 0 0 0 0 0 0 0 0 0 0 0 0 0 0 0 2605 0 0 0 0 0 0 0 0 0 0 0 0 0 0 0 0 0 0 0 3205 0 0 0 0 0 0 0 0 0 0 0 0 0 0 0 0 0 0 0 0 0 0 0 0 0 0 0
3219 0 0 0 0 0 0 0 0 0 0 0 0 0 0 0 0 3225 0 3207 3207 0 0 0 0 0 0 0 0 0 0 0 0 0 0 0 0 0 0 0 0 0 0 0 0 0 0 0 0 0 0 0 0 0 3202 0 0 0 0 0 0 0 0 0 0 0 0 0 0 0 0 0 0 0 0 0 0 0 0 0 0 0 0 0 0 0 0 0 0 0 3207 0 0 0 0 0
0 0 0 0 0 0 0 0 0 0 0 0 0 3207 0 0 3207 3207 0 0 0 0 0 0 0 0 0 3207 0 0 0 0 0 0 0 0 0 0 0 0 0 0 0 0 0 0 0 0 0 0 0 0 0 0 0 0 0 0 0 0 0 0 0 0 0 0 0 0 0 0 0 0 0 3207 0 0 3222 0 0 0 0 0 0 0 0 0 0 0 0 0 3207 0 0 0 0 0
0 0 0 0 0 0 0 0 0 0 0 0 0 0 0 0 0 0 0 0 0 0 0 0 0 0 0 0 0 0 0 0 0 0 0 0 0 0 0 0 0 3202 0 0 0 0 0 0 0 0 0 0 0 0 0 3207 3207 0 0 0 0 0 3207 0 0 0 0 0 0 0 0 0 0 0 0 0 3202 0 0 0 0 0 0 0 0 0 0 0 0 0 0 0 0 0 0 0
0 0 0 0 0 0 0 0 0 0 0 0 0 0 0 0 0 0 0 0 0 0 0 0 0 3207 0 0 3207 0 0 0 0 0 0 0 0 0 0 0 0 2605 0 0 0 0 3207 0 0 0 3202 0 0 0 0 0 0 0 0 0 0 0 0 0 0 0 2605 0 0 0 0 0 0 0 0 0 0 0 0 0 0 0 0 0 0 0 0 0 0 0 0 0 0 0 0 0
0 0 2400 0 0 0 0 0 0 0 0 0 0 0 0 0 0 0 0 0 0 0 0 0 0 0 0 0 0 0 0 0 0 0 0 0 0 0 0 0 0 0 0 3100 0 0 0 0 3207 3207 0 0 0 0 0 0 3207 0 0 0 0 0 0 0 0 0 0 0 3207 0 0 0 0 0 0 0 0 0 0 0 0 0 0 0 0 0 0 0 0 0 0 0 0 0 0 0
3220 0 3207 0 0 0 0 0 0 0 0 0 0 0 0 0 3215 0 0 3100 0 0 0 0 0 3207 0 0 0 0 0 0 0 0 0 0 0 0 0 0 0 0 3207 0 0 0 0 0 0 0 0 0 0 0 0 0 0 0 0 0 0 0 0 0 0 0 0 0 0 0 0 0 0 0 0 0 3222 0 0 0 0 0 0 0 0 0 0 0 0 0 0 0 0 0 0 0
0 0 0 0 0 0 0 3217 0 0 0 0 0 0 0 0 0 0 0 0 0 0 0 0 3207 0 0 0 0 0 0 0 0 0 0 0 0 3207 0 0 0 0 0 0 0 3207 0 0 0 0 0 0 0 0 0 0 0 0 0 3202 0 0 0 0 0 0 0 0 0 0 0 0 3207 3202 0 0 0 0 0 0 0 0 0 0 0 0 0 0 0 0 0 0 0 0 0 0
0 0 0 0 0 3227 0 0 0 3217 0 0 0 0 0 0 0 0 0 0 0 3202 0 0 0 0 0 0 0 0 0 0 0 0 0 0 0 0 0 0 3209 0 0 0 0 0 0 0 0 0 0 0 0 0 0 0 0 0 0 0 0 0 0 0 0 0 0 0 0 0 0 0 0 0 0 3226 0 0 0 0 0 0 0 0 0 3209 0 0 0 0 0 0 0 0 0 0
0 0 0 0 0 0 0 0 0 0 0 0 3207 0 0 0 0 0 0 0 0 0 0 0 0 0 0 0 3207 0 0 0 0 0 0 0 0 0 0 0 0 0 0 0 0 0 0 0 0 0 0 0 0 0 0 3207 0 0 0 0 0 0 0 0 0 0 3207 0 0 0 0 0 0 0 0 0 0 0 0 0 0 0 0 0 0 0 3215 0 0 3215 0 0 0 0 0 0
0 0 0 0 0 0 0 0 0 0 0 0 0 0 3207 0 0 0 0 0 0 3207 0 0 0 0 3207 0 0 0 0 0 0 0 0 0 0 0 0 0 0 0 0 0 0 0 0 0 0 0 0 0 0 0 0 0 0 0 0 0 0 0 0 0 0 0 0 0 0 0 0 0 0 0 0 0 0 0 3207 0 0 0 0 0 0 0 0 0 0 0 0 0 0 0 0 0
3222 0 0 0 0 0 0 0 0 0 0 0 0 0 0 0 3207 0 0 0 0 0 0 0 0 0 0 0 0 0 3207 0 0 0 0 0 0 0 0 0 0 0 0 0 0 0 0 0 0 0 0 0 0 0 0 0 0 0 0 0 0 0 0 0 0 0 0 0 0 0 0 0 0 0 0 0 0 0 0 0 0 0 0 0 0 0 0 0 0 0 0 0 0 0 0 0
3207 0 0 0 0 0 0 0 0 0 0 0 0 0 0 0 0 0 0 0 0 0 0 0 0 0 0 0 0 0 0 0 0 0 0 0 0 0 0 0 0 0 0 0 0 0 0 0 0 0 3220 0 0 0 3207 0 0 0 0 0 0 0 0 0 0 0 0 0 0 0 0 0 0 0 0 0 3215 0 0 0 0 0 0 0 0 0 0 0 0 0 0 0 0 0 0 0
0 0 0 0 0 0 0 0 0 0 0 0 0 0 0 0 3207 0 0 0 0 0 0 0 0 3207 0 0 0 0 0 0 0 0 0 0 0 0 0 0 0 0 0 0 0 0 0 0 0 0 0 0 0 0 0 0 0 0 3212 0 0 0 0 0 0 0 0 0 0 0 0 0 0 0 0 0 3207 0 0 0 0 0 0 0 0 0 0 0 0 0 0 0 0 0 0 0
0 0 0 0 0 0 0 0 0 0 0 0 0 0 0 0 0 0 0 0 0 0 0 0 0 0 0 0 0 3220 0 0 0 0 0 0 0 0 0 0 0 0 0 0 0 1600 0 0 0 0 0 0 0 0 0 0 0 0 2700 0 0 0 3207 0 0 0 3210 0 0 0 0 0 0 0 0 0 0 0 0 0 0 0 0 0 0 0 0 0 0 0 0 0 0 0 0 0
0 0 0 0 3202 0 0 0 0 0 0 0 0 0 0 0 0 0 0 0 0 0 3207 0 0 0 0 0 0 3207 0 0 0 0 0 0 3207 0 0 0 0 0 0 0 0 0 0 0 0 0 0 3217 0 0 0 0 0 0 0 0 0 0 0 0 0 0 0 0 0 0 0 0 0 0 0 0 0 0 0 0 0 0 0 3207 0 0 0 0 0 0 0 0 0 0 0 0
0 0 0 0 0 0 0 0 0 0 0 0 0 0 0 0 0 0 0 0 0 0 3207 0 0 0 0 0 0 0 0 0 3207 0 0 0 0 0 0 0 0 0 0 0 0 0 0 0 0 3202 0 0 0 0 0 0 0 0 0 0 0 0 0 3207 0 0 0 0 0 0 0 0 0 0 0 0 0 0 0 0 0 0 0 0 0 0 0 0 3215 0 0 0 0 0 0 0
0 0 0 0 0 0 0 0 0 0 0 0 0 0 0 0 0 0 0 0 0 0 0 0 0 0 3234 0 0 0 0 0 0 0 0 0 0 3207 0 0 0 0 3207 0 0 0 0 0 0 0 0 0 0 0 0 0 0 0 0 0 0 0 0 0 0 0 0 3207 0 0 0 0 0 0 0 0 0 0 0 0 0 0 0 0 0 0 0 0 0 0 0 0 0 0 0 0
0 0 0 0 0 0 0 0 0 0 0 0 3207 0 0 0 0 0 0 0 0 0 0 0 0 0 0 0 0 0 0 3207 0 0 0 0 0 0 0 0 0 3207 0 0 0 0 0 0 0 0 0 0 0 0 0 0 0 0 0 0 0 0 0 0 0 0 0 0 0 0 0 0 0 0 0 0 0 0 0 3215 0 0 0 0 0 0 0 0 0 0 0 0 0 0 0 0
0 0 0 0 0 0 0 0 0 0 0 0 0 0 0 0 0 0 0 3209 0 0 0 0 0 0 0 0 0 0 0 0 0 0 0 0 0 0 0 0 0 0 0 0 0 408 0 0 3207 0 0 0 3222 0 0 0 0 0 0 0 0 0 0 0 0 0 0 0 0 0 0 0 0 3207 0 0 0 0 0 0 0 3207 0 0 0 0 0 0 0 0 0 0 0 0 0 0
0 0 0 0 0 3222 0 0 0 0 0 0 0 0 0 0 0 0 0 3202 0 0 0 0 0 0 0 0 3215 0 0 0 0 0 3222 0 0 0 0 0 3207 0 0 0 0 0 0 0 0 0 0 0 0 0 3202 3207 0 0 0 0 0 0 0 0 0 0 0 0 3207 0 0 0 0 0 0 0 0 0 0 0 0 0 0 0 0 0 0 0 0 0 0 0 0 0 0 0
0 0 0 0 0 0 0 0 0 0 0 0 0 0 0 0 0 0 0 0 0 0 3207 0 0 0 0 0 0 0 0 0 0 0 0 0 3207 0 0 0 0 0 0 0 0 3207 0 0 0 0 0 0 0 0 0 0 0 0 3207 0 0 0 0 0 0 0 0 0 3207 0 0 0 0 0 0 0 0 3207 0 0 0 0 0 0 0 0 0 0 0 0 0 0 0 0 0 0
700 0 0 0 0 0 0 0 1453 0 0 0 0 0 0 0 0 0 0 0 3215 3207 0 0 0 0 0 0 0 0 0 0 0 0 0 0 0 0 0 0 0 0 0 0 0 0 0 0 0 0 0 0 0 0 0 0 0 0 0 0 0 0 3207 0 0 0 0 0 0 0 0 0 0 0 0 0 0 0 0 0 0 0 0 0 0 0 0 0 0 0 0 0 0 0 0 3207
0 0 0 0 0 0 0 0 0 3227 0 0 0 0 0 0 0 0 3207 0 0 3207 0 0 0 0 3217 0 0 0 0 0 0 0 0 0 0 0 0 0 0 0 3207 0 0 0 0 0 0 0 0 0 0 0 0 0 0 0 0 0 0 0 0 0 0 3207 0 0 0 0 0 0 0 0 0 0 0 0 0 0 0 0 0 0 0 0 0 0 0 0 0 0 0 0 0 0
700 0 0 0 0 0 0 0 0 0 0 0 0 0 0 0 0 0 0 0 0 0 0 0 0 0 0 0 0 0 0 3207 0 0 0 0 0 3202 0 0 0 0 0 0 0 0 0 0 0 0 0 0 0 0 0 3207 0 0 0 0 0 0 0 0 0 0 0 0 0 0 0 0 0 0 3222 0 0 0 0 0 0 0 0 0 0 0 0 0 0 3207 0 0 0 0 0 0
0 0 0 0 0 0 0 0 0 0 0 0 3207 0 0 0 0 0 0 0 0 0 0 0 0 0 0 0 0 0 3207 0 0 0 0 0 0 0 0 0 0 0 0 0 0 0 3207 0 0 0 0 0 0 0 0 0 0 0 0 0 0 0 0 0 0 0 0 0 0 3215 0 0 0 0 3207 0 0 0 0 0 0 3215 0 0 0 0 0 0 0 0 0 0 0 0 0 0
0 0 0 0 0 0 0 0 0 0 0 0 0 0 0 0 0 0 0 0 0 0 0 0 0 0 0 0 0 0 3207 0 0 0 0 0 0 0 0 0 3207 0 0 0 0 0 0 3207 0 0 0 0 0 0 0 0 0 0 0 0 0 0 3217 0 0 0 0 0 0 3210 0 0 0 0 0 0 0 0 0 0 0 0 0 0 0 0 0 0 0 3207 0 0 0 0 0 0
2605 3207 0 0 0 0 0 0 0 0 0 0 0 3207 0 0 0 3225 0 0 3217 0 0 0 0 0 0 0 0 0 0 0 0 3207 0 0 0 0 0 0 3207 0 0 0 0 0 3202 0 0 0 0 0 0 0 0 0 0 3207 3222 0 3217 0 0 0 0 0 0 0 0 0 3207 0 0 0 0 0 0 0 0 0 0 0 0 0 0 3207 3207 0 0 0 0 0 0 0 0 0
0 0 0 0 0 0 0 0 0 0 0 0 0 0 0 0 0 0 0 0 0 0 0 0 0 0 0 0 0 0 3207 0 0 0 3207 0 0 0 0 0 0 0 3207 0 0 0 0 0 0 0 0 0 0 0 0 0 3215 0 0 0 0 0 0 0 0 0 0 0 0 0 0 0 0 0 0 0 0 0 0 3207 0 0 0 0 0 0 0 0 0 0 0 0 3217 0 0 0
0 0 0 0 0 0 0 0 0 0 0 3215 0 0 0 0 0 0 0 0 0 0 0 0 0 0 0 0 0 3202 0 0 0 0 0 0 0 0 0 0 0 0 0 0 0 0 0 0 0 0 0 0 0 0 0 0 0 0 0 0 0 0 0 0 0 0 0 3202 0 0 0 0 0 0 0 0 0 0 0 0 0 0 0 0 0 0 0 0 0 0 0 0 0 0 0 0
3207 0 0 3207 0 0 0 0 0 0 0 0 0 0 3215 0 0 0 0 0 0 0 0 0 0 0 0 3222 0 0 0 0 0 0 0 0 0 0 0 0 0 0 0 0 0 0 0 0 0 0 0 0 0 0 0 0 0 0 0 0 0 0 0 3207 0 0 0 0 0 0 0 0 0 0 0 0 0 0 0 0 0 0 0 3207 0 3207 0 0 0 0 0 0 0 0 0 0
0 0 0 0 0 0 0 0 0 0 0 0 0 0 0 0 0 0 0 0 0 1300 0 0 0 0 0 0 3207 0 0 0 0 0 0 0 0 0 0 0 0 0 0 0 0 0 0 0 0 0 0 0 3207 0 0 0 0 0 0 0 0 0 0 0 0 0 0 0 0 0 0 0 0 0 0 3207 3222 0 0 0 0 0 0 0 0 0 0 0 3207 0 0 0 0 0 0 0
0 0 0 0 0 0 0 3217 0 3216 0 0 0 0 0 0 3207 0 0 0 0 0 0 0 0 0 3207 0 0 0 0 0 0 0 0 0 0 0 0 0 0 0 0 0 0 0 0 0 0 0 0 0 0 0 0 0 0 0 0 0 0 0 0 0 0 3207 0 0 0 0 0 0 0 0 0 0 0 0 0 0 0 0 0 0 0 0 0 0 3207 0 0 0 0 0 0 0
0 0 0 0 0 0 0 3230 0 0 0 3215 3212 3207 0 0 0 0 0 0 0 0 0 0 0 0 0 0 0 0 0 0 0 0 0 0 0 0 0 0 0 0 0 0 0 0 0 3207 0 0 0 0 0 0 0 0 0 0 0 0 0 0 0 0 0 0 0 0 0 0 0 0 0 0 0 0 0 0 0 0 0 0 0 0 0 0 0 0 0 0 0 0 0 0 3207 0
0 0 0 0 0 0 0 0 0 3202 0 0 0 0 0 0 0 0 0 0 0 0 0 0 0 0 0 0 0 0 0 0 0 0 0 0 0 0 0 0 0 0 0 3207 0 0 0 0 0 0 0 0 0 0 0 3215 0 0 0 0 0 0 0 0 0 0 0 3207 0 0 0 0 0 0 0 0 0 0 0 0 3207 0 0 0 0 3215 0 3207 0 0 0 0 0 0 3207 0
0 0 0 3207 0 3215 0 0 0 0 0 0 0 0 0 0 0 0 0 0 0 0 3207 0 0 0 0 0 0 0 0 0 3202 0 0 0 0 0 0 0 0 0 0 0 0 0 0 3100 0 0 0 0 0 0 2400 0 0 0 0 0 0 0 0 0 0 0 0 0 0 0 3207 0 0 0 0 0 0 0 0 3207 0 0 0 0 0 0 0 0 0 0 0 0 0 0 0 0
0 0 0 0 0 0 0 0 0 0 0 0 0 0 0 0 0 0 0 0 0 0 3207 0 0 0 0 0 0 0 0 0 0 0 0 0 0 0 0 0 0 0 0 0 0 3216 0 0 0 0 0 0 0 0 0 0 0 0 0 0 0 3207 0 0 0 0 0 0 0 0 0 0 0 0 0 0 0 0 0 0 0 0 0 0 0 0 0 0 0 0 0 0 0 0 0 0
0 3215 0 0 0 0 0 0 0 0 0 0 0 0 0 0 0 0 0 0 0 0 0 0 3207 0 0 0 0 0 0 0 0 0 0 0 0 0 0 0 0 0 3207 0 0 0 0 0 0 0 0 0 0 0 0 0 0 0 0 0 0 0 0 0 0 0 0 0 0 0 0 0 0 0 0 0 0 0 0 0 0 0 0 3207 0 3207 0 0 0 3222 0 0 0 0 0 0
0 0 0 0 0 0 0 0 0 0 0 0 0 0 0 0 0 0 0 0 0 0 0 0 0 0 0 0 0 0 0 0 0 0 0 0 0 0 3207 0 0 0 0 0 0 0 0 0 0 0 0 0 0 0 0 0 3207 0 0 0 0 0 0 0 0 0 0 0 0 0 3207 0 3207 0 0 0 0 0 0 0 0 0 0 0 0 0 0 0 0 0 0 0 0 0 0 0
0 0 0 0 0 0 0 0 0 0 3207 0 0 0 0 0 0 0 0 3226 0 0 0 0 0 0 0 0 0 0 0 0 0 0 0 0 0 0 0 0 0 0 0 0 0 0 0 0 0 0 0 0 0 0 0 0 0 0 0 0 0 0 0 0 0 0 0 0 0 0 0 0 0 0 0 0 0 0 3207 0 0 0 0 0 0 0 0 0 0 0 0 0 0 0 0 0
0 0 0 0 0 0 0 0 0 0 0 0 0 0 0 0 0 0 0 0 0 0 0 0 0 0 0 0 0 3207 3217 3207 0 0 3202 3207 0 0 0 0 0 0 0 0 0 0 0 0 0 0 0 3207 0 0 0 0 0 3100 0 0 0 0 0 0 0 0 0 0 0 0 0 0 0 0 0 0 0 0 0 0 0 0 0 0 0 0 0 0 0 0 0 0 0 0 0 0
0 0 0 0 0 0 0 0 0 0 3207 0 0 2605 0 0 3217 0 0 0 0 0 0 0 0 0 0 0 0 0 0 0 0 3207 0 0 0 0 0 0 0 3207 0 0 0 0 0 0 0 0 0 0 3207 3207 0 3207 0 0 0 0 0 0 0 0 0 3207 0 0 0 0 0 0 0 0 0 0 0 0 0 0 0 0 0 0 0 0 0 0 0 3216 0 0 0 0 0 0
0 3202 0 0 0 0 0 3212 0 0 0 0 0 0 0 0 0 3207 0 0 0 0 0 0 0 0 0 0 0 0 0 0 0 0 0 0 0 3215 3226 0 3207 0 0 0 0 0 0 0 0 0 0 0 0 0 0 0 0 0 0 0 0 0 0 0 0 0 0 0 0 0 0 0 0 0 0 0 0 0 0 0 0 532 0 0 0 0 0 0 0 0 0 0 0 0 0 0
0 0 0 0 0 0 0 0 0 0 0 0 0 0 0 0 0 0 0 0 0 0 0 0 0 0 0 0 0 0 0 0 0 0 0 3207 0 0 0 0 0 0 0 0 0 0 3207 0 0 0 0 0 0 0 0 0 0 0 0 0 0 0 0 0 3207 0 0 0 0 0 0 0 0 0 0 0 0 0 0 0 0 3207 0 0 0 0 0 0 0 0 0 0 0 0 0 0
0 0 0 0 0 0 0 0 0 0 0 0 0 3207 0 0 0 0 0 0 0 0 0 3207 0 0 0 0 0 0 0 0 0 0 0 0 0 3207 0 0 0 0 3222 0 0 0 0 0 0 0 0 0 0 0 0 0 0 0 0 0 0 0 0 0 0 0 0 0 0 0 0 0 0 0 0 0 0 0 0 0 0 0 3207 0 0 0 0 0 0 0 0 0 0 0 0 0
0 0 0 0 0 0 0 0 0 0 3207 0 0 0 0 3207 0 0 0 0 0 0 0 0 0 0 0 0 0 0 0 0 0 3207 0 0 0 0 0 0 0 0 0 3216 0 0 0 0 0 0 0 0 0 0 0 0 0 0 0 0 0 0 0 0 0 0 0 0 0 0 0 0 0 0 0 0 0 0 0 0 0 3207 0 0 0 0 3207 0 0 0 0 3215 0 0 0 0
0 0 0 0 0 0 0 0 0 0 3207 0 3207 0 3207 0 0 0 0 0 0 0 0 0 0 0 0 0 0 0 0 0 0 3207 0 0 0 0 0 0 0 0 0 0 3202 0 0 0 0 0 0 0 0 3202 0 0 0 0 0 0 0 0 0 0 3207 0 0 0 0 0 0 0 0 3207 0 0 0 3207 0 0 0 0 0 0 0 0 0 0 0 0 3207 0 0 0 0 0
