6461 6461 6463 6463 6461 6461 6461 6461 6461 6461 6430 6461 6461 6461 6461 6461 6461 6461
6461 2300 6464 6600 3100 6464 6461 6461 6440 6461 6461 6461 3500 6461 6463 6461 6461 6461
6461 6420 6461 6464 6464 6463 6450 6461 6461 6461 6461 6461 4400 6465 6461 6464 6464 6464
6461 6461 6420 6509 6461 6430 5600 6463 6461 6461 6461 6461 6461 6461 6461 6461 6464 6463
6461 6461 6461 6310 4500 6463 6420 6463 6465 6461 6450 6463 6461 6461 6461 6310 4500 6463
6461 6461 6465 6463 6461 6450 6461 6464 6463 6461 6461 6100 6461 6463 6461 6463 6461 6461
6461 6461 6450 6440 6461 6463 6463 6461 6461 6461 6461 6461 6461 6462 6220 6461 6220 6461
6461 6461 6463 3630 6463 6450 6465 6450 6420 6210 6461 6461 6450 6461 6465 6461 6220 6450
6461 6461 6463 6461 6462 6461 6530 6461 6100 6461 6465 6463 6461 6461 6461 6420 6461 6461
6461 6461 6464 6420 6461 6465 6461 4500 3300 6461 6461 6430 6461 6463 6461 6463 5200 6464
6461 6350 6461 6461 6463 6463 6461 6461 6461 6461 6461 6461 6461 6462 6461 6461 6100 6463
6461 6461 6461 6465 6461 6461 6461 6461 6461 6461 1400 6100 6461 6464 6464 6464 6461 6463
6461 6461 6450 6462 6461 6464 6461 6461 6463 6220 6461 6465 6461 6463 6409 6463 6461 6463
6461 6100 6465 6310 6461 6465 6461 6461 3300 6461 6461 6463 6461 6464 6320 6409 6450 6450
6461 6461 6420 6461 6461 6461 6463 6461 4500 6461 6461 6461 6461 6461 6461 6461 6461 6463
6461 6240 6461 6420 6461 6461 6461 6461 6461 6461 6461 6461 6462 6430 6461 6461 6461 6461
6461 6461 6465 5300 6461 6461 6461 6461 6463 6461 6461 6461 6461 6461 6462 6464 6461 6461
6461 6461 6461 6461 6461 6461 6461 6440 6461 6461 6461 6461 6461 6461 6461 6461 5400 6463
6461 6461 6463 3630 6463 6465 6461 6440 6310 4500 6463 6509 4200 6461 6465 6465 6464 6461
6461 6450 6463 6420 6461 6461 6100 6409 6461 3620 6463 6461 6461 6420 6464 6464 6461 6464
6461 6420 6210 6461 6420 6310 6461 6461 6463 6461 6461 6450 6463 6464 6461 6461 6450 6461
6461 6409 6409 1200 6461 6100 6465 6465 6420 6461 6461 6240 6463 6461 6461 6420 3100 6461
6461 6461 6461 5200 6461 6461 6461 6461 6461 6461 6464 6464 6461 6461 6461 6461 6465 6463
6461 6461 6440 6559 6463 6461 6461 6461 6461 6461 6461 6465 6210 6450 6440 6461 6461 6461
6461 6461 4200 6461 6530 6461 6100 6461 6463 6465 6461 6461 1400 6461 6465 6210 6409 6461
6461 6450 6461 6461 6559 6450 6463 6461 6461 6461 3100 6100 6461 4500 6220 6450 6450 6310
6461 6463 6463 6464 6461 6463 6461 6461 6461 6463 6461 6461 6465 4500 6450 3620 6461 3500
6461 6461 6461 5100 6461 6461 6559 6461 6461 6461 6461 6461 6461 6461 6465 6463 6461 6440
6461 6409 6409 6463 6450 6100 6461 4200 6461 2400 4400 6461 6461 6461 3640 6461 6220 3640
6461 6461 6409 6420 6420 3300 6450 6450 6463 6461 6463 6461 6463 6540 6463 6461 6465 6409
6461 6461 6463 6461 6461 6461 6463 6461 6461 6461 6461 6461 6461 6462 6461 6461 6461 6461
6461 6461 6464 6550 6465 6450 6409 6409 6461 6463 6461 6461 6420 6461 6450 6463 6220 6461
6461 6461 6461 6310 6461 6461 6461 6450 6461 6464 6464 6464 6463 6461 6463 6420 6463 6461
6461 6461 6465 6559 6463 6420 6463 3620 6461 6465 6409 3620 6350 3500 6461 6463 6461 6461
6461 6464 6464 6550 6465 6461 6461 6461 6450 6420 3300 6463 6461 6463 6461 6463 6461 6463
6461 6464 6463 6461 6420 6461 6461 6465 6463 6464 6461 6461 6463 6420 6463 6461 6463 6420
6461 6461 5400 6220 6461 6463 6465 6461 6464 6464 6463 6461 6461 6100 6100 6461 6210 6450
6461 6461 6463 3100 6464 6461 6465 6210 6461 6461 6559 6461 6461 6463 6463 6465 6461 6461
6461 6464 6463 6461 6463 6461 6463 6461 6461 6465 6463 4500 6450 6461 6210 6463 6461 6461
6461 6420 6420 6420 6465 6461 6461 6210 6450 6461 6461 6430 6350 6461 6461 6461 6461 6464
6461 6450 6463 6600 6450 6463 1300 6461 6463 6461 6100 6100 6260 4600 1100 6464 6463 6461
6461 6461 6260 4600 6450 6220 6461 6463 5200 6464 6464 3610 4400 6450 6461 6465 6450 3620
6461 6461 6440 6440 6461 6461 6461 6465 6461 6461 6100 6464 6463 4500 6464 6463 6461 6461
6461 6450 6461 6463 6461 6461 6461 6461 6461 6440 6310 6462 6461 6461 6461 6461 6461 6463
6461 6461 6420 6461 6461 6461 6450 6461 6461 6461 6461 6461 6461 6461 6450 3500 6461 4200
6461 6461 6461 6600 6463 6463 6461 6463 6509 6450 6450 6440 6461 6450 6463 6320 3200 3400
6461 6464 6320 2100 6220 6465 6430 6461 6461 4200 6464 6463 6240 6461 6465 6450 6440 6461
6461 6461 4200 6600 6462 6461 6461 6461 6440 6461 6461 6461 6461 6461 6465 6463 6461 6464
6461 6461 6463 6420 6461 6461 6540 6409 6461 6464 6464 6464 6461 3620 6465 6463 6465 6461
6461 6461 6461 6220 6420 6450 6464 6461 6463 6464 6463 3620 6465 6461 6463 6463 6420 6463
6461 6461 6465 5400 6461 6461 6450 6450 6463 6220 6461 6409 6461 6463 3640 6240 3620 6464
6461 5100 6461 6463 6464 6464 6461 6464 6465 6463 6220 6461 6461 6461 6461 6464 6509 4200
6461 6461 6461 5100 6461 6461 6461 6220 6461 6461 6420 6464 6463 6461 6463 6465 6461 6464
6461 6420 6420 6461 6461 6461 6463 6461 6461 6559 6409 6450 6440 6461 6464 6464 6540 6461
6461 6461 6463 3630 6463 6320 6461 6461 6420 6464 6409 6461 6461 6310 5100 6420 6461 6461
6461 6463 6464 6600 6461 6464 6600 6464 6540 6409 6461 6461 6463 6461 6463 3100 6461 6350
6461 6450 6463 6420 6461 6465 3500 6463 6461 6464 6430 6461 6461 6461 6461 6461 6461 6461
6461 6461 6461 5100 6461 6463 6461 6461 6461 6461 2400 6463 6220 6430 6430 6461 6464 6420
6461 6461 6461 6540 6461 6461 6461 6461 6461 6220 3620 6463 6465 6461 6465 6463 6450 6461
6461 6450 6463 6420 6461 6461 6461 6461 6461 6461 6461 6464 6461 6461 6461 6461 6463 6463
6461 6461 6461 6509 6461 6461 6461 6465 6310 6100 6450 6461 6210 6461 6461 6461 6461 6465
6461 6461 6461 6540 6464 6465 6461 6461 6461 6461 6461 6540 6220 6461 6463 6461 6463 5200
6461 6450 6409 1200 6461 6461 6461 5100 6461 6461 6461 3640 6461 6464 6461 6461 6463 6420
6461 6461 6463 3630 6463 6465 6461 6464 6420 6461 6465 6463 6461 6450 6450 3300 6461 6463
6461 6461 6464 3650 3610 6420 6420 3640 3610 3640 6461 6464 6320 6464 6461 3650 6450 6440
6461 6461 6220 6440 6461 6461 6220 6420 6461 6100 6461 4400 6465 6450 6463 6420 6461 3620
6461 6461 6420 6461 6461 6461 6463 6461 6461 6461 6461 6461 6461 6461 6440 6461 6461 6461
6461 6461 6220 6440 6461 6450 6440 6461 6463 6461 6463 6461 6464 6461 6310 6461 6461 6461
6461 2300 6409 6600 3660 6461 6464 6600 6464 6463 6463 6461 6100 6464 6463 6465 6463 6220
6461 6461 6461 6600 6420 6420 6420 6461 6465 6461 6461 6465 6463 6463 6463 6461 6463 6463
6461 6461 6464 6550 6461 6461 6461 6461 6430 6461 6461 6450 6461 6463 6420 6463 6461 6461
6461 6450 6100 6463 3620 6461 6463 6461 6461 6461 6461 6461 6461 6461 6461 6420 6461 6461
6461 6461 6461 6260 6461 6461 6461 6461 6461 6465 6461 6461 6461 6461 6461 6461 4500 6464
6461 6420 6440 5200 6463 6420 6464 6540 6310 6100 6461 6450 3300 6409 6463 6463 6461 6461
6461 6465 6464 3640 6461 6464 6464 6464 6461 6465 6465 6463 6464 6464 6463 6461 6461 6461
6461 6461 6220 6430 6461 6461 6461 6320 6310 6461 6461 6540 6461 6464 6461 6420 6420 3650
6461 6461 6461 6420 6461 6461 6461 6461 6461 6461 6461 6461 6461 6463 6461 6461 6600 6461
6461 6461 6461 6461 6461 6465 6461 6461 6463 6461 6461 6461 6463 6461 6461 6461 6461 6461
6461 6461 6461 5100 6220 6420 3620 6465 3640 6461 6220 6420 3620 6465 6409 6461 6420 6520
6461 6461 6461 5200 6461 6461 6210 6461 6461 6430 6240 6461 6461 6461 6461 6210 6461 6461
6461 6461 6520 6461 6461 6461 6461 6461 6461 6464 6464 6600 6461 6464 6464 6464 6461 6461
6461 6461 3300 6440 6461 6461 6461 6461 6461 6461 6461 6461 6461 6465 3650 6463 6430 6240
6461 6450 6463 5600 6463 6461 6461 6461 6461 6461 6461 6350 6461 6461 6461 6461 6461 6450
6461 6461 6461 6465 6463 6430 1300 6440 6461 6465 6463 6464 6464 6461 6440 6461 6461 6420
6461 6461 6461 6509 6461 6461 6461 6450 6461 6461 6461 6461 6461 6461 6465 6450 6465 6430
6461 6461 6350 6440 6461 6461 6461 6463 6461 6461 6464 6461 6463 6461 6461 6461 6461 6461
6461 6240 6461 6420 6461 6461 6461 6464 5400 6450 6461 6463 6461 6461 6430 6240 6461 6461
6461 6450 6463 1100 6461 6465 6461 6461 6461 6461 6461 6461 5400 6461 6461 6461 6463 6463
6461 6461 6450 4200 6461 6462 6461 6463 6461 6461 6463 6420 6600 6464 6463 6240 6420 6461
6461 6461 6461 6600 6463 6420 6210 6461 6461 6463 6461 6463 6320 3300 6461 6461 6600 6420
6461 6461 2400 3610 6461 6420 6420 6461 6465 3500 6461 6461 6463 6450 6463 1100 6465 6461
6461 6409 6464 6461 6463 6461 6509 6310 4500 3300 6450 6440 6461 6450 6463 6420 6463 6230
6461 6461 6350 4500 6463 6461 6461 6461 6461 6461 6463 6461 6461 6462 6461 6461 6461 6461
6461 6461 6461 6465 6463 6465 6461 6461 6463 6461 6463 6461 6461 6461 6461 6461 6461 6461
6461 6461 6420 6461 6461 6461 6420 6540 6220 6461 6100 6463 6461 6464 3500 6461 6463 6220
6461 6461 4200 6600 6464 6463 6463 6464 6600 6464 6464 6465 6463 6461 6461 6461 6463 6461
6461 6450 6463 5600 6463 6461 6461 6463 6461 6461 6461 6461 6461 6461 6461 6461 6461 6461
6461 6461 6100 6600 6461 6463 6559 6210 3300 6461 6463 6420 6210 6461 6461 6465 6461 6440
6461 6461 6461 6310 6463 6461 6461 6463 6461 6461 6430 6464 6463 6461 6461 6430 6461 6463
6461 6461 6461 5200 6461 6461 6461 6461 6600 6461 3100 6464 6461 4200 6310 6465 6461 6461
6461 6461 6461 3200 6461 6461 6450 6450 6461 6461 6461 6463 6463 6461 6461 6463 6450 6461
6461 6461 6463 3640 6461 6461 3620 6461 6463 6420 6465 6450 6461 6461 6210 6461 6461 6461
6461 6461 6440 6559 6461 6461 6461 6461 6600 6461 6220 6461 6420 6210 6461 6461 6461 6461
6461 6461 6461 6540 6461 6461 6463 6461 6461 6461 6461 6461 6559 6461 6461 6461 4400 6461
6461 6464 6463 6461 6420 6461 6461 6100 3100 3620 3400 6461 6463 6240 6463 6450 6463 6461
6461 6450 6461 5100 6461 6461 6461 6461 6461 6461 6463 6461 6461 6462 6430 6461 6220 6461
6461 6461 6463 6540 6463 6461 6464 6461 6461 6461 6461 6461 6463 6461 6461 6461 6600 6509
6461 6461 6350 6465 6461 6461 6100 6461 6463 6461 6461 6461 6464 6461 6420 6461 1300 6450
6461 6461 5400 6450 6463 6220 6420 6420 6464 6465 6463 6461 6450 6461 6463 6463 6240 6463
6461 6461 6461 6330 6461 6461 6461 6440 6440 6420 6463 6465 6461 6464 6461 6463 6220 3620
6461 6461 6461 6461 6461 6461 4400 6465 6465 6461 6461 6461 6461 6461 6461 6463 6461 6461
6461 6461 6461 3200 6461 6461 6461 6461 6461 6461 6461 6461 6461 6461 6461 6464 6320 6360
6461 6461 6461 4200 6461 6461 6463 6461 6461 6450 6465 6461 6465 3500 6461 6463 6461 6461
6461 6461 6463 6600 6464 6461 6463 6420 6461 3620 6461 6464 6461 6463 6461 6465 3620 6461
6461 6450 6461 6463 6464 6461 6465 6461 6463 6463 6461 6440 6461 6465 6450 6461 6461 6450
6461 2300 6464 6600 6464 6540 6464 6464 6461 6461 6461 6240 6461 6461 6420 6461 6461 6461
6461 6450 6100 1400 6461 6463 6430 6465 3500 6461 6450 6463 6461 6461 6461 6463 6420 6464
6461 6461 6461 6540 6461 6461 6461 6461 3100 6465 6360 6440 6461 6461 6461 6463 6463 6461
6461 6461 6464 6600 6240 6420 6461 4500 6463 6450 6461 6461 6440 6461 6463 6420 6463 6461
6461 6461 6461 5400 6461 6461 6461 6461 6461 6430 6420 6461 6461 6100 6463 3620 6461 6430
6461 6461 6440 6540 6461 6450 6461 6463 6463 6463 6461 6461 6463 6461 6461 6463 6461 6461
6461 6461 4200 6430 6450 6461 6461 6461 6461 6461 6463 6600 6461 6465 6461 6461 6461 6463
6461 6461 6461 6550 6461 6461 6461 6461 6461 6465 6450 6461 6461 6461 6461 6461 6461 6463
6461 6461 6463 3100 6461 6420 6461 4500 6450 6210 3620 3300 2100 6310 6100 3400 6461 6540
6461 6463 6461 6100 6461 6461 6100 6461 6465 6463 6461 6461 6461 6420 6464 6464 6461 6461
6461 6463 6409 6409 6210 6600 6409 6461 6463 6409 6461 6464 6461 6461 6461 6463 6530 6464
6461 6463 6461 6450 3620 6350 6464 6464 6463 6461 6461 6461 6461 6463 6463 6461 6600 6240
6461 6464 5400 6420 6461 6100 6461 6465 6559 6450 6450 6461 6461 6463 6463 6461 6210 6461
6461 6464 6220 3620 6463 6509 3300 3300 6461 6461 6461 6420 6461 6420 6520 6461 6450 3300
6461 6461 6461 6559 6461 6461 6464 6464 6463 6465 6461 6461 6461 6461 6461 6461 6461 6465
6461 6461 6465 6463 6461 6461 6461 6461 6461 6461 6461 6461 6461 6461 6461 6461 6440 6463
6461 6461 6463 6420 6461 2400 6461 6461 6430 6465 6461 6465 6463 6420 6463 6461 6210 6461
6461 6461 6463 6461 6461 6461 3100 6220 3620 3300 6100 6461 6464 6464 6464 6464 6461 6464
6461 6450 6350 6550 6465 6461 6464 3100 6461 1300 6461 6430 6461 6210 6461 6461 6461 6461
6461 6464 6220 6450 6461 6461 6461 6463 6420 6463 3640 6461 3300 4400 6465 6463 6461 6450
6461 6461 6465 6600 3660 6461 6420 6461 6461 6461 6461 6463 6463 6420 6464 6461 6465 6461
6461 6450 6463 5600 6463 6220 6461 6461 6100 3400 6461 3300 6409 6463 6463 6461 6461 6463
6461 6465 6461 5100 6464 6464 6461 6461 6463 6420 6463 6430 6465 6461 6340 6463 6461 6465
6461 6461 6461 6310 6465 3640 6409 6450 3300 6461 6461 6509 6461 6100 6461 6461 6461 3640
6461 6461 6461 6600 6461 6100 6100 6461 6463 6430 6530 6461 6100 6450 3620 6463 6461 6461
6461 6461 6461 3620 6461 6463 6461 6463 6463 6461 6461 4300 6463 6461 6463 6461 6450 3640
6461 6464 6463 6461 6461 6461 6420 6465 3610 4500 6461 6220 6461 6409 6420 6463 6220 6450
6461 6463 6461 6461 6461 6461 6461 6100 6430 6461 6463 6461 6210 3300 6461 6461 6461 6461
6461 6409 6409 6100 3400 2100 4100 6520 6461 6463 1100 6461 1300 6463 6464 6461 6465 6463
6461 6461 6463 6320 6360 6461 6430 6464 6420 6465 6440 6461 6450 3620 6461 3620 6461 6100
6461 6461 6463 6463 6461 6461 6461 6461 3100 6461 6461 6461 5500 6461 6461 6461 6461 6461
6461 6465 6420 6461 6461 6464 6461 6463 6420 6463 6465 6461 6465 5400 6461 3300 6465 6461
6461 6461 6461 6559 6463 6420 6463 6461 6461 6461 6463 6350 6461 6461 6461 6461 6463 6463
6461 6461 4200 6465 6461 6240 6461 6461 6465 3650 6461 6464 6464 3650 6310 6461 6100 6260
6461 6461 6461 6461 6464 6461 6461 6461 6530 6461 6100 6461 6461 6461 6461 6420 6461 6461
6461 6463 6463 6464 6461 6463 6461 6463 6461 6461 6463 6461 6461 6210 6461 6461 6463 6461
6461 6600 6463 1100 6464 6461 6463 6465 6461 6340 6420 6461 6464 6461 6463 6465 6461 6461
6461 6461 6463 6465 6461 6461 6440 6461 6461 6461 6420 6461 6461 6463 6463 6420 6461 4400
6461 6461 3300 3200 6461 6461 6461 6461 6461 6461 6461 6461 6461 5400 6464 6461 4500 6461
6461 6420 6465 6600 6461 6463 6409 6461 6463 6430 6420 6420 6465 4400 6464 6464 6463 6461
6461 6461 6461 6509 6461 6461 6461 6461 6461 6463 6461 6461 6465 3640 6461 6461 6461 6461
6461 6461 6440 6210 6409 6450 6440 6461 6461 6463 6463 6464 6461 6463 6464 6461 6465 6463
6461 6461 6450 6600 6461 6463 6420 6463 6461 6210 6450 6440 6461 6461 6463 6463 6461 6465
6461 6461 6461 6461 6461 6461 6440 6461 6461 6461 6461 6461 6461 6465 6465 6440 6461 6450
6461 6420 5100 6461 6450 6461 6465 6463 6420 6463 6461 6461 6461 6463 6461 1400 6100 6461
6461 6461 6461 6320 6461 6461 6461 6461 6461 6462 6464 6461 6461 6465 6465 6461 6461 6461
6461 6461 6461 6540 6461 6461 6461 6461 6463 6420 6461 6461 6461 6440 6461 6461 6461 6461
6461 6461 6461 3500 6461 6461 6461 6461 6461 6461 6461 6461 6461 6461 6461 6463 6461 6461
6461 6461 6461 3650 6461 6450 3650 6461 6450 6450 6440 6461 6420 6210 6450 6450 6461 6420
6461 6461 6100 6509 6461 6100 6461 6465 3500 6461 6463 6461 6463 6463 6461 6463 6461 6464
6461 6461 6463 3630 6463 6463 6461 6463 6465 6461 6463 3500 6463 6465 6461 6461 6461 6463
6461 6430 6430 6240 6420 6461 6465 6461 6463 6520 6461 6461 6600 6420 6220 6461 6465 6409
6461 6464 6340 5100 6464 6464 6464 6461 6100 6409 6461 6463 3100 6461 6100 6461 6463 6463
6461 2300 6464 6600 6464 6464 6463 6409 6409 6450 4400 6464 6464 6463 6461 6461 6260 6559
6461 6461 6465 5300 6461 6461 6461 6461 6465 6465 6461 6461 6461 6461 6461 6461 6461 6461
6461 6461 6220 6461 6430 3300 6461 6461 6463 6464 6463 6450 6310 6465 6461 6463 6461 6461
6461 6450 6100 6463 6450 6461 6461 6461 6461 6461 6461 6461 6461 6461 6420 6461 6461 6461
6461 6461 5400 6450 6461 6463 6465 6461 6461 6461 6461 6220 6461 6430 6350 6461 6461 6409
6461 1300 6463 6420 6465 6465 6464 6463 6465 6463 6461 6461 6420 6540 6210 6310 6461 6461
6461 6461 6465 6461 6463 6461 6461 6461 6320 6465 6461 6461 6464 6461 6461 6461 6463 6461
6461 6461 6463 6463 6465 6440 6461 6450 6420 6461 6100 6461 6465 6210 6463 6461 6461 6461
6461 6461 6461 6420 6461 6461 6461 6461 6461 6463 6420 4500 6461 6461 6461 6463 6464 6461
6461 6461 6461 5100 6461 6461 6461 6461 6461 6463 3100 6465 6100 3620 3500 6463 6461 6461
6461 6461 6461 6461 6463 6461 6461 6461 6461 6461 4500 6461 6461 6461 3400 6461 6461 6461
6461 6461 6463 5200 6464 6464 6461 6461 6420 6430 2400 6350 6461 6461 6461 6461 6461 6463
6461 6461 6461 6463 6461 6461 6461 6461 6463 6420 6461 6461 6461 6461 6461 6461 6463 6463
6461 6463 6463 6464 6461 6463 6220 6450 6461 6461 6464 6420 6461 6465 6100 6461 3620 3300
6461 6461 6461 5200 6461 6461 6461 6461 6463 6420 6461 6465 6461 6465 3500 6461 6461 6461
6461 6461 6461 6520 6461 6461 6461 6440 6461 6462 6461 6461 6461 3400 6461 6461 6461 6461
6100 6465 6430 6461 6461 6465 6600 6409 6461 6463 6464 6461 6463 6420 6310 6465 6461 6461
6461 6240 6461 6420 6465 6461 6464 6465 6461 6461 6461 6461 6461 6465 6461 6464 6464 6463
6461 6420 6440 5200 6240 6420 6461 6420 6461 6420 6461 6461 6461 6420 6461 6461 6461 6559
6461 6461 6463 6420 6464 6464 6465 6463 6463 6463 6420 3620 6461 6440 6461 6461 6465 6463
6461 6420 6420 6420 6463 6220 6461 6461 6461 6464 6461 6420 6420 6461 6465 6463 6420 6463
6461 6461 6463 6320 6461 6461 6461 6461 6461 6461 6461 6461 6461 4400 5100 6464 6461 6461
6461 6461 6461 3500 6461 6461 6100 6260 6461 6461 6461 6463 6461 6461 6420 6461 6461 6461
6461 6463 6464 6559 6461 6461 6420 6240 6461 6461 6463 6463 6461 6461 6461 6461 6461 6461
6461 6461 6461 6461 6461 6463 6461 6461 6463 6461 6220 6461 6465 6461 6463 3500 6463 6240
6461 6420 6461 1300 6520 6461 6461 6559 6461 6463 6461 6461 6465 3610 6461 6461 3100 3620
6461 6450 6350 6430 6461 6461 6463 6461 6461 6465 6465 6440 6461 6461 6461 6461 6461 6461
6461 6420 6461 6420 6461 1300 6520 6461 6463 3100 6420 3650 3610 6461 6463 6600 4400 3640
6461 6461 6461 6450 6461 6461 6463 6461 6461 6559 6461 6461 6461 6461 6464 6464 6463 6464
6461 6461 6461 6100 6461 6465 6409 6409 6461 6461 6461 6461 6461 6420 6310 6465 3500 6463
6461 6461 6463 6540 6461 6461 6463 6465 6461 6440 6461 4400 4500 6461 3200 6463 6461 6461
6461 6461 6461 6540 6461 6461 6463 6420 6463 6461 6461 3400 6461 6461 6461 6461 6461 6461
6461 6461 6420 6465 6461 6461 4500 6461 6461 6461 6461 6461 6463 6461 6461 6540 6461 6461
6461 6465 6420 6420 6463 6461 6463 6450 6461 6461 1400 6100 6465 3620 6461 6461 6461 6420
6461 6461 6220 6600 1100 6430 2400 4400 6430 6430 6350 6461 6461 6461 6420 6461 6240 6461
6461 6461 6210 6461 6461 6461 6461 6461 6461 6461 3400 6461 6461 6350 6461 6430 6430 3500
6461 6461 6463 6509 6461 6461 6461 6461 6461 6461 6461 3620 6461 6430 6463 6461 6461 6461
6461 6420 6461 6464 6461 6463 6420 4400 6465 3620 6440 6210 6463 6430 6463 6461 6461 6461
6461 6461 6463 3630 6463 6465 6461 6461 3300 6450 6461 3300 6450 6461 6464 6100 6360 6465
6461 6464 6350 5100 6461 6463 6461 6461 6461 6461 6600 6461 6461 6559 6450 6461 6461 6461
6461 6461 6461 5100 6461 6461 6461 6461 6461 6464 6463 6461 6461 6461 6461 6461 6461 6461
6461 6461 6464 5100 6461 6461 6420 6461 6461 6461 6461 6461 6463 6450 6461 6461 6461 6461
6461 6450 6350 5100 6409 6461 6461 3300 6461 6461 6461 6461 6464 6461 6464 6461 6464 6461
6461 6461 6409 5200 6464 6464 6464 6464 6461 6450 6461 6464 6320 6360 6450 6350 5100 6461
6461 6420 6310 5100 6461 6461 6461 6461 6463 6463 6461 6463 6461 6463 6409 3620 6465 5100
6461 6461 6461 6465 6461 6461 6461 6461 6461 6461 6210 6461 6461 6461 6461 6461 6461 6461
6461 6461 6461 5200 6461 6463 6430 6461 6461 6463 6240 6461 6461 6461 6461 3400 6461 6463
6461 6461 6461 3400 6461 6461 6461 6461 6463 6420 6461 6100 6461 6461 5100 6461 6461 6464
6461 6463 6461 6465 6461 6461 6461 6463 6420 6463 6450 3620 6463 6240 3620 6465 6463 6420
6461 6461 6465 6420 6461 6461 6461 6461 6461 6463 6464 6461 6465 6463 3100 6461 6420 6463
6461 6461 6463 6430 6464 6461 6461 6461 6450 6463 6220 6461 6420 6420 6420 6465 6550 6461
6461 6461 6350 6230 6461 6461 6461 6461 6461 6461 6461 3640 6461 6461 6600 6461 6461 6465
6461 6461 6463 6450 6461 6461 6461 6461 6461 6461 6464 6463 6463 6461 6461 6461 6461 6461
6461 6461 6461 6600 6461 6463 6463 6409 6461 6465 6463 6464 6461 6461 6461 6464 6461 6463
6461 6461 6461 6462 6464 6461 6461 6461 6462 6461 6461 6461 6461 6461 6461 6240 6100 6461
6461 6461 6440 6509 6461 6461 6461 6465 6461 6461 6465 6464 6461 3100 6461 6461 6461 6461
6461 2300 6600 6462 6461 6461 6461 3300 6461 6461 6461 3620 3300 6461 6461 6461 6461 6461
6461 6461 6409 5200 6464 6320 6409 6450 6464 6461 6463 3100 6461 1300 3300 6409 6463 1100
6461 6461 6461 6540 6461 6461 6461 6461 6461 6461 4100 6461 6430 6350 6464 6461 6461 6461
6461 6465 5100 6463 6461 6210 6461 6461 6465 6461 6461 6100 6461 6461 6461 6430 6461 6461
6461 6461 6465 6463 6420 6461 6461 6461 6461 6463 6420 3620 6461 6461 6461 6420 6310 4500
6461 6461 6461 6540 6461 6461 6461 6461 6450 6461 6461 6461 4400 4400 6230 6461 6461 6461
6461 6450 6463 1100 6461 6461 6461 6430 2400 6420 6463 6465 6461 6461 6430 6350 6461 6464
6461 6461 6463 6420 6461 6464 6430 1400 6420 6464 6461 6461 6464 6464 6464 6461 6463 6465
6461 6461 6465 3300 6463 6463 6420 6461 6461 6461 6463 4200 6464 6463 6464 6461 6463 6461
6461 6450 6240 6220 1400 6461 4200 6461 6465 6465 6440 6461 6463 6461 6463 6461 6461 6463
6461 6461 4200 6600 6461 6465 6600 6461 6463 5200 6461 6464 6600 6464 6463 6465 6464 6461
6461 6461 6461 6461 6461 6461 6461 6430 6430 6463 6463 6464 6461 6463 6461 6463 6450 6461
6461 1300 6462 6461 6463 6461 6461 6463 6463 6461 6461 6461 6461 6463 6463 6461 6461 6461
6461 6461 6350 4500 6461 6461 6463 6461 6463 6461 6463 6450 6461 6461 6461 6461 6461 6461
6461 6461 6461 3650 6461 6461 6461 6461 6461 6461 6461 6461 6461 6461 6461 6559 6461 6461
6461 6463 6461 6461 6461 6461 6461 6463 6464 6461 6461 6461 6461 6461 6463 6461 6461 6600
6461 6461 6461 6540 6461 6461 6461 6461 3400 6461 6461 6463 6461 6461 6461 6461 6461 6461
6461 6461 3400 3500 6461 6461 6461 6461 6461 6461 6461 6540 6220 6461 6461 6461 3640 6463
6461 6465 6320 2100 6220 6465 6210 6409 6461 6461 6464 6464 6464 6463 6464 6461 6463 3100
6461 6461 6463 3630 6463 6465 6461 4400 6465 6310 5100 6409 6461 6465 6463 6420 6420 6461
6461 6461 6461 6430 6461 6461 6461 6461 6463 6461 6461 6310 6465 3500 6461 6464 6461 6463
6461 6461 6461 4300 6461 6461 6461 6461 6464 6464 6463 6461 6461 5100 6461 6461 6461 6461
6461 6463 6464 6463 6461 6463 6461 6463 6461 6461 6350 6450 6461 6461 6461 6461 6463 6463
6461 6420 6260 4600 1100 6464 6463 6461 6210 6450 3300 6409 6463 6461 6461 6461 6461 6463
6461 6450 6463 6420 6461 6461 6461 6461 6463 6461 4200 6310 6461 6461 6461 6461 6461 6461
6461 6461 6100 5200 6461 6409 6461 6461 6540 6409 6559 3610 6464 6464 6463 6461 6465 6463
6461 6461 6461 6461 6461 6461 6461 6464 6464 6463 6465 6461 6450 6461 6461 6461 6461 6465
6461 6450 6100 6330 6463 6320 6360 6461 6430 6461 6461 6465 6461 6461 6320 6461 6430 6350
6461 6463 6461 6461 6461 6461 6461 6463 6461 6461 6600 6461 6464 6461 6461 6461 6461 6100
6461 6461 6463 5200 6464 6230 6420 6464 6461 6461 6463 6465 6461 4400 6440 6210 6409 6461
6461 6461 6463 6461 6461 6461 6461 6461 6461 6310 6461 6461 3400 6461 6461 6465 6463 6464
6461 6464 6350 6440 6440 6461 6461 6461 6559 6461 6464 6464 6463 6464 6461 6463 6461 6461
6461 6461 6461 6540 6461 6461 6461 6461 6461 6461 6600 6450 6461 6461 6461 6461 6240 6461
6461 6461 3300 3200 6461 6463 6461 6461 6461 6600 6509 6450 6461 6465 6461 6461 6461 6461
6461 6450 6463 5600 6463 6461 6461 6461 6463 6463 6461 6461 6461 6461 6461 6461 6462 6461
6461 6461 6210 5300 1300 6450 6240 6240 6461 6420 6465 6461 6440 6461 6465 6461 6461 6461
6461 6461 6420 6520 6461 6461 6461 6463 6461 6461 6600 3100 6220 1300 6461 6464 6464 6530
6461 6465 5100 6463 6464 6461 6420 6461 6440 6461 6461 6350 6461 6461 6461 6461 6461 6465
6461 6464 6210 6461 6464 6600 3100 1300 6450 6463 3200 6461 4200 6430 5600 6540 6464 6464
6461 6463 6320 6600 1100 6600 3660 6461 6464 6600 6464 6463 6464 6420 6465 6450 6440 6461
6461 6461 6461 6430 6240 6420 6461 6461 6465 4200 6461 6465 6461 2400 6461 6461 4300 6461
6461 6463 6464 6600 6464 6463 4400 3500 6320 6461 6420 6461 1300 4200 6461 6461 6461 6465
6461 6464 6450 1200 6461 6100 6461 6465 6463 6320 4400 6461 6464 6464 6420 6461 6250 1400
6461 6463 6461 6509 6461 1400 6461 6465 6463 6464 6463 6461 6210 6409 6461 4500 6220 6461
6461 6450 6409 6463 6461 6461 6461 6420 6461 3620 6461 6420 6464 6463 6461 6540 6210 4400
6461 6463 6440 5200 6540 6464 6600 6464 6463 6461 6464 6420 6464 6461 6600 6420 6463 6461
6461 6465 6464 6464 6461 6461 6461 6464 6461 6464 6461 6464 6461 6463 6461 6100 6409 6461
6461 6420 6465 6600 6461 6463 6463 6461 6463 6461 6463 6464 6461 6463 6461 6464 6461 6464
6461 6409 6409 6600 1100 6464 6100 6260 6461 6461 6461 6559 6461 6559 6461 6461 6461 6463
6461 6100 6465 1400 6461 6210 3300 6461 6461 6540 6461 6100 6461 6450 6463 3500 6440 6310
6461 6461 5400 6461 6461 6461 6461 6440 6461 6461 6461 6461 6461 6461 6461 6350 6461 6461
6461 1300 6462 6461 6463 6461 6465 3620 6465 3640 6461 6463 6461 6461 6461 6509 6461 6230
6461 6463 6461 6461 6461 6461 6461 6461 6461 6461 6463 6461 6461 6320 6461 6461 6461 6461
6461 6461 6461 6461 6463 6450 6461 6463 6420 6463 6461 6450 6461 6461 6461 4400 6461 6461
6461 6464 6463 6320 6310 6461 6461 6420 6461 6461 6540 6409 6420 6464 6461 6450 6461 4500
6461 6461 6220 4500 6463 6465 6461 6463 6509 4200 6461 4500 6220 6463 6461 6461 6464 6310
6461 6461 5400 6461 6463 6420 6465 6461 6464 5100 6461 6461 6461 6461 6463 6463 6464 6461
6461 6461 6440 6310 4500 6463 6463 6461 6461 6461 6461 6461 6461 6559 6461 6461 6461 6461
6461 6461 6461 5200 6461 6461 6461 6461 6461 6461 6450 6461 6461 6461 6463 6461 6461 6100
6461 6450 6461 6450 6461 6461 6463 6461 6461 6461 6461 6461 6461 6461 6461 6461 6461 6461
6461 6465 6461 6461 6461 6463 6463 6461 4500 6450 6461 6461 6461 6450 6463 6420 6463 6465
6461 6464 6463 6461 6461 6461 6450 6461 6464 6464 6461 6461 6464 6461 6464 6461 6463 6461
6461 6461 6461 5200 6461 6461 6461 6461 6461 6461 6461 6461 6461 6461 6440 6220 6461 6461
6461 6465 6461 6100 6100 6260 6461 6450 6461 6440 6461 6461 6461 6330 6461 6461 6461 6430
6461 6461 6461 6540 6461 6461 6463 6463 6461 6461 6461 6463 6461 6461 6465 6463 6461 6461
6461 6461 6461 5100 6461 6461 6461 6461 6461 6461 6440 6461 6465 6461 6461 6461 6461 6461
6461 6461 6350 6230 6461 6461 6461 6461 6461 6461 6461 6461 6100 5200 6540 6465 3300 6450
6461 6420 6465 5100 6461 6464 6461 6440 6461 6463 6464 6461 6461 6465 6463 6461 3620 6461
6461 6461 6465 6600 6463 1300 6409 6409 1200 6461 6463 5600 5100 6461 6461 6461 6509 6463
6461 6450 6463 2300 6559 6461 6461 6461 6461 6430 6350 6461 4400 4400 6465 6461 6461 6310
6461 6461 5100 5100 6461 6463 6463 6461 6461 6464 6461 6461 6461 6461 6461 6461 6461 6461
6461 6240 6461 6430 6461 6461 2400 6350 6464 6461 6465 6461 6461 6310 6461 6461 6220 3620
6461 6461 6463 6461 6461 6420 6465 6461 6461 3500 6461 6461 6461 6559 6461 6461 6461 6461
6461 6450 6463 1100 6461 6461 6461 2400 6440 6461 6450 6461 6220 1100 6464 6461 6350 6461
6461 6461 6461 6330 6461 6461 6461 6461 6220 6461 6461 6461 6464 6461 6464 6461 6463 6461
6461 6461 6461 6509 6461 6461 6420 6461 6465 6461 6461 6450 6461 6461 6461 6463 6464 6461
6461 6461 6461 6550 6465 6461 6461 6430 6240 6461 6461 6461 6461 6461 6461 6461 6461 6461
6461 6465 6420 6420 6464 6461 6465 6450 6464 6461 6463 6464 6463 6461 6463 6461 6461 6350
6461 6450 6463 5600 6463 6461 6461 6461 6463 6462 6461 6464 6461 6461 6461 6461 6220 3620
6461 6463 6320 2100 6465 6430 6461 6461 6340 5100 6463 6461 6100 6260 6461 6461 6461 6461
6461 6463 6464 6464 6461 4400 6461 6465 6463 6420 3620 6465 3500 6461 6100 6461 6210 6461
6461 6461 6440 6450 6461 6461 6465 6461 6461 6461 6461 6461 6461 6461 6464 6461 6559 6461
6461 6463 4400 4500 6461 6463 6420 6461 4500 6409 6463 6461 6463 6461 6463 6461 6463 6461
6461 6461 6461 6465 6463 6420 6461 6461 6430 6463 6461 6461 6461 3400 6461 6463 6240 3620
6461 6461 3400 6320 6461 6461 6461 6461 6461 6420 6461 6461 6461 6461 6600 6461 6461 6461
6461 6461 6220 6430 6461 6461 6461 6463 6461 6540 6464 6464 6461 6461 6461 6461 6463 6463
6461 6463 6420 6461 6465 3500 6461 6461 6461 6461 6461 6450 6461 6461 6461 6461 6463 6420
6461 6461 6461 6450 6461 6463 6461 6461 6461 6430 6350 6461 6461 6461 6461 6461 6461 6461
6461 6461 4200 6430 1300 6520 6461 6463 5600 5100 6100 6420 6461 6464 6260 5200 6464 6464
6461 6420 6310 5100 6461 6461 6463 6461 6461 6461 6461 6540 6461 3300 6461 6461 6461 6420
6461 6220 6509 4200 6461 6530 6461 6465 6461 4400 6465 6465 6461 6461 6320 6461 6409 6420
6461 6461 6463 6465 3660 6420 6461 6461 6461 6463 6461 3200 6559 6461 6461 6461 6463 6461
6461 6461 6461 5200 6461 6100 6461 6465 6210 6463 6461 6220 6420 6420 6420 6450 6461 6461
6461 6461 6465 6600 3660 6409 6461 6420 6440 6461 6450 6461 6420 6461 1300 6420 6464 6464
6100 6465 6430 6461 6461 6461 1400 6509 6463 6430 6420 6464 6461 6465 6463 6420 6420 6463
6461 6465 5100 6420 6420 6461 6250 6461 6461 6450 6450 3620 6463 4400 6450 6463 6430 6461
6461 6461 6463 6463 6461 6461 6100 6461 4400 6461 6464 6464 6463 6220 6461 6463 5200 6464
6461 6461 6464 5200 6464 6464 6559 6463 6450 6461 6409 6450 6461 6461 6210 6461 6461 6430
6461 6461 5400 6461 6461 6461 6461 6461 6440 6461 6100 6461 6210 6210 6450 6450 6461 6461
6461 6461 6461 6461 6461 6465 3640 6461 6461 6461 6461 6463 6463 6461 6461 6559 6461 6461
6461 6461 6463 6461 6461 6461 6461 6461 6461 6461 6461 6461 6461 6462 6430 6461 6461 6461
6461 6461 6463 6509 6461 6461 6461 6461 6461 6461 6461 6461 6600 6461 6463 6465 4200 6461
6461 6461 6464 6463 6461 6463 6461 6461 6461 6461 6461 6440 6461 6461 6461 6461 6461 6464
6461 6463 6440 5200 6461 6464 6420 6465 6461 6461 6463 6461 6461 6100 6461 6465 6463 6461
6461 6461 6440 5200 6461 6463 6463 6465 6461 6461 6461 6461 6461 6464 6463 6600 6462 6461
6461 6461 6461 6465 6463 6461 6461 6461 6420 6461 6461 6461 6461 6461 6461 6420 6461 6461
6461 6461 6210 5300 6220 6420 3650 6240 1100 6440 6461 6461 6463 6461 6464 6461 6461 6461
6461 6450 6100 6330 6559 6450 6461 6461 6461 6461 6450 3620 6463 6465 6461 6463 6463 6461
6461 6461 6520 6461 6461 6463 6463 6465 6461 6450 6461 6461 6461 6461 6461 6461 6461 6461
6461 6420 6465 3660 6461 6461 6463 6461 6420 6509 6461 3640 6461 6461 6461 6461 6464 6461
6461 6420 6461 4500 6463 6461 6463 6461 6463 6461 6464 6461 6420 6464 6463 6463 6461 4500
6461 6461 6461 6509 6461 6461 6540 6220 6465 6461 6461 3300 6461 6461 1400 6461 6463 6220
6461 6461 6461 6600 6461 6463 6463 6420 6210 6450 6450 6461 6461 6461 6461 6461 6461 6440
6461 6461 6461 6461 6440 6463 6464 6461 6461 6461 6461 6600 6420 6440 6461 6240 6461 6461
6461 6461 6461 6540 6461 6461 6462 6461 6461 6461 6461 6461 6461 6450 3200 6461 6461 6461
6461 6420 6464 6600 6464 6464 6464 6461 6463 6464 6461 6463 6465 6461 6210 6450 4500 6220
6461 6463 6461 6100 6461 6461 3300 6461 6461 6465 6463 6440 6461 6463 6461 6463 6463 6461
6461 6463 6461 6461 6461 6461 6420 6461 6461 6461 6461 6461 6461 6461 6461 6461 6464 6464
6461 6450 6100 6463 6450 4500 4200 6210 4200 3400 6461 6461 6463 6461 6461 6461 6461 6463
6461 2300 6464 6464 6464 4400 4500 6464 6463 6461 6464 6310 6464 6464 6461 4500 6463 6450
6461 6461 6461 6450 6463 6461 6461 6461 6464 6464 6600 6540 6463 6461 6463 6461 6463 6461
6461 6463 6320 2100 6220 6430 6210 6463 6461 6461 6465 6409 6409 6409 6463 6461 6461 6461
6461 6461 3300 3200 6461 6461 6461 6461 6450 6220 6420 6463 6450 6461 6461 6461 6440 6461
6461 6240 6465 6465 6464 6463 6465 6463 6461 6463 6450 6461 6461 6461 6461 6461 6461 6461
6461 4400 6461 6464 6461 6461 6461 6463 6464 6461 6540 6461 6461 6461 6463 6461 6461 6461
6461 6465 6330 6463 6461 4500 6450 4200 6461 6461 6461 6463 6461 6461 6461 6450 6461 6461
6461 6461 6461 5100 6461 6461 6450 6461 6461 6463 6461 6461 3400 6461 6463 6463 6461 6461
6461 6461 5400 6461 6465 6465 6461 6461 6450 6461 6463 6440 6461 6461 6463 6465 6240 3300
6461 6461 6440 6559 6461 6461 6461 6461 6461 6465 6450 6461 6461 6461 6461 6465 6465 6464
6461 6461 6465 5300 6461 6461 6461 6461 6461 6461 6430 6461 6461 6461 6461 6461 6465 3650
6461 6450 6463 5600 6463 6461 6461 6463 6463 6461 6461 6461 6461 6430 6461 6461 6461 6461
6461 6461 6409 5200 6464 6464 6461 6559 6310 3500 6461 6240 6461 6461 6461 6461 6540 6409
6461 6461 6464 6464 6463 6461 6461 6463 6461 6461 6461 6461 6463 6464 6461 6463 6461 6463
6465 6450 6461 6461 6100 6461 6463 6461 6465 6461 6463 3640 6464 6461 6465 3640 6463 6464
6461 6450 6463 5600 6463 6461 6461 6463 6461 6461 4400 6465 6461 6461 6461 6461 6559 6461
6461 6465 6420 6420 6461 6465 4400 3640 6464 6420 6461 3620 6465 6463 6420 6461 6463 6509
6461 6461 4200 6600 6461 4500 6559 6463 6450 6461 6465 6420 6450 6409 6461 6463 6463 6461
6461 6450 6463 5600 6463 6461 6463 6461 6461 6461 6463 6461 6461 6463 6461 6461 3100 6461
6461 6461 6420 6461 6461 3400 6450 6461 6463 6461 6461 6465 6463 6461 6461 6461 6461 6461
6461 6464 6461 3300 6420 6463 6420 6463 6240 6465 3620 6220 4400 6461 6464 6461 6461 6461
6461 6463 6420 6463 6465 6600 6461 6100 6210 6310 6461 6464 6464 4400 4500 3300 6463 6461
6461 5100 6461 6465 1400 6463 6450 6463 6430 6461 6461 6465 6463 6461 6461 6461 6463 6461
6461 6461 6463 6320 6360 6461 6540 6464 6600 6464 6463 6463 6320 4400 6465 6461 6461 6461
6461 6461 6461 6409 6600 6420 6420 6420 6464 6100 6461 6465 6463 6464 6461 6350 6461 6461
6461 6463 6461 6540 6461 6463 6420 6461 6461 6461 6461 6461 6465 6450 6461 6461 6430 6461
6461 6461 6210 5300 1300 6450 6420 6464 6463 6461 6464 6600 6463 1300 6520 6461 6463 6420
6461 6461 6461 6540 6461 6461 6461 6461 6450 6461 6461 6461 6461 6463 3100 6465 6465 6461
6461 6420 3640 4500 6463 6461 6461 6461 6464 6464 6463 6464 6461 6463 6461 6461 6450 6463
6461 6464 6461 6409 6461 3620 6465 3500 6463 6461 6559 6461 6461 6461 6464 6420 4200 6461
6461 6461 6463 6463 6465 6461 6461 6310 4500 6461 6461 6461 6461 6461 6461 6461 6461 6461
6461 6450 6463 6420 6461 6461 6461 6461 6461 6461 6461 6461 6461 6463 6461 2400 3500 6420
6461 6461 6461 5200 6461 6461 6461 6461 6463 6461 6464 6461 6461 6461 6461 6465 3620 6465
6461 6420 6461 4500 6320 2100 6310 6465 6461 6461 6461 6420 6440 6461 6464 6464 6463 6465
6461 6461 6240 3200 6461 6463 6461 6461 6461 6461 6461 6461 6461 6461 6461 6430 6461 6461
6461 6461 6461 5200 6461 6461 6463 6463 6461 6461 6461 6461 6461 6461 6463 3100 6465 3620
6461 6420 6464 6464 6464 6461 6464 6461 6463 6461 6559 3610 3640 6461 6465 6465 3640 6450
6461 6461 6440 4600 6461 6461 6462 6430 6450 6461 6461 3500 3400 6540 6559 4200 6461 6461
6461 6461 6330 6600 6461 6461 6461 6463 6461 6461 6461 6461 6559 6461 6461 6461 6461 6461
6461 6450 6463 1100 6461 6461 6462 6461 6461 6530 6420 6464 6461 6350 6461 6420 6420 6465
6461 6461 6220 6430 6430 6461 6220 3620 6463 6461 6463 6461 6463 6509 4200 6461 4500 6463
6461 6463 6420 6464 6461 6465 6450 6440 6461 6450 6463 6420 6463 6461 6540 6409 6461 6461
6461 6461 6461 6559 6463 6463 6461 6461 6462 6430 6465 3620 6461 3300 6461 6461 6420 6461
6461 6461 6461 6600 6450 6463 6420 6461 4500 6463 6461 6463 6461 6463 6461 6464 6461 6463
6461 6461 6220 6461 6461 6420 6310 6100 6463 6461 6461 3300 6450 6463 6461 6461 6450 6450
6461 6461 6461 6100 6450 6409 6461 6463 6461 6461 6461 6420 6461 6461 6463 6465 6461 6461
6461 6240 6461 6420 6461 6461 6461 6461 6461 6464 6463 6464 6461 6463 6461 6461 6461 6461
6461 6461 6409 5200 6464 6464 6464 6540 6464 6464 6461 6464 6461 6463 6461 6559 6461 6461
6461 6450 6461 6461 6461 6461 6461 6461 6461 6461 6430 6240 6461 6461 6461 6464 6464 6461
6461 6240 6461 6420 6461 6461 6461 6461 3100 6220 3620 6465 3620 6461 6509 6461 6210 6450
1300 6462 6461 6463 6461 6461 6461 6461 6463 3100 6420 3620 6461 6461 6461 6461 6600 6450
6461 6461 6463 3630 6463 6465 6461 6461 6461 6464 6464 6461 6461 6509 4200 6461 6420 6461
6461 6450 6463 1100 6461 6465 6360 6310 6462 6461 6461 6461 6461 6461 6461 6430 6464 6461
6461 6461 6461 6559 6463 6420 6463 6461 6465 6461 6463 6463 6464 6461 6463 6461 6463 6461
6461 6420 6461 6464 6464 6461 6461 6100 6220 6420 3620 4500 6450 6461 6461 6461 6420 6463
6461 6461 6461 6600 6463 6463 6461 6463 6450 6463 6420 6463 6461 6461 6461 6420 6461 6420
6461 6461 6461 6461 6461 6463 6420 6465 6461 6461 6461 6461 6461 6461 6461 6461 6463 6461
6461 6461 6461 6540 6461 6461 6461 6240 6461 6461 6461 6461 6461 6430 6463 6461 6462 6461
6461 6461 6463 6509 6461 6461 6461 6461 6461 6461 6461 6461 6220 6450 6465 6409 6461 6463
6461 6464 6464 6100 6464 6463 6465 6463 6461 6463 6461 6210 6461 6465 6461 6463 6461 6461
6461 6461 6220 6461 6420 6440 6461 4500 6463 6462 6461 6461 6464 6464 6461 6461 6461 6461
6461 6461 6420 6461 6600 6420 6420 6461 6250 6461 6461 6461 6461 6463 6464 6461 6463 6461
6461 6461 6461 6461 6450 6450 6461 6461 6461 6461 6461 6461 6465 4500 6461 6461 6461 6461
6461 6463 6461 6100 6461 6463 6463 6461 6463 6461 6461 6461 6463 6420 6420 6465 6464 6461
6461 6463 6464 6463 6461 6461 6430 6240 6461 6461 6461 6461 6450 6450 6450 6450 6450 6450
6461 6464 6464 6550 6465 6461 6450 6463 6461 6461 6461 6420 6461 6461 6463 6461 6461 6461
6461 6450 6240 6420 6461 6461 6463 6463 6461 6461 6465 3650 6461 6450 6350 6450 6461 6461
6461 6461 6463 3100 6461 6420 6461 6461 6465 6463 6464 6464 6464 6461 6464 6465 6463 6420
6461 6461 6463 3500 6461 6463 6220 6461 6461 6100 3400 6461 3300 6450 6461 6461 6461 6461
6461 6463 6465 6409 6461 6461 6464 6461 6240 3620 6465 3640 6464 6463 6461 6461 3500 6540
6461 6464 6420 6461 6465 3640 6464 6463 6461 6100 6100 3620 4200 6461 6465 6100 6465 3620
6461 6461 6461 6260 6461 6461 6461 5100 6461 6461 6461 6461 6465 6450 6461 6461 6461 6461
6461 6461 6450 6463 6461 6461 6461 6461 6463 6240 6461 6461 6461 6461 6461 6461 6461 6461
6461 6461 6461 4300 6461 6461 6461 6461 6465 6461 6461 6461 6600 6509 6450 6463 6220 6461
6461 6461 6463 6461 6463 5200 6461 6464 6461 6100 6409 6461 6463 6430 6240 6461 6461 6461
6461 6461 6464 6230 6420 6420 6461 6465 6600 6461 6463 6540 6463 6461 6464 6461 6463 6540
6461 6461 2400 3500 6463 6240 6462 6461 6461 6461 6559 6450 6559 6450 6450 6465 6461 6463
6465 6409 6461 6461 3500 6461 6240 6463 6461 6461 6461 6465 6464 6464 6210 6461 6461 6461
6461 6463 6461 6461 6461 6450 6450 3300 6461 6461 6461 6461 6461 6461 6461 6461 6461 4500
6461 6450 6350 6420 6461 6463 6461 6461 6420 3100 6461 6465 6461 6465 6463 1100 6461 6463
6461 6450 6463 6230 6420 6420 6464 6465 6310 6461 6461 6461 6461 6420 6600 6464 6463 6320
6461 6463 6461 6600 6463 6463 6463 6463 6461 6463 6461 6465 6463 6464 6461 6463 6461 6461
6461 6461 6210 5300 1300 6461 6461 6463 6450 6461 6461 6320 6461 6461 6461 6461 4400 6465
6461 6461 6461 6465 6461 6463 6463 6461 6461 3500 3400 4500 6463 6420 6463 6461 6461 6461
6461 6461 6461 4200 6461 6461 6463 6420 6463 6461 6461 6461 6465 3620 6465 6463 6464 6420
6461 6461 6461 6540 6220 6461 6420 6420 6420 6440 6540 6464 6461 6461 6461 5100 6461 6461
6461 6463 6461 6461 6463 6463 6461 6461 5400 6450 6440 6461 6463 6461 6461 6461 6461 6461
6461 6240 6420 6520 6461 6463 6420 6461 6461 6463 6463 6461 6461 6461 6463 6461 6461 6100
6461 6461 6461 6465 6463 6461 6461 6461 6461 6461 6461 6461 6461 6461 6461 6461 6461 6461
6461 6461 6463 6463 6465 6461 6461 6461 6461 6450 6465 6461 6463 6220 1100 6430 6220 6461
6461 6461 6461 6540 6461 6461 6461 6461 6461 6461 6464 6463 6461 6461 6463 6461 6461 6461
6461 6420 3650 6450 6461 6461 6461 6420 6461 6461 6559 6100 6409 6450 6420 3300 6461 6461
6461 6465 5100 6463 6250 6463 6461 6463 6463 6461 6463 6461 6461 6100 6461 6465 6463 6450
6461 6461 6461 6559 6461 6461 6461 6463 6464 6461 6461 6461 6461 6600 6461 6461 6461 6461
6461 6464 6463 6461 6464 6310 4500 6240 3620 6463 6463 6461 6461 6461 6440 6463 6461 6461
6461 6450 6463 6464 6461 6463 6509 6465 6461 6464 6461 6461 6461 6461 3640 6463 6464 6464
6461 6463 6463 6464 6463 6461 6461 6509 6461 6461 6461 6461 6461 6463 6464 6461 6461 6461
6461 6461 6464 6320 6461 6420 5100 6461 4200 6260 4600 6462 6461 6464 6463 6600 6420 6420
6461 6461 6464 6600 6240 6420 6464 6463 6465 6461 6420 6520 6461 6461 6461 6461 6461 3640
6461 6464 6463 6461 6461 6461 6461 6461 6461 6463 6461 6461 6461 6461 6430 6461 6461 6461
6461 6461 6461 6465 6461 6463 6463 6463 6461 6461 6461 6461 6461 6464 6461 6461 6461 6461
6461 6461 6461 6330 6461 6461 6600 6509 6465 6464 6461 6463 6463 6461 6463 3100 6461 6465
6461 1300 4200 6540 6465 6440 6461 6461 6220 3640 6461 6463 6310 4500 6463 6461 6450 6461
6461 6461 6520 6461 6461 6461 6463 6240 6463 6461 6461 6461 6464 6464 6463 6461 6461 6463
6461 6450 6350 5100 6461 6100 6461 6465 6463 6461 6463 6100 3620 6461 3300 6461 6461 6100
6461 6461 5400 6461 6465 6461 6463 6463 6463 6461 6463 6461 6461 6461 6461 6461 3400 6461
6461 6464 6320 2100 6220 6465 6430 6461 6461 4200 6540 6210 6461 6461 6461 6461 6461 6430
6461 6461 4200 6600 6461 6100 6461 6464 6320 6461 2200 5200 6464 6463 6464 6461 6463 6461
6461 6464 5400 6461 6461 6540 6420 6310 6463 6461 6450 6461 6420 6461 6463 6461 6463 6461
6461 6461 6463 3100 6461 6420 6461 6461 6463 6461 6463 6461 6463 6220 6461 6463 6430 6465
6461 6461 6461 6420 6461 6461 6461 6465 6461 6461 6100 6464 6463 6461 6463 3630 6463 6461
6461 6464 6461 6461 6463 6461 6461 6465 6463 6461 6463 6461 6463 3100 6461 6465 6463 6420
6461 6461 6461 3300 6461 6461 6465 4200 6461 6463 6461 6461 6461 6461 6461 6465 6461 6464
6461 6461 6463 6461 6461 6461 6465 6461 6461 6461 6461 6461 6461 6461 6461 6100 6461 6450
6461 6464 6461 6100 6260 5200 6450 6461 6464 6464 6600 6464 6461 6463 6461 6461 6461 6463
6461 6461 6461 6465 6463 6465 6461 6463 6100 6409 6461 3620 6350 6461 6461 6461 6461 6461
6461 6461 6464 5100 6461 6461 6461 6461 6559 6461 6461 6463 6461 6461 6461 6463 6461 6461
6461 6463 6461 6461 6461 6461 6461 6461 6461 6463 3100 6220 3620 6463 6465 3660 5600 6463
6461 6461 6100 3650 6450 6440 6461 6461 6461 6559 6461 6461 6461 6461 6461 6461 6600 6461
6461 6420 6461 6464 6461 6463 6420 6463 6461 4400 6465 3500 6461 6461 6461 6461 6461 6420
6461 6461 6461 5100 6461 6461 6461 6461 6430 6461 6461 6465 5400 6461 6461 6461 6461 6461
6461 6465 3650 6461 6461 6464 6559 6461 6461 6465 6461 6420 6310 6463 6461 6463 6461 6463
6461 6461 6461 6559 6461 6461 6600 6461 6465 5400 6461 6450 6559 6461 6461 6461 6461 6461
6461 6409 6409 6600 6530 6461 6420 6461 4200 6461 6100 6461 6461 6320 6409 6461 6463 6420
6461 6461 6461 6509 6409 6461 6465 6559 6463 6461 6461 6461 6461 6461 6461 6463 6463 6461
6461 6461 6463 3630 6461 6100 6461 6463 6450 6463 6464 6461 6463 6540 6461 6464 6461 6461
6461 6461 6461 6509 6461 6461 6461 6461 6461 6465 6461 6464 6461 6461 6461 6461 6464 6461
6461 6461 6461 5200 6461 6461 6461 6461 3400 6461 6461 6461 6461 6461 6461 6430 6461 6461
6461 6450 6465 5100 6461 6463 6464 6461 6461 6463 6420 6463 6461 3620 3300 6461 6461 6461
6461 6461 6464 6260 6461 6461 6461 6461 6461 6465 6461 6230 3300 6461 6220 6461 6465 6461
6461 6464 6350 6461 6461 6461 6461 6463 6461 6461 6350 6461 6461 6461 6440 6461 6461 6461
6461 6450 6461 6463 6461 6461 6461 6461 6461 6320 6465 6461 4400 6440 6210 6461 6461 6463
6461 6461 5400 6420 6464 6463 6461 6461 6430 6463 6461 6461 6461 6463 6461 6461 6100 6461
6461 6100 6465 6463 6461 2400 6461 2200 3100 3650 6310 6461 6463 1100 6461 6420 6461 6464
6461 6461 2400 3500 6463 6463 6450 6461 6440 6461 6464 6420 6461 6461 6461 6461 6465 4200
6461 6461 6450 6461 6461 6559 6461 6461 6461 6461 6450 6461 4400 6465 5400 6461 6461 6461
6461 6464 5400 6461 6461 6461 6461 6463 6461 6461 6420 6461 6461 6463 6461 6463 6461 6461
6461 6461 6461 3300 6461 6463 6463 6461 6461 6461 6461 6461 6464 6465 6463 6461 6461 6461
6461 6461 6440 6310 6465 3200 6461 6461 6461 6461 6450 6461 6461 6461 6463 6320 6461 6461
6461 6461 6461 5100 6461 6461 6461 6461 6463 6461 6461 6420 6461 6461 6461 6461 6461 6461
6461 6463 6320 2100 6465 6420 6210 3300 6461 6450 6461 6461 6509 6461 6461 6450 6461 6461
6461 6461 6463 6540 6463 6461 6220 6461 6464 6100 6409 6450 6463 6461 6463 6509 6440 6310
6461 6461 6461 6600 6461 6100 6409 6461 6463 6461 6461 6461 4500 6464 6461 6420 6461 6465
6461 6461 4500 6461 6461 6461 6461 6461 6430 6461 6461 6461 6461 6461 6461 6440 6461 6461
6461 6461 6464 6430 6461 6464 6461 6210 3620 6461 6100 6461 6463 6420 6463 6461 6600 6461
6461 6461 6463 6540 6220 6420 6463 6430 4500 6450 3620 6463 6509 6409 6463 6461 6463 6461
6465 6461 6461 1400 6461 6463 6420 6463 6465 6461 6461 6463 6461 6464 6540 6463 6450 6461
6461 6461 6461 6559 6461 6461 6461 6461 6461 3200 6440 6461 6461 6461 6461 6440 6530 6464
6461 6461 6461 6100 6260 6461 6461 6461 5100 6461 6463 6461 6461 6461 6461 6465 6465 6461
6461 6420 6461 6461 6461 6540 6461 6464 6461 4400 6465 6464 6461 6100 4500 6463 6420 6463
6461 6461 6463 6461 6220 6420 6420 6464 6463 6450 6461 6461 3640 6461 6465 6210 6461 6461
6461 6464 6461 5100 6461 6461 3640 6461 3300 2100 6310 6461 6461 6465 3620 6461 6461 6461
6461 6461 4500 6100 6461 6465 6210 6461 6461 6100 6464 6463 6461 6463 6465 6450 6461 6463
6461 6463 6464 6464 6464 6464 6464 6461 6461 6461 6461 6463 6461 6450 6461 6464 6420 6461
6461 6461 6350 6230 6461 6461 6461 6461 6461 6461 6461 6462 6461 6461 6461 6440 6461 6461
6461 6461 6100 6100 3650 6450 6461 6461 6420 6465 6464 6463 6465 6463 6461 6461 6461 6461
6461 6461 6461 4600 6461 6461 6461 6461 6461 6463 6461 6461 6461 6465 6461 6461 6463 6461
