7110 7110 7110 7110 7442 8100 7442 7360 7360 7320 7442 7360 7330 8400 7320 7442 8100 8100
7442 7442 7442 7442 7442 7442 7442 7442 7442 7442 7442 7442 7442 7442 7442 7442 7442 7442
0 0 7442 8200 0 0 0 0 0 0 0 0 0 0 0 0 0 0
7442 0 7442 7442 7442 7442 7442 7442 7442 7442 7350 7442 7442 7442 7442 7350 7442 8200
0 0 8200 0 0 0 0 0 0 0 0 0 0 0 0 0 0 0
7442 7442 7442 7442 7442 7442 7442 7442 7442 0 7442 7442 7442 7442 7442 7442 7442 7442
7442 7442 7420 7330 7330 7360 8100 8100 7310 8100 7442 8200 7430 7442 7420 7442 7442 7442
0 0 0 0 7442 1100 7200 5300 0 0 0 0 0 0 0 0 0 0
7442 7442 0 0 0 0 0 0 0 0 0 0 0 7442 0 7442 7442 7442
7442 7442 7442 7442 7442 7442 7442 7442 7442 7442 7442 7442 7442 7442 7442 7442 0 7442
1100 7200 5300 3500 3600 0 0 0 0 0 0 0 0 0 0 0 0 0
0 0 0 7442 7442 7442 7442 7442 7442 7442 7442 7442 7442 7442 7442 7442 0 0
8400 7442 7442 7442 7442 7442 7420 7442 7442 7442 7442 7442 7442 7442 7442 7442 7442 7442
7442 7442 7442 7442 7442 7442 7442 7442 7442 7442 7442 7442 7330 7420 7442 7442 7442 7442
0 0 0 0 0 0 7442 7442 0 0 0 0 0 0 0 0 0 0
7420 7442 7442 7442 7442 7442 7320 7442 7442 7442 7442 7442 7442 7442 7442 7442 7442 7442
0 0 0 0 0 0 0 0 0 0 0 0 0 0 0 0 0 0
7442 7330 7320 7442 7360 7442 7360 7320 7330 7442 7442 7442 7442 7442 7442 7442 7442 8100
7442 7442 7442 7442 7445 7420 7442 8100 7442 7442 7442 7442 7442 0 7442 7442 7442 7430
7442 7442 7442 7442 0 0 7442 7442 0 0 0 7442 7442 0 7442 7442 7442 7442
0 0 7442 7442 7442 0 0 7442 7442 0 7442 7442 7442 7442 0 7442 7442 0
0 0 0 7442 7360 7420 8100 7442 0 7442 7442 7442 7442 7442 7442 7442 7442 7442
0 7442 0 7441 7442 0 0 0 0 8200 0 0 7442 7442 7442 8200 0 0
7442 7360 8200 0 0 0 0 0 0 0 0 0 0 0 7442 0 0 0
7442 7442 7442 7442 7442 7442 7442 7442 7442 7442 7442 7442 7442 7442 0 0 0 0
7442 7442 7320 7330 8100 7442 7320 8100 8100 8100 8100 7310 8100 8100 7442 7442 8200 0
0 0 0 0 7442 7442 7442 7442 0 0 0 0 0 0 0 0 0 0
7442 7442 7442 7442 7442 7442 7442 7442 7442 7442 7442 7442 7442 7442 7442 7442 7442 7442
0 0 0 0 0 0 0 7442 0 0 0 0 0 0 0 0 0 0
7442 7442 7442 7442 7442 7442 7442 7442 7442 7442 7442 7442 7442 7442 7442 7442 7442 7445
7442 7442 1100 7442 7442 7442 7442 7442 7330 8200 7442 7442 7442 0 0 7442 7442 7420
7442 7442 7442 7420 7442 7442 7442 7442 7442 7442 7442 7442 7442 7442 7442 7442 7442 7442
7420 7442 7442 7442 7442 7442 7442 7442 7442 7442 0 7442 7442 7360 7442 7442 7442 7442
7442 7320 7442 7442 7330 7420 7442 7442 7420 7420 7442 7442 7420 7442 7442 7442 7420 7442
7442 8200 7442 0 7442 7442 8100 7442 8400 7420 7442 8200 0 7442 7442 0 0 0
0 7442 7320 7442 8400 0 7442 8200 0 0 0 0 0 0 0 0 0 0
0 0 0 0 7442 0 0 0 0 0 0 0 0 0 0 0 0 0
0 0 0 0 0 0 0 0 0 0 8200 0 0 0 0 0 0 0
0 0 7442 7442 8200 1100 8400 0 7442 7442 7446 7442 7442 7441 0 0 0 0
0 7442 8200 0 0 0 0 0 0 0 0 0 0 7442 7442 0 7442 7442
0 0 0 0 0 0 0 0 0 0 0 0 7442 7442 7442 7442 7442 7442
0 0 0 0 7442 7442 7442 7442 7442 7360 7442 7442 7442 7442 7442 0 7442 7442
7442 7442 7442 7442 7442 7442 7442 7442 7442 7442 7442 7442 7442 7442 7442 7442 7442 7442
0 0 0 0 0 0 0 7442 7442 7442 7442 0 0 7442 7442 0 0 0
7442 7442 7442 7442 7442 7442 7442 7442 7442 7442 7442 7442 7445 7442 7442 7442 7442 7442
7442 7442 8200 1100 0 0 0 0 0 0 0 8200 1100 7200 5300 3500 3600 0
7442 7442 7442 7442 7442 7442 7442 7442 7442 7442 7442 7442 7442 7442 7442 7442 7442 7442
7442 0 7442 0 7442 7442 0 0 0 0 0 0 0 0 0 7442 0 0
7442 7442 7442 7442 7442 7442 0 7442 7442 7442 7442 7442 7442 7442 7442 7442 7442 7442
7442 7442 0 7442 7442 7442 7442 0 7442 7442 7442 0 7442 7442 7442 7442 7442 7442
0 0 0 0 0 7442 0 7442 7442 7442 0 0 0 0 0 0 0 0
0 0 0 0 0 7442 7442 0 0 7442 7442 8200 0 7442 0 0 0 0
0 0 7442 7442 0 0 7442 8200 7442 7442 7442 7330 7442 7320 8400 1200 0 7442
7442 7442 7442 7442 7442 7442 7442 7442 7442 7442 7442 7442 7442 7442 7442 7442 7442 7442
0 0 7442 7442 7442 7442 0 0 0 0 0 0 7442 7442 7442 7442 7442 7442
7442 7442 7442 8200 0 0 0 0 0 0 0 0 0 0 0 0 0 0
0 0 8200 0 0 0 0 0 0 0 0 0 0 0 0 0 0 0
0 0 7442 7442 7442 7442 7442 7442 7442 7442 7442 7442 7442 7442 7442 7442 7442 7442
7442 7442 7442 7442 7442 7442 7442 7442 7442 7442 8100 7442 7442 7442 7442 7442 7442 0
7442 7442 7442 7442 7442 7442 7442 7442 7442 7442 7442 7442 7442 7442 7442 7442 7442 7442
7442 0 7442 7442 0 0 7442 0 7442 0 7442 7442 7442 7442 0 0 0 0
0 0 0 0 8200 0 0 0 0 0 0 0 0 0 0 0 0 0
7442 7442 7442 7442 7442 7442 7442 7442 7442 7442 7442 7442 7442 7442 7442 7442 7442 7442
0 0 7442 7442 7442 7442 7442 7442 7442 7442 7442 7442 7442 7442 7330 7442 7442 7442
0 0 0 0 0 0 0 0 0 7441 7442 7442 7442 0 0 7442 7442 0
7442 8200 1100 7200 3500 3600 0 0 0 0 0 0 0 0 0 0 0 0
7442 7442 8100 7442 7442 7442 7442 7442 7442 7320 7442 7420 7442 7442 7442 7442 7442 7442
0 0 0 0 0 0 0 0 0 0 0 0 0 7442 7442 7442 7442 7442
0 0 0 0 7442 7442 7442 7442 7442 7442 1100 0 0 0 0 0 0 0
7442 7442 7442 7442 7442 7442 7442 7442 7442 8100 7442 7442 7442 7442 7442 7442 7442 7350
7442 7442 7442 7442 7442 7442 7442 7442 7442 7442 7442 7442 7442 7442 7442 7442 7442 7442
0 0 7442 8100 8200 8200 8200 7442 7330 7442 8100 8200 1100 7442 7442 7330 8200 0
7442 7442 7442 7442 7442 7442 7442 7442 7442 7420 7442 7442 7442 7442 7442 7442 7442 7442
8100 8400 8200 7442 8100 8100 7442 7442 0 0 7442 7350 7420 7360 7360 7442 7442 7442
7442 7442 7442 7442 7442 7442 7442 7442 7442 7442 7442 7442 7442 7442 7442 7442 7442 7442
7442 8200 1100 7200 3500 7410 7130 7130 7130 7140 7140 7140 7130 7110 7110 7110 7110 7110
7442 7442 7442 7442 7442 7442 7442 7442 7442 7442 7442 7442 7442 7442 7442 7442 7442 7442
7442 7442 7442 7442 7442 7442 7442 7442 7442 7442 7442 7442 7442 7442 7442 7442 7442 7442
0 7442 7442 7442 7442 7442 7442 7442 7442 7442 7442 7442 7442 7442 7442 7442 7442 7442
0 0 0 7442 7442 7442 0 0 7442 7330 7442 7442 7442 7442 7442 7442 7442 7442
7442 7442 7442 7442 7442 7442 7442 7442 7442 7442 7442 7442 7442 7442 7442 7442 7442 7442
0 0 0 0 0 0 7442 7442 7442 7442 7442 7442 7442 7442 7442 7442 7442 0
7442 7442 7442 7442 7442 7442 7442 7442 7442 7442 7442 7442 7442 7442 7442 7442 7442 7442
0 0 0 0 0 0 7442 7442 7442 7420 7442 0 7442 7442 0 7442 7442 0
7442 7320 1200 7443 7410 7410 7410 7410 7410 7140 7140 7140 7140 7140 7140 7140 7140 7140
7442 7330 7442 7442 7442 7442 7442 7442 7442 7442 7442 7442 7442 8100 7442 7442 7442 7442
7442 7446 7442 8400 7430 7442 7442 7442 7442 7442 7442 7442 7446 7442 7442 7442 7442 0
7442 7442 7442 7442 7442 7442 7442 7442 7442 7442 7442 8100 7442 7442 7442 7420 7442 7442
0 0 0 0 0 0 7442 7442 7442 7442 7442 7442 7442 7442 7442 7442 7442 8200
7442 7442 7442 7442 7442 7442 7442 7442 7442 7442 7442 7442 7442 7442 7442 7442 7442 7442
0 0 0 0 0 0 7442 7442 7442 7442 0 0 0 0 0 0 0 0
7442 7420 7442 7442 7442 7420 7442 7442 7442 7442 7442 7442 7442 7442 7360 7442 7442 8400
7430 7360 7442 7442 7442 7442 7442 7442 7442 7442 7442 7442 7442 7442 7442 7442 7442 7442
0 0 0 0 0 7442 0 0 7442 7442 7442 7442 7442 7442 0 0 0 0
7330 8200 7442 8200 8200 0 0 0 4000 1200 7200 3500 8200 5500 3500 3600 7110 0
0 0 0 0 0 0 0 0 0 0 0 0 7442 7442 8400 7442 0 7442
7442 7442 7442 7442 7442 7442 7442 7442 7442 7442 7442 7442 7442 7442 7442 7442 7442 7442
0 7442 7442 0 0 7442 0 0 0 0 7442 8100 0 0 0 0 0 0
7420 7360 7320 7420 7320 7350 7442 7320 7420 8100 7320 7442 7350 7310 7420 7420 7310 7442
0 0 0 0 0 0 0 0 0 0 7442 0 0 0 0 0 7442 7442
0 4000 1100 5300 3500 3600 0 0 0 0 0 0 0 0 0 0 0 0
7442 7442 7442 7442 7442 8200 7430 7443 5500 3500 7350 2320 7140 7140 7140 7140 7130 7130
7442 7442 7442 7442 7442 7442 7442 7442 7442 7442 7442 7442 7442 7442 7442 7442 7442 7442
0 7442 7442 7442 7442 7442 7442 7442 7442 7442 0 0 0 7442 7442 7442 7442 7442
7442 7446 7442 7442 7446 7441 7446 7442 7442 7420 7442 7442 7442 7442 7442 7442 7442 7442
7442 7442 7442 7442 7442 7442 7442 7442 7442 7442 7442 7442 7442 7442 0 7442 0 7442
0 0 0 0 0 0 0 0 0 0 0 0 0 0 0 0 0 8200
8200 7442 8200 7442 7442 8200 0 0 8400 0 7442 7442 7420 7442 7442 8100 1200 7442
7442 7442 7442 7442 7442 7442 7442 7442 7442 7442 7442 7442 7442 7442 0 7442 7442 0
7442 7442 7442 7442 7442 7442 7442 7442 7442 0 0 0 0 7442 7442 7442 0 0
7442 7442 8100 1200 7200 7442 7350 8200 8200 7442 7442 7442 7442 8200 1300 8200 1100 7200
0 0 7442 7442 7442 7442 7442 7442 7442 7442 7442 7442 7442 7442 7442 0 0 0
7360 7420 7330 7442 7330 7330 7442 7442 7442 8200 7442 7442 7442 7320 8200 7330 7360 8100
0 0 0 0 0 0 0 0 0 0 0 7442 7442 7442 7442 7442 7442 7442
7442 7442 7442 7442 7442 7442 7442 7442 7442 7442 7442 0 0 0 0 0 7442 7442
7442 7442 7442 7442 7442 7442 7442 7442 7442 7442 7442 7442 7442 7442 7442 7442 7442 7442
0 0 0 0 8200 7442 8200 0 0 0 0 0 0 0 0 0 0 0
7420 7310 7360 7320 7330 7350 7442 7442 7330 7420 8100 7442 7350 7350 7360 7320 7350 7330
0 0 0 0 0 0 0 0 0 0 0 0 0 0 8200 0 0 0
7442 7442 7442 7442 7442 7442 7442 7442 7442 1200 7200 5600 3500 3600 0 0 0 0
0 0 0 7442 7442 7442 7442 0 0 0 0 0 0 0 0 0 0 0
7442 7442 7442 7442 7442 7442 7442 7442 8400 7442 7442 7442 7442 7442 0 7442 7442 7442
7442 7442 7442 7442 7442 7442 7442 7442 7442 7442 7442 7442 7442 7442 7442 7442 7442 7442
0 0 0 0 0 0 0 0 0 0 0 7442 0 7442 0 7442 7442 0
0 0 0 0 0 0 0 0 0 0 0 0 0 0 0 0 0 0
7442 7442 7442 7442 7442 7442 7442 7442 7442 7442 7442 7442 7442 7442 7442 7442 7442 7442
0 0 0 0 0 0 0 0 0 0 0 0 0 0 0 0 0 0
7442 8200 7442 0 0 0 8200 0 0 0 0 0 0 0 0 0 0 0
7340 7430 7420 7449 3600 3500 7410 7140 7140 7140 7140 7140 7140 7140 7140 7130 7130 7130
7442 7442 7442 7442 7442 7442 7442 7442 0 0 0 0 0 0 0 0 0 0
0 0 0 0 0 7442 0 0 0 0 0 0 0 0 0 0 0 0
7442 7442 7442 7442 7442 7441 7460 7448 7442 7446 7448 7441 7446 7448 7442 7442 7446 7442
0 0 7442 0 0 0 0 0 0 0 0 0 7442 7442 7430 7443 7449 7443
0 0 0 0 0 7442 7442 7442 7442 7442 7442 7442 7442 7442 7442 8100 7442 7442
7442 7442 7442 7442 7442 7442 7442 7442 7442 7442 7442 7442 7442 7442 7442 7442 7442 7442
7442 7442 7442 7442 7442 7442 7442 7442 7442 7442 7442 0 7442 0 0 7442 7442 0
7442 7442 7442 7442 7442 7442 7442 7442 7442 7442 7442 7442 7442 7442 7442 7442 7442 7442
7442 7420 1200 1200 7330 7430 7200 7449 7449 7410 7410 7140 7140 7140 7140 7140 7140 7140
7442 7442 7442 7442 7442 7442 0 0 0 0 0 0 0 0 0 0 0 7442
8400 7442 7442 7442 7330 7442 7442 7350 8200 7442 7442 7420 8400 8200 1100 7442 8200 0
7442 7442 8100 7420 7350 8100 7442 7442 8100 7442 7442 7442 8100 7442 7442 7442 7360 7442
7442 0 7442 7442 0 0 0 0 0 0 0 7442 7442 0 0 0 0 0
7420 7442 7442 8100 7442 7442 7442 7442 7442 7442 8400 7442 7442 7442 7442 7442 7442 7442
8200 7360 0 7442 0 0 8200 1100 7200 0 0 0 8200 0 0 0 7442 7442
7442 7442 7442 7442 7442 7442 7442 8400 7442 7442 7442 7442 0 7442 7442 7442 7442 7442
0 0 0 0 0 0 0 0 0 7442 0 0 0 0 0 8200 0 0
0 0 0 7442 0 0 0 0 0 0 0 0 0 0 0 0 0 0
7442 7442 7442 7442 7442 7442 7442 0 0 7442 7442 7442 7442 7442 7442 7442 7442 7442
7442 7442 7442 7442 7442 7442 7442 7442 7442 7442 7442 7442 7442 7442 7442 7442 7442 7442
7350 7420 7442 7350 7442 7442 7420 7442 7442 7420 7442 7442 7442 7350 7442 7442 7442 7442
7442 7442 7442 7442 7442 7442 7442 7442 7442 7442 7442 7442 7442 7442 7442 7442 7442 7442
0 0 0 0 0 0 0 7442 0 0 0 7442 7442 7442 7442 7442 7442 7430
7442 0 0 7442 7442 7442 0 7442 7442 8200 0 7442 7442 7442 7442 7442 7442 7442
7442 7442 7442 7442 7442 7442 7442 7442 7442 7442 7442 7442 7442 7442 7442 7442 7442 7442
7442 7442 0 7442 7442 7442 0 7442 8100 7442 7442 0 0 7442 7442 0 0 7442
7442 7442 7442 7442 7442 7442 7442 7442 7442 7442 0 0 0 0 0 0 0 0
7442 7442 7442 7420 7443 7442 7420 7442 7442 7442 7442 7442 7442 7442 7442 7442 7442 7442
7442 8100 8100 7442 7442 7442 7445 7420 7442 7442 7442 7442 7442 7442 7320 7442 7442 7442
7442 7442 7442 7442 7442 7442 7442 0 0 7442 7442 7442 7442 7442 7442 7442 0 0
7442 7350 7320 7442 8100 7442 7442 7442 7442 7442 7442 7320 7442 7442 7442 7442 7442 7441
0 7442 7420 7442 7442 7442 8400 7442 7360 8400 0 7442 8400 8100 7442 8400 7330 7360
7442 7442 7442 7442 7442 8100 7320 7442 7442 7442 7420 8200 1100 7200 5300 3500 3600 0
7442 7442 7442 7442 7442 7320 7442 0 0 0 0 0 0 0 0 0 0 0
7442 7442 7442 7442 7442 7442 7442 7442 7442 7442 7442 7442 7442 7442 7442 7442 7442 7442
7442 7320 7442 7442 7442 7442 7442 7442 7442 7442 7442 7442 7442 7442 7442 7442 7442 7442
7442 7442 7442 7442 7442 7442 7442 7442 7442 7442 7442 7442 7442 7442 7442 7442 7442 7442
7442 7442 7442 7430 7200 7442 7442 7442 7442 7442 7420 7442 7442 7442 7350 7442 7442 7420
0 1100 7200 5300 3500 3600 7110 7110 7110 7110 0 0 0 0 0 0 0 0
7442 7442 7442 0 0 0 0 7442 0 0 0 0 0 0 7442 7442 0 0
7442 7442 7442 7442 7442 7442 7442 7442 7442 7442 7442 7442 7442 7442 7442 7442 7442 7442
7442 7442 7442 7442 7442 7442 7442 7442 7442 7442 7442 7442 7442 7442 7442 7442 7442 7442
7442 7460 7446 7442 7442 7442 7442 7442 7442 7442 7442 7442 7442 7442 7442 7442 7442 7442
7442 7442 7442 7442 7442 7442 7442 7442 7442 7442 7442 7442 7442 7420 7442 7420 7442 7442
7310 7310 7442 8100 8100 1200 7443 7410 7140 7140 7140 7140 7140 7140 7140 7140 7140 7140
7442 7442 7442 7442 7442 7442 7442 7442 7442 7442 7442 7442 7442 0 7442 7442 7442 7442
7442 7442 7442 7442 7442 7442 7442 7442 7442 7442 7442 7442 7442 7442 7442 7442 7442 7442
7442 7420 7442 7442 7420 7350 7442 7442 7320 7442 7442 7442 7442 7442 7442 7442 7442 7442
7442 7442 7442 7442 7442 7442 7442 7442 7442 0 7442 7442 7442 0 7442 7442 7442 7442
0 0 0 0 0 0 0 7442 7442 0 0 0 0 0 0 0 0 0
7442 7442 7442 7442 7442 7442 7442 7442 7442 7442 7442 7442 7442 7442 7442 7442 7442 7442
7442 7442 7442 7442 7442 7442 7442 7442 7442 7442 7420 7442 7442 7442 7442 7442 7442 7442
8200 0 7442 7442 7442 7442 7442 7442 7442 7442 7442 7442 7442 7442 7442 7442 7442 0
7442 7330 8400 7442 7442 7442 7442 8200 7442 8200 7442 7441 0 0 0 0 0 0
7442 7442 7442 7442 7442 7442 7442 7442 7442 7442 7442 7442 7442 7442 7442 7442 7442 7442
0 0 0 0 0 0 8200 0 0 0 0 0 0 0 0 0 0 0
7442 7442 7442 7442 7442 7442 7442 7442 7442 7442 7442 7442 7442 7442 7442 7442 7420 7442
0 0 0 0 0 0 8200 7442 0 0 0 7442 0 7442 7442 8400 7442 7442
8200 8200 0 0 0 0 0 0 0 0 0 0 0 0 0 0 0 8200
7442 7442 7442 7442 7442 7442 7442 7442 7442 7442 7442 7442 7442 7442 7442 0 0 0
0 0 0 0 0 0 0 8200 4000 7200 5300 3500 3600 7140 7110 7110 7110 7110
1100 0 0 0 0 0 0 0 0 0 0 0 0 0 0 0 0 0
7442 7442 7442 7442 7442 7442 7442 7442 7442 7442 7442 7442 7442 1100 7200 5300 7442 7450
0 0 0 0 0 0 0 0 0 0 0 0 0 0 0 0 0 0
8200 8400 0 0 8200 7442 0 0 7442 8200 1200 0 7442 8200 8400 1200 7200 5300
7442 7442 7442 7442 7442 7442 7442 7442 7442 7442 7442 7442 7442 7442 0 0 0 7442
0 0 0 0 0 0 0 0 7442 7442 7442 7442 7442 0 0 0 0 0
7442 8200 7442 7442 7442 0 0 0 0 0 0 0 0 7442 7442 1100 0 0
7442 8100 7442 7442 7442 7442 7442 7442 7442 7442 7442 7442 7442 7442 7442 7442 7442 7442
0 0 0 7442 0 0 7442 0 7442 0 0 0 0 7442 7442 0 7442 7442
7441 8200 8200 7442 7442 8200 0 7442 8200 0 0 0 0 0 0 0 0 0
7442 7442 7442 7442 7442 7442 7442 7442 7442 7442 7442 7442 7442 7442 7442 7442 7442 7442
0 0 0 0 0 0 0 0 0 7442 7442 0 0 7442 7442 7442 7442 7442
7442 7442 7442 7442 7442 7442 7442 7442 7446 7442 7442 7442 7442 7442 7442 7442 7442 7442
7442 0 0 0 0 0 0 0 0 0 0 0 0 0 0 0 0 0
0 0 7442 0 0 0 0 0 0 0 0 0 0 0 7442 7442 7442 7420
7442 7330 7330 7442 7442 7442 8400 7442 7442 7442 7330 7442 7442 7442 7442 8100 7442 7442
8100 8400 7350 7350 7420 7442 7442 7442 7442 7442 7442 0 0 0 0 7442 7442 0
7442 8200 7442 7442 7442 7442 7442 7442 0 7442 7442 7442 7442 0 7442 0 0 0
0 0 0 0 0 0 0 0 0 0 0 7442 7442 0 7442 7442 0 7442
0 0 0 0 0 0 7442 7442 7442 7350 7442 7442 7442 7442 7442 7442 7442 7442
7442 7442 7442 7442 7442 7442 7442 7442 7442 7442 7442 7442 7442 7442 7442 7442 7442 7442
7442 7442 7442 7442 7442 7442 7442 7442 7442 7442 7442 7442 7442 7442 7442 7442 8100 7442
0 0 0 0 0 0 0 0 8200 0 0 0 0 0 0 0 0 0
7445 7442 7442 7330 1200 1200 7442 7442 7442 7442 7442 1100 1100 7200 7442 1100 7200 7442
7442 7442 0 0 0 7442 7442 0 7442 0 7442 7442 7320 7442 7442 0 0 7442
7442 8400 1100 7200 3500 3600 7110 7110 7110 7110 7110 7110 7110 7130 7130 7130 7130 7130
1100 0 0 0 0 0 0 0 0 0 0 7442 7442 7442 7442 7442 7442 7442
7442 7442 7442 7442 7442 7442 7442 7442 7442 7442 7442 7442 7442 7442 7442 7442 7442 7442
7442 7442 7442 7442 7442 7442 7442 7442 7442 7442 7442 7442 7442 7442 7442 7442 7442 7442
0 0 0 0 0 0 7442 7442 7442 7442 7442 7442 7442 7442 7442 7442 8100 8100
7330 8400 7442 7441 7442 7330 7442 7442 7442 7442 7442 7360 7442 7442 7442 7442 7442 7442
7442 7446 7442 7442 7442 7442 7442 7442 7442 7441 7441 7460 7446 7448 7442 7442 7442 7442
0 0 0 0 0 0 0 0 0 0 0 7442 7442 7442 7442 7442 7442 7420
7442 7442 7442 7442 7442 7442 7442 7442 7442 7442 7442 7442 7442 7442 7442 7442 7442 7442
7442 7442 7442 7442 7442 7442 7330 7442 7442 7442 7442 7442 7442 7420 7340 7350 7442 7410
7442 7443 7443 7443 7442 7442 7442 7442 7442 7442 7442 7442 0 0 0 7442 7442 7442
7442 7442 7442 7442 7442 7442 7442 0 7442 0 0 0 0 0 0 0 0 0
7442 7442 8400 0 0 7442 0 7442 8200 7442 8200 0 8200 0 0 0 0 0
7442 7442 7442 7442 0 7442 7442 7442 7442 7442 7442 7442 7442 7442 7442 7442 7442 7442
7442 7420 8100 7330 1200 1100 7200 5300 3500 0 0 0 0 0 0 0 0 0
7442 7442 7442 7442 7442 7442 7442 7442 7442 7442 7442 7442 7442 7442 7442 0 0 0
7442 0 0 0 0 0 0 0 0 0 0 0 0 0 0 7442 0 0
0 7320 7442 8100 7442 7330 7420 8100 7360 8400 7430 8100 7442 8200 7442 7443 8100 8400
7442 7442 7442 7442 7442 7442 7442 7442 7442 7442 7442 7442 7442 7442 7442 7442 7442 7442
0 7442 7442 7350 8200 7200 5300 0 0 0 0 0 0 0 0 0 0 0
7442 5500 3500 7443 7410 7140 7110 7110 7110 7410 7140 7130 7110 7110 7110 7110 7110 7110
0 0 0 8200 0 0 0 0 0 0 0 0 0 0 0 0 0 0
0 0 0 0 0 0 0 0 8200 0 0 0 8200 0 0 0 0 0
7442 7442 7442 7442 7442 7442 7441 7442 7442 7442 7442 7442 7442 7442 7442 7442 7442 7442
7442 7442 7442 7442 7442 7442 7442 7442 7442 7442 7442 7442 7442 7442 7446 7430 7430 7443
7442 8200 1100 7200 7449 3600 7120 7110 7350 7442 7442 7442 7442 7140 7445 7443 7420 7410
0 0 0 7442 7442 7442 7442 7442 7442 7442 7442 7442 0 0 7442 0 0 0
7442 8200 1100 7200 3500 3600 7110 7110 7110 7110 7110 7110 7110 7110 7110 7110 7110 7130
7442 7442 7442 7442 7442 7442 7442 7442 0 0 0 0 0 0 0 0 0 0
0 0 0 0 8200 0 0 0 0 0 0 0 7442 8200 1100 0 0 0
0 0 0 0 0 0 7442 0 0 0 0 0 0 0 0 0 0 0
7442 7446 7448 7442 7442 7442 7442 7442 7442 7442 7442 7442 7442 7442 7442 7442 7442 7442
8200 1100 7442 7442 0 7442 7442 0 0 0 0 0 0 0 0 0 0 0
0 0 7442 7442 7442 7442 7442 7442 8400 7442 7442 7442 7442 7442 7442 0 7442 7442
0 0 0 0 0 0 0 8200 0 0 0 0 0 0 0 0 0 0
7350 8100 7320 7442 7320 7442 7442 7442 7442 7442 7442 7442 7442 7442 7320 7442 7442 7442
0 0 7442 7442 7442 7442 7442 7442 7442 7442 7442 7442 0 7442 7442 7442 7442 7442
0 0 0 0 0 0 0 8200 0 0 0 0 0 0 0 0 0 0
7442 7442 7442 7442 7442 7445 7442 7442 7442 7442 7442 7442 7442 7442 7442 7442 7442 7442
0 0 7442 7442 7442 7442 7442 0 0 0 0 0 0 0 0 0 0 0
7442 8200 8400 8200 8200 8100 8100 0 0 7442 7442 7442 7320 7330 8200 7442 0 0
7442 7442 7442 7442 7442 7442 7442 7442 7442 7442 7442 7442 7442 7442 7442 7442 7442 7442
7442 0 0 7442 0 0 0 0 7442 0 0 0 7442 7442 0 0 0 0
0 0 0 0 0 0 0 0 0 0 0 0 0 0 0 0 0 0
7442 0 0 0 0 0 0 7442 7442 7442 7442 7442 7442 7442 7442 7442 7442 7442
0 0 0 0 0 0 0 0 0 0 0 0 0 0 0 8200 0 0
0 0 0 0 0 7442 7442 7442 0 0 7442 7442 7442 0 0 0 0 7442
0 0 0 0 0 0 7442 7442 7442 7330 7442 0 0 0 0 0 7442 8200
7442 7442 7350 7442 7442 7442 7442 7420 7442 7442 7442 7420 7350 7442 7442 7442 7420 7442
0 0 0 7442 8200 1100 7200 5300 3500 3600 7110 7110 7110 7110 7110 7110 7410 7140
7442 7350 7430 7420 8100 7200 7420 7449 7410 7410 7140 7140 7140 7130 7140 7140 7140 7140
0 0 0 0 0 7442 7442 7442 7442 7442 7442 7442 7442 7442 0 0 7442 0
7442 7442 7442 7442 7442 7442 7442 7442 7442 7442 7442 7442 0 7442 7442 0 7442 0
7442 7350 7430 7442 7442 7442 7442 7410 7410 7410 7410 7410 7410 7410 7410 7410 7350 7320
7442 7442 7442 7442 7442 7442 7442 7442 7442 7442 7442 7442 7442 7442 7442 7442 7442 7442
7442 7442 8200 7200 5300 3500 3600 7110 7110 7110 7110 7110 7110 7110 7110 7110 7110 7110
7442 7442 7442 7442 7442 7442 7442 7442 7442 7442 7442 7442 7442 7442 7442 7442 7442 7442
0 0 0 0 7442 7442 7442 7442 7442 7442 7442 7442 7442 7442 7442 7442 7442 7442
7442 7442 7442 7442 7442 7442 7442 7442 7442 7442 7442 7442 7442 7442 7442 7442 7442 0
0 0 0 0 0 0 0 8200 0 8200 7200 0 8200 0 0 0 0 0
0 0 0 0 0 0 0 7442 8200 0 7442 7442 0 0 0 0 0 0
7442 0 7442 7442 0 0 0 0 0 0 0 0 0 0 0 0 0 0
7442 7442 7442 7442 7442 7442 7442 7442 7442 7442 7442 7442 7442 7442 7442 7442 0 7442
7442 7442 7442 7442 7442 7442 7442 7442 7442 7442 7442 7446 7442 7442 7446 7442 7442 7442
7442 7442 7442 7442 7442 7420 7442 7442 7442 7442 7430 7442 7442 7442 7442 7442 7442 7442
0 0 0 0 0 0 0 7442 0 7442 0 7442 0 0 7442 7442 7442 0
0 0 7442 7442 7442 0 0 0 0 0 0 7442 8200 7442 7442 0 0 0
0 7442 7442 7442 7442 7442 7442 7442 7442 8400 7442 7442 7442 7442 7350 7442 7442 7442
0 0 0 0 0 7442 0 7442 7442 8200 7442 7442 7442 0 7442 0 7442 0
7442 7442 7442 7442 0 0 0 0 0 0 7442 0 7442 8200 1200 7200 7200 5300
7442 7442 7420 7442 7442 7442 7442 7442 7442 7442 7442 7442 7442 7442 7442 7442 7442 7442
7442 7441 7442 7442 7442 7442 7442 7442 7442 7442 7442 7442 7442 7442 7442 7442 7442 7442
0 7442 0 0 0 0 0 0 0 0 0 0 0 0 0 0 0 7442
7442 7442 7442 7442 7442 7442 7442 7442 7442 7442 7442 7442 7442 7442 7442 7442 7442 7442
7442 0 7442 7442 0 7442 7320 0 0 0 0 7442 7442 7442 7442 0 0 0
0 0 0 0 0 0 0 0 0 0 0 0 0 0 0 0 0 0
7442 7442 0 0 7442 0 0 0 8100 7442 7442 7442 7442 7442 7442 7442 7442 8200
7442 0 7442 7360 7442 7330 7442 7442 7442 7350 8200 7430 8400 7200 0 0 0 0
0 0 0 0 0 7442 0 7442 0 0 0 0 0 0 0 0 0 0
7442 7442 7442 7442 7442 7442 7442 7442 7442 7442 7446 7442 7442 7442 7442 7442 7442 7442
0 7442 0 0 0 0 7442 7442 0 0 0 7442 7442 7442 8200 7442 7442 7442
8200 7442 7442 8100 7442 7442 7442 7442 7442 7442 7442 7442 7442 0 0 7330 0 0
7442 7442 7442 7442 7442 7442 8400 0 7442 7442 7442 7420 7442 7442 7442 7442 7442 7442
7442 7442 7442 7442 7442 7442 7442 7442 7442 7442 7442 7442 7442 7442 7442 7442 7442 7442
0 7442 7442 0 0 0 7442 7442 7442 7442 7442 7442 7442 7442 7442 7442 7442 0
7442 7442 7442 7442 7442 7442 7442 7442 7442 7441 7446 7448 7442 7442 7442 7442 7442 7442
7442 7442 0 0 7442 7442 7442 7442 7442 7442 7442 7442 7442 7442 7442 7442 0 0
7442 7442 7442 7442 7442 7442 7442 7442 7442 7442 7442 7442 7442 7442 7442 7442 7442 7420
0 0 0 0 0 0 0 8200 0 8200 0 0 0 0 0 7442 0 7442
7442 7442 7442 7442 7442 7442 7442 7442 7442 7442 7442 7442 7442 7442 7420 7350 7442 7442
7442 7442 7360 7442 7442 7442 7442 7442 7442 7420 7442 7442 7442 7420 7442 7442 7420 7330
7442 7442 7442 7442 7442 7442 7442 7442 7442 7442 7442 7442 7442 7442 7442 7330 7442 7442
7442 7442 7442 7442 7442 7442 7442 7442 7442 7442 7442 7442 7442 7442 7442 7442 7442 7442
7442 7442 7442 7442 7442 7442 7442 7442 7442 7442 7442 7445 7442 7442 7442 7442 7442 7442
0 0 0 7442 7442 7442 7442 7442 7442 7442 0 0 0 0 0 0 0 0
7442 7442 0 7442 7350 7442 8100 7442 7442 7420 7420 7420 7420 8200 0 7442 8200 7442
7442 7442 7442 7442 7442 7442 7442 7442 7442 7442 7442 7442 7442 7442 7442 7442 7442 7442
7442 7442 7442 7442 7442 7442 0 0 7442 7442 0 0 0 0 0 7442 7442 7442
7442 7442 7442 7442 7442 7442 7442 7442 7442 7442 7442 7442 7442 7442 7442 7442 7442 7442
7442 7310 7430 7443 7449 7449 3600 7140 7140 7140 7140 7140 7140 7140 7140 7140 7130 7130
7442 7442 7442 7442 7442 7442 7442 7442 7442 0 0 0 0 0 0 0 0 0
7442 7442 7442 7442 7442 7442 7442 7442 7442 0 7442 7442 7442 7442 7442 7442 7442 7442
0 0 0 0 0 0 0 7442 7442 0 0 0 0 0 0 0 0 0
7330 8400 0 7442 8400 7442 8100 7442 7442 7360 8200 7442 8400 7442 8100 7420 7442 7442
7442 7442 7442 7442 7442 7442 7442 7442 7442 7442 7442 7442 7442 7442 7442 7442 7442 7442
7442 7330 1200 0 3500 7410 7140 7110 7110 7410 7140 7140 7140 7140 7140 7140 7140 7140
7442 7442 7442 7442 7442 7442 7442 7442 7442 7442 7442 7442 7442 7442 7442 7442 7442 7442
7442 7442 7442 7442 7442 7442 7442 7442 7442 7442 7442 7442 7442 7442 7442 7442 7442 7442
7442 7442 7442 7442 7442 7442 7442 7442 7442 7442 7442 7442 7442 7442 7442 7442 7442 7442
0 8200 7442 7442 7442 7442 0 7442 8100 7442 7420 1100 8200 7442 7330 8100 7320 8400
7442 7442 7442 7442 7442 7442 7442 7442 7442 7442 7442 7442 7442 7442 7442 7442 7442 0
7442 7442 7442 7442 7442 7442 7442 7442 7442 7442 7442 7442 7442 7442 7442 7442 7442 7442
7442 7442 7442 7442 7442 0 7442 7442 7442 7442 7442 7442 7442 7442 7442 0 0 7442
7442 7442 7442 7442 0 7442 7442 7442 7442 7442 7442 7442 7442 7442 7442 7442 7442 7442
0 0 0 0 7442 7442 7442 7442 7442 7442 7442 7442 7442 7442 7442 7442 7442 7442
7442 7360 1200 7200 3500 7442 7110 7110 7110 7110 7110 7110 7110 7110 7110 7110 7110 7110
0 0 0 7442 7442 7442 7442 7442 7442 7442 0 7442 0 7442 8200 1100 7200 5300
7442 7442 7442 7442 7442 7442 7442 1100 0 0 0 0 0 0 0 0 0 0
7442 7442 7442 7442 7442 0 7442 7442 7442 7442 7442 7442 7442 7442 7442 7442 0 7442
7442 0 7442 0 7442 7442 7442 0 7442 0 7442 7442 0 7442 0 0 0 0
7442 7442 7442 7442 0 0 7442 7442 0 0 7442 7442 0 0 7442 0 7442 7442
7442 7442 7442 7442 7442 7442 7442 7442 7442 7442 7442 7442 7442 7442 7442 7442 7442 7442
7442 7442 7442 7442 7442 7442 7442 7442 7442 7442 0 0 0 0 0 0 0 0
7442 7442 7442 7442 0 7442 7442 7442 7442 7442 0 0 7442 7442 7442 0 0 7442
7442 7442 7442 7442 7442 7442 7442 7442 7442 7442 7442 7442 7442 7442 7442 7442 7442 7442
0 0 0 0 0 0 0 0 0 0 7442 7442 7442 0 0 0 7442 7442
0 0 0 8200 0 0 0 0 0 0 0 0 0 0 0 0 0 0
7442 7442 7442 7442 7442 8400 7442 7442 7442 7330 7442 7442 7442 7442 7442 7442 7442 7442
7442 8200 1100 7200 3500 3600 7110 7110 7110 7110 7410 7410 7410 7410 7140 7420 7410 7140
7442 7420 8400 7442 7320 8100 7330 8100 7330 7350 1200 8100 7200 8400 1100 7200 8400 1100
0 0 0 0 0 0 0 0 0 7442 7442 7442 7442 7442 7442 7442 7442 7442
0 0 0 0 0 0 7442 0 0 0 0 0 7442 0 0 0 0 0
8200 7442 8100 7330 8200 7442 8100 7442 7442 8200 0 0 0 0 0 0 0 0
7442 8200 0 0 0 0 0 0 0 0 0 0 0 0 0 0 0 0
0 0 0 0 0 0 0 0 0 7442 7442 0 0 0 0 0 0 0
0 0 0 0 7442 7442 7442 7442 0 7442 7442 7442 7442 7442 7442 0 7442 7442
0 0 0 0 0 0 0 7442 0 0 0 0 0 0 0 0 0 0
7442 7420 7442 7442 7442 7442 7442 7442 7442 7442 7442 7442 7442 7442 7442 7420 7442 7442
7320 7310 7310 7430 7340 7410 7140 5500 7130 5500 7410 7410 0 7320 0 7442 7442 7442
7442 7310 7430 7442 7442 7443 7442 7420 7445 7441 7442 7442 7442 7442 7442 7442 7442 7442
7442 7442 7442 7442 7442 7442 7442 7442 7442 7442 7442 7442 7442 7442 7442 7442 7442 7442
7442 7442 7442 7442 7442 7442 7442 7442 7442 7442 7442 7442 7460 7442 7442 7442 7442 7442
7442 7442 7442 7442 7442 7442 7442 7442 7442 7442 7442 7442 7442 7442 7442 7442 0 7442
7442 7442 8200 7442 8200 1100 7442 8200 7442 8200 1200 8200 7442 8200 7442 7330 8200 7442
0 0 0 0 0 0 0 8200 0 0 0 0 0 0 0 0 0 0
7420 7442 7442 7442 7420 7442 7442 7442 7442 7442 7442 7420 7442 7442 7442 7442 7442 7442
0 7442 7442 7442 7442 7442 7442 7442 7430 7442 7442 7442 7442 7442 7442 7442 0 0
0 0 0 0 0 0 0 7442 7442 7442 0 0 0 0 0 0 0 0
8200 7442 8100 0 0 7442 7442 7442 7442 7442 7442 7350 8400 8100 7442 0 7442 7442
7442 7442 7442 7442 7442 7442 7442 7442 7442 7442 7442 7442 7442 7442 7442 7442 7442 7442
0 0 0 0 0 0 0 0 0 0 0 0 0 7442 7320 7442 0 7442
7442 7442 1100 1100 7200 7442 0 0 7442 7442 1100 7200 0 0 0 0 0 0
0 0 0 0 0 0 7442 0 0 0 0 7442 8100 0 0 0 0 7442
0 0 7442 0 7442 8400 7442 7442 7442 7442 7442 7442 7442 8100 7442 7420 7442 7360
7442 7442 7442 7442 7442 7442 7442 7442 7442 7442 7442 7442 7442 7442 7442 7442 7442 7442
7442 7442 7442 7442 7442 7442 7442 7442 7442 7442 7442 7442 7442 7442 7445 7442 7442 7442
0 0 0 7442 7442 7442 0 7442 7442 7442 7442 0 0 7442 0 0 0 7442
0 7442 7442 0 7442 0 7442 8400 8200 0 7442 7442 8200 7442 8200 7442 8200 0
0 0 0 0 0 0 0 0 0 0 0 0 0 0 0 0 7442 7442
0 0 0 0 0 0 0 0 0 0 0 0 0 0 0 7442 7442 0
7442 7442 7442 7320 7350 7442 7420 7445 7442 7420 7442 7442 7420 7442 7442 7442 7442 7442
7442 7442 7442 7442 7442 7442 7442 7442 7442 7442 7442 7442 7446 7442 7442 7442 7442 7442
0 0 0 0 0 0 0 0 0 0 0 0 0 0 0 0 0 0
0 7442 7442 0 7442 7442 7442 7442 7442 7442 7442 0 7442 7442 7442 7442 7442 7442
7442 7442 0 7442 7442 7442 7442 7360 8100 7442 7442 7442 7442 7442 7442 7442 7442 7442
7442 7442 7442 7442 7442 7442 7442 7442 7442 7350 7442 7442 7442 7442 7330 7420 7442 7442
0 0 0 0 8200 0 0 0 0 0 0 0 0 8100 8200 8200 0 8200
7442 8400 7442 7442 7442 7442 7442 7442 7442 7442 7442 7442 7442 7442 7442 7442 7330 7442
7442 7442 7442 7442 7442 7330 7442 7442 7442 1100 0 0 0 0 0 0 0 0
7442 7442 7442 7442 7442 7442 7442 7320 0 7442 7442 7442 7442 7442 7442 7442 7442 7442
0 0 0 0 0 0 0 0 0 0 0 0 0 0 0 0 0 0
0 0 7442 7442 7442 0 7442 7442 0 0 0 7442 7442 7442 8400 7442 7442 7442
0 7442 7442 7442 7442 7442 7442 7442 7442 7442 7442 7442 7442 0 0 0 0 7442
7442 0 0 0 0 0 7442 0 0 7442 7442 0 0 7442 7442 7442 7442 7442
7442 7442 1200 7442 7442 7442 0 0 0 7442 7442 7442 8200 7442 7442 7442 7442 7442
0 0 0 0 0 0 0 0 0 7442 0 7442 0 0 7442 0 7442 7442
8400 7442 8200 7442 0 7442 7442 8200 7442 7442 7442 0 7442 7442 0 0 0 0
7442 7442 7442 7442 7442 7460 7448 7442 7442 7442 7442 7442 7442 7442 7442 7442 7442 7442
7442 7420 8100 7320 7442 7442 7442 7420 7442 7360 7442 7442 8200 7442 7442 7442 7442 8200
7442 7442 7442 7442 7442 7442 7442 7442 7442 8400 7430 7443 5500 7330 8400 0 0 7442
0 0 0 0 0 0 0 0 0 8200 0 0 0 0 0 0 0 0
7442 7442 7442 7442 7442 7442 7442 7442 7442 7442 7442 7442 7442 7442 7442 7442 7442 7442
0 0 7442 7442 7442 7442 0 7442 7442 7442 7442 7442 7442 0 7442 0 0 0
0 7442 0 0 0 7442 7442 0 0 0 0 0 0 0 0 0 0 0
7442 7442 0 0 7442 0 8200 1100 8200 7442 0 7442 7320 8200 1100 7442 7420 7442
7442 7442 0 7442 7442 7442 0 7442 7442 7442 7442 7442 7442 7442 7442 7442 0 0
7442 7442 7442 7442 7442 7442 7442 7442 7442 7442 7442 7442 7442 7442 7442 7442 7442 7442
7442 7442 7442 7442 1100 0 7442 7442 7442 7442 7442 7442 7442 7442 7442 7442 7430 7320
7442 7442 7442 7442 7442 7442 7442 7442 7442 7442 7442 7442 0 7442 7442 7442 7442 7442
0 0 0 7442 7442 7442 7442 7442 7442 0 0 7442 7442 0 0 0 0 0
7442 7442 7442 7442 7442 7442 7442 7442 7442 7442 7442 7442 7442 7442 7442 7442 7442 7442
7360 8400 7442 7442 7442 7420 7420 7442 7442 7442 7442 7420 7442 7330 7442 7442 7420 7442
7200 7200 5600 1200 7420 7140 5600 7430 7340 7410 7430 7200 5500 5300 5500 3500 3600 7110
7442 7442 7442 7442 7442 7442 7442 7442 7442 7442 7442 7442 7442 7442 7442 7442 7442 7442
7442 7442 0 7442 7442 7442 7442 8200 7442 7442 7442 7442 7442 7442 7442 0 7442 0
7320 7330 7350 7442 7442 7442 7442 7442 7442 7442 7442 7442 7442 7442 7442 7442 7442 7442
7442 7442 7442 7442 7442 7442 7442 7442 7442 7442 7442 7442 7442 7442 7442 7442 7442 7442
0 0 0 0 7442 0 7442 0 7442 0 7442 7442 0 0 0 7442 0 0
7442 7442 7442 7442 7442 7442 7442 0 0 7442 7442 7442 7442 7442 7442 7442 7442 7442
7442 7442 7442 7442 7442 7442 7442 7350 7442 7442 7442 7442 7442 7320 7442 7442 7442 7442
7442 7442 0 7442 0 0 0 7442 7442 0 0 0 0 0 7442 0 0 0
0 0 0 0 0 0 0 0 0 0 0 0 0 0 0 0 0 0
0 0 0 0 0 0 0 0 7442 8400 7442 7330 8200 7442 0 0 0 7442
7442 7442 7442 7442 7442 7442 7442 7442 7442 7442 7442 7442 7442 7442 7442 7442 7442 7442
7360 7320 7442 8100 7420 8100 7360 7360 7310 7320 7320 8400 7420 7360 8100 7330 8200 7442
7442 7442 7442 7442 7442 7442 7442 7442 7442 7442 7442 7442 7442 7442 7442 7442 7442 7442
7442 7442 7330 8100 7360 7442 7442 8400 7442 7442 8400 0 7442 8400 7442 8400 7442 7442
0 0 0 0 0 0 0 0 0 0 0 7442 7442 7442 7442 7442 7442 7442
7442 7442 7442 7442 7442 7442 7442 7442 7442 7442 7442 7442 7442 7442 7442 7442 7442 7442
7442 7442 7442 7442 7442 7442 7442 7442 7460 7442 7442 7442 7442 7442 7442 7442 7442 7442
7442 7442 7442 7442 7442 7350 7442 7442 7442 7442 7442 7442 7442 7442 7442 7442 7442 7442
0 7442 7442 0 7442 8200 7442 7442 8200 7442 7360 7442 8200 7442 8200 7442 7442 8200
7442 7442 7442 7442 7442 7442 7442 7442 7442 7442 7442 7442 7442 7442 7442 7442 7442 7442
0 0 0 0 0 0 0 0 0 8200 0 0 0 0 0 0 0 0
7442 7442 7442 7442 7442 7442 7442 7442 7442 7442 7442 7442 7442 7442 7350 7442 7442 7442
7442 7442 7442 7442 7442 7442 7442 7442 7442 7442 7442 7442 7442 7442 7442 7442 7442 7442
7442 7350 7442 7442 7320 7420 7442 7320 7310 7442 7442 8400 7420 8400 7442 0 7442 7360
8400 0 0 0 0 0 0 0 0 0 0 0 0 0 0 0 0 0
0 0 0 0 0 0 8200 0 0 0 0 0 0 0 0 0 0 0
0 7442 7442 7442 7442 7442 7442 8100 8100 7442 0 0 7442 7442 7330 7442 7430 7442
7442 7442 7320 7442 7442 7442 7442 7420 7445 7442 7442 7442 7442 7442 7442 7442 7442 7442
7442 7442 7442 7442 7442 7442 7442 7442 7442 7442 7442 7442 7442 7442 7442 7442 7442 7442
0 0 0 0 7442 7442 7442 0 0 7442 7442 7442 0 7442 0 7442 7442 7442
7442 7442 7442 7442 8200 7442 7442 7442 7442 7442 7442 7442 7442 7442 7442 7442 7442 7442
0 0 8200 0 0 0 0 0 0 0 0 0 0 0 0 0 0 0
7442 0 7442 7442 0 7442 0 0 0 7442 0 0 0 0 0 0 0 0
7442 7442 7442 7420 7445 7442 7442 7442 7442 7445 7442 7442 7442 7442 7442 7442 7442 7442
0 7442 7442 7442 7442 7442 0 0 0 0 0 0 0 0 0 0 7442 0
7442 7442 7442 7442 7442 7442 7442 7442 7442 7442 7442 7442 7442 7442 7442 7320 7442 7442
0 0 0 7442 7442 7442 7442 7442 7442 7442 7442 7442 0 0 0 7442 7442 8200
0 0 0 0 7442 0 0 0 0 0 0 0 0 0 0 0 0 0
7442 7442 7442 7442 7442 7442 7442 7442 7420 7442 7420 7442 7442 7442 7330 7330 7442 7442
7442 7442 7420 7442 7442 7442 7442 7442 7442 7442 7442 7442 7442 7442 7442 7442 7445 7420
0 0 0 0 0 0 0 0 0 0 0 8200 0 0 8200 1100 0 8200
7442 7442 7442 7442 7442 7442 7442 7442 7442 7442 7442 7442 7442 7442 7442 7442 7442 7442
7442 7442 1100 0 7442 8200 1100 0 0 7442 7442 7442 7320 7442 8200 0 0 0
7442 8200 1100 0 7442 7442 7442 7442 7442 7442 0 7442 7350 8200 7442 7350 8100 8200
7460 7442 8100 8200 0 7442 8200 7442 7442 7442 7442 7442 0 0 0 0 0 0
0 0 0 7442 7442 7442 7442 7442 7442 7320 7442 7442 7442 7442 7442 7442 0 0
0 0 0 0 0 0 0 7442 7442 7442 7442 7442 7442 7442 7442 7442 7442 7442
0 0 0 0 7442 7442 7442 7442 7350 7330 8200 0 7442 8100 7420 8100 7442 7442
7442 7442 7442 7442 7442 7442 7442 7442 7442 7442 7420 7442 7350 7350 7442 7442 7442 7442
0 8200 0 0 0 0 0 0 0 0 0 0 0 0 0 0 0 0
0 0 0 0 0 0 0 0 8200 0 0 0 0 0 0 0 0 0
0 0 0 7442 7442 7442 8200 1100 7200 0 0 0 0 0 0 0 0 0
7420 7420 7310 7420 7442 7420 7350 7420 7350 7330 7360 7320 8200 8200 0 7442 7442 7442
0 0 0 0 7442 7442 7442 7442 7442 7442 7442 7442 7442 7442 7442 7442 7442 7442
7420 7442 7442 7442 7441 7442 7442 7445 7442 7442 7442 7442 7442 7442 7442 7442 7442 7442
7310 7320 7442 7330 8400 7350 7420 7350 8100 7442 7442 7442 7360 7442 7330 8200 7442 0
0 0 0 0 0 0 8200 7442 0 0 7442 8200 0 7442 8200 7200 5500 3500
0 0 7442 7442 7442 7442 7442 0 0 0 0 0 0 0 0 7442 7442 0
0 0 0 0 7442 7442 7442 7442 7442 7442 7442 7442 7442 7442 7442 0 0 0
7442 7442 7360 8400 1200 7200 5500 3500 3600 7130 7130 7130 7110 7110 7110 7110 7110 7110
0 0 0 0 0 0 7442 7442 0 0 0 0 0 0 0 0 0 0
7442 7442 7442 7442 7442 7442 7442 7442 7442 7442 7442 0 0 7442 7442 0 7442 7442
7442 7442 0 0 7442 7442 7442 7442 7442 7442 7442 7442 7442 7442 0 7442 7442 7442
7442 7330 7442 7360 7442 7442 7442 7330 7442 7442 7442 7442 7442 7420 7442 7442 7442 7350
7442 7442 7442 7442 7442 7442 7442 7442 7442 7442 7442 7442 7442 7442 7442 7442 7442 7442
7442 7442 7442 0 7442 7420 7442 8100 8100 7350 8200 7442 8100 7442 7350 8100 1200 0
7442 7442 7442 7442 7442 7442 7442 7442 7442 7442 7442 7442 7442 7442 7442 7442 7442 7442
7320 7420 8100 7320 7442 7330 7330 8100 7320 8100 7420 8200 7460 7442 7350 7442 7420 8100
7442 7442 7442 7442 0 0 0 7442 7442 7442 7442 7442 0 0 0 0 0 0
0 0 7442 7442 7442 7442 7442 7442 7442 7442 7442 7442 0 7442 7442 0 0 0
0 0 0 0 0 0 0 0 0 0 7442 0 0 0 0 0 0 0
0 0 0 0 0 0 7442 7442 7442 0 7442 8100 0 0 7442 7442 8400 8200
7442 7442 7442 7442 7442 7442 8200 7442 7320 8100 7320 7320 7330 7330 8100 7420 8400 7330
7443 8100 1200 7200 5500 3500 3600 7140 7110 7140 7140 7140 7140 7140 7140 7110 7110 7110
7442 7442 7442 7442 7442 7442 7442 7442 7442 7442 7442 7442 7442 7442 7442 7442 7442 7442
7442 8200 7442 7442 7442 7442 0 7442 7442 0 7442 7442 7442 7442 7442 0 7442 7442
7442 7442 7442 7442 7442 7442 7442 7442 7442 7442 7442 7442 7442 7442 7442 7442 7442 7442
0 0 7442 0 7442 7442 8100 7442 7442 8100 7442 7442 8100 8100 7330 8400 8200 8400
7442 7330 7442 7360 7330 7442 7442 7442 7442 7442 7442 7442 7442 7442 7442 7442 7442 7442
0 7442 0 0 7442 7442 0 7442 0 7442 7442 7442 7442 7442 0 0 0 0
0 7442 0 7442 7442 0 0 0 0 0 0 0 0 0 0 0 0 0
7442 7442 7442 7442 7420 7442 1100 0 0 0 0 0 0 0 0 0 7442 8400
0 0 0 0 0 7442 7442 7442 7442 7442 7442 0 0 0 0 0 0 0
7442 7442 7442 7442 7442 7442 7442 7442 7442 7442 7442 7442 7442 7442 7442 7442 7420 7420
7442 7442 7442 7442 7442 5300 3500 3600 7110 7110 7442 0 0 7442 7442 7442 7442 7442
7442 7442 7442 7442 7442 7442 7442 7442 7442 7442 7442 7442 7442 7442 7442 7442 7442 7442
0 0 0 7442 7442 8200 0 7442 7442 0 0 0 7442 8400 7442 7442 8200 7442
7442 7320 1200 7200 7449 7449 7410 7410 7410 7410 7410 7140 7140 7140 7140 7140 7140 7130
7442 7442 7442 7442 7442 7442 7442 7442 7442 7442 7442 7442 7446 7442 7442 7442 7442 7442
7200 7442 7442 7442 1200 7442 8200 1100 1100 7200 5300 3500 3600 7110 7110 7110 7110 7110
7442 7442 7442 7442 7442 7442 7442 7442 0 7442 0 7442 0 7442 7442 0 0 0
8200 0 0 0 7442 1200 7442 0 7442 7442 8200 7442 7442 7420 7442 7330 8200 0
7442 7442 7442 7442 7442 7442 7442 7442 1100 1100 0 0 0 0 0 0 0 0
7442 0 7442 0 7442 0 0 0 0 0 0 0 0 0 0 0 0 0
7442 7442 7442 7442 7442 7442 7442 7442 7442 7442 7442 7442 7442 7442 7442 7442 7442 0
7442 7442 7442 7442 7442 7442 7442 7442 7442 7442 7442 7442 7442 0 0 0 7442 7442
7442 7442 7330 7442 7360 8400 7350 7430 7442 8200 8200 7442 7442 7442 0 7330 7442 7442
7442 7442 7442 7442 7442 7442 7442 7442 7442 7442 7442 7442 7442 7442 7442 7442 7442 7442
7442 8400 7442 0 0 0 0 0 7442 0 7442 7442 8100 7442 7442 7442 0 0
0 0 0 0 0 0 7442 7442 7350 7430 7200 5500 3500 3600 7110 7110 7110 7110
7442 7442 7442 7442 0 0 7442 0 7442 7442 7442 7442 0 7442 0 7442 7442 7442
7442 7320 7442 7320 7442 7442 7442 7442 7442 7442 7442 7442 8200 7442 7442 0 0 7442
0 0 0 0 7442 8100 1200 7200 7442 7442 7320 7320 8400 1200 0 0 7442 7442
7442 7442 7420 7442 7442 7442 7442 7442 7442 7442 7442 7442 7442 7442 7442 7442 7442 7442
0 0 0 0 0 0 8200 0 0 0 0 0 0 0 0 0 0 0
7442 7442 7442 7442 7442 7442 7442 7442 7442 7442 7442 7442 7442 7442 7442 7442 7442 7442
0 0 0 7442 7350 7442 7442 7442 7442 8200 8400 8200 7442 8100 8100 7442 8200 0
7442 7442 7442 7442 7442 7442 0 0 0 0 7442 7442 0 0 7442 0 7442 0
7330 8400 7320 7442 7442 7360 7420 7310 7442 7360 8400 7420 7420 7330 8400 7310 8400 7430
7442 7442 7420 7442 7442 7442 7442 7442 7442 7442 7442 7442 7442 7442 7442 7442 7442 7442
0 7442 0 0 0 7442 0 0 0 7442 7442 7442 7442 7442 7442 7442 7442 7442
7442 7350 7430 7442 7442 7350 7442 7445 7420 7445 7442 7442 7442 7420 7442 7442 7320 7442
0 0 0 0 0 0 0 0 0 0 7442 8200 7442 0 0 0 0 0
7442 7442 0 7442 7442 7442 7442 7442 7442 7442 7442 7442 7442 7442 7442 7442 7442 7442
0 0 0 0 0 0 7442 7442 0 0 0 0 0 0 0 0 0 0
0 0 0 0 0 0 0 0 0 0 0 0 0 0 0 0 0 0
0 0 0 0 0 0 8200 0 0 0 0 0 0 0 0 0 0 0
7360 7320 7330 8100 7360 7420 7420 7360 7350 7442 8100 7320 7442 7320 8400 7442 7350 7442
0 0 0 0 0 7442 7442 7442 7442 7442 7442 7442 7442 0 0 0 0 7442
0 0 0 0 8200 0 0 0 8200 0 0 8200 1100 7200 0 0 0 0
8200 8400 8100 7442 7320 7330 8100 7420 8100 1200 1200 7442 7330 7360 7350 7330 8200 1100
8200 0 0 0 0 0 0 0 0 0 0 0 0 0 0 0 0 0
7442 0 7442 7350 7442 7442 7442 7320 7350 7350 0 7442 8400 7442 7442 7442 7442 7442
7442 7350 7442 0 0 0 0 0 0 0 7442 0 7442 0 7442 7442 7442 7442
1100 7200 5300 3500 3600 7110 7110 7110 7110 0 0 0 0 0 0 0 0 0
0 0 0 0 0 0 0 7442 7442 7442 7442 7442 7442 8200 0 0 0 0
7442 7442 7442 7442 7442 7442 7442 7442 7442 7442 7442 7442 7442 7442 7442 7442 7442 7442
7200 7442 0 7442 7442 1100 7200 5300 0 0 0 0 0 0 0 0 0 0
8200 7442 7360 7330 7442 8100 7310 7420 7320 7330 8400 1200 0 0 7442 7360 7320 7320
7442 7442 7442 7442 7442 7442 7442 7442 7442 7442 7442 7442 7442 7442 7442 7442 7442 7442
0 0 0 0 7442 0 0 7442 0 0 0 0 0 0 8200 0 0 0
0 8200 7442 7442 7442 7442 0 0 0 7442 7442 7442 7442 7442 7442 7442 7442 7442
8200 7442 0 0 0 8200 1100 8200 8400 1200 8200 1100 8200 8400 7200 8100 0 8200
0 0 0 7442 7442 0 0 0 7442 7442 7442 7330 7442 7442 0 0 0 0
0 0 0 0 7442 7442 1100 7442 7442 0 0 7442 7442 7442 7442 0 0 0
7442 7442 7442 7442 7442 7442 7442 7442 7442 7442 7442 7442 7442 7442 7442 7442 7330 7442
7442 8400 0 7442 7442 7442 7442 7442 7442 0 0 0 0 0 0 0 0 0
7446 7446 7442 7460 1100 7460 0 7442 7460 7442 1510 7443 7442 7460 7448 0 7442 7442
7442 7442 7442 7442 7442 7442 7442 7442 7442 7442 7442 7442 7442 7442 7442 7442 7442 7442
0 0 0 0 0 0 0 0 0 7442 0 8200 0 0 0 0 0 0
0 0 0 0 0 7442 7442 7330 7430 7330 7442 7442 7442 7442 7442 7442 7350 1200
7442 7442 8200 7442 7442 0 0 0 7442 7442 8100 0 7442 7442 7330 7442 8200 0
0 0 0 0 8200 0 0 0 0 0 0 0 0 0 0 0 0 0
7442 7330 7320 7442 7442 7442 7442 7442 7442 7442 7442 7442 8100 7442 7442 7442 7442 7442
7442 7442 7442 7442 7442 7442 7442 7442 7442 7442 7442 7442 7420 7442 7420 8400 7310 0
7442 7442 0 0 7442 7442 8200 7442 0 0 0 0 0 0 0 0 0 0
7442 7330 8200 7310 8100 8200 7442 8200 8200 8200 7442 8200 0 7442 8200 7442 8400 7442
7442 7320 7442 7350 7442 7442 7442 7442 7442 8100 7320 7320 8400 7442 7442 7442 7442 7442
0 0 7442 7442 0 0 0 0 0 0 0 0 0 0 0 7442 8200 0
7442 8200 7442 7442 7442 7442 0 0 0 0 0 0 0 0 0 0 0 0
0 0 0 0 0 0 0 0 0 0 0 0 8200 0 0 0 0 0
7442 8200 1200 7200 3500 3600 7410 7140 7410 7410 8200 5600 1200 7340 5600 5300 3500 8100
7350 7442 7420 7442 7442 7442 7442 7442 7442 7442 7442 7442 7442 7442 7442 7442 7442 7442
7442 7442 7442 0 0 0 0 0 0 0 0 0 0 0 0 0 7442 0
8200 7442 8200 1100 7442 7442 8200 7442 8400 7442 7442 0 8200 0 0 0 7442 8200
0 0 0 0 0 0 0 0 7442 0 0 0 0 8200 1100 8200 0 0
7442 7442 7442 7420 7442 7442 7442 7442 7442 7442 7442 7442 7442 7442 7442 7442 7442 7442
7442 7442 7442 7442 7442 7442 7442 7442 7442 7442 7442 7442 0 7442 7442 7442 7442 0
7442 7442 7442 7442 7442 7442 7442 7442 7442 7442 7442 7442 7442 7442 7442 7442 7442 7442
7442 7442 7442 7330 7442 7442 7442 7442 7442 8100 1200 8200 7442 0 7420 7442 7442 7442
7320 7442 7320 7310 8100 7350 7360 7430 7330 7310 8100 1200 7420 7442 7442 7420 7442 7420
8200 1100 0 0 0 0 0 0 0 0 0 0 0 0 0 0 7442 0
7442 7442 7442 7442 7442 7442 7442 7442 7442 7442 7442 7442 7442 7442 7442 7442 7442 7442
0 0 0 0 0 0 0 0 0 0 0 0 0 0 0 0 0 0
7442 0 0 0 0 0 0 0 0 0 0 0 0 0 0 0 0 0
7442 0 7442 7442 0 0 7442 7442 7442 0 0 7442 7442 0 7442 7442 7442 7442
0 7442 0 0 0 7442 7442 0 0 7442 0 0 0 0 0 0 0 0
7442 7442 7442 7442 7442 7442 7442 7442 7442 7442 7442 7442 7442 7442 7442 7442 7360 7442
7442 7442 1200 0 0 0 0 0 0 0 0 0 0 7442 0 0 0 0
0 7442 7442 8200 0 0 0 0 0 0 0 0 0 0 0 0 0 0
7320 7360 7442 7360 7442 7350 7360 7360 8100 7310 7350 7442 7420 8100 8100 8100 7420 7442
7442 7330 7350 7442 7442 7442 7442 7442 7442 7442 7442 7442 7420 7442 7442 7442 7442 7442
7442 7420 7430 7442 7360 7442 7442 7442 7442 7430 7442 7442 7442 7442 7442 7442 7350 7430
7442 7442 7442 7442 7442 7442 7442 7442 7442 7442 7442 7441 7442 7442 7442 7442 7442 7442
0 8200 8200 0 0 8200 1100 8200 0 7442 8100 7420 7310 8200 1200 7340 7340 7340
0 0 0 0 0 0 7442 7442 7442 0 7442 7430 7442 7442 7442 7442 7430 7442
8100 7360 8100 7442 7442 7442 7442 0 0 0 0 0 0 0 0 0 0 7442
7442 7442 0 0 0 7442 7442 7442 0 0 0 0 0 0 7442 7442 0 7442
7442 7320 7442 7442 7442 7442 7442 7442 7442 7442 7442 7442 7442 7350 7360 7442 7442 7442
7442 7442 7442 7442 7442 7442 0 0 0 0 0 0 0 0 0 0 0 0
0 0 0 0 0 0 0 0 0 0 0 0 0 0 0 7442 8200 0
7442 7442 7442 7442 7442 7442 7442 7442 7442 7442 7442 7442 7442 7442 7442 7442 7442 7442
0 0 0 8200 0 0 7442 7442 7442 7442 7442 0 0 0 0 0 7442 0
7442 7442 7442 7442 7442 7442 7442 7442 7442 7442 7442 7442 7442 7442 7442 7442 7442 7442
7442 7442 7442 7442 0 0 7442 7442 7442 7442 7442 7442 7442 7442 7442 7442 0 7442
7442 8100 1200 7200 3500 3600 7140 7110 7110 7110 7110 7110 7110 7110 7110 7110 7110 7110
0 0 0 0 0 0 0 0 7442 7442 7442 8200 1100 7200 0 8200 7442 7442
7442 7442 1200 7442 7442 7442 7420 7442 7442 0 7442 7442 0 7442 0 7442 0 7442
0 0 0 0 0 0 7442 0 0 7442 7442 7442 7442 7442 0 0 0 0
7442 0 7442 0 0 7442 7442 7442 7442 8200 7442 7442 7442 8100 7442 0 7442 7442
7442 7442 7442 8400 7442 7442 7350 7442 8100 8200 1100 7200 0 0 0 0 0 0
0 0 0 0 0 0 0 0 7442 8100 8400 7442 7442 0 0 0 0 7442
0 0 0 0 0 0 0 0 0 0 0 0 0 0 0 0 7442 7442
7442 7442 7442 7442 7442 7442 7442 7442 7330 7442 7442 7442 7442 7442 7360 7442 7442 7442
7442 7442 1100 8200 0 0 7442 0 0 7442 7442 0 7442 7442 7442 7442 0 0
7442 7442 0 7442 7442 0 0 0 7442 7442 0 7442 7442 7330 7442 7442 7442 7442
7442 7442 7442 7442 7442 7442 7442 7442 7442 7442 7442 7442 7442 7442 7442 7442 7442 7442
0 0 0 0 0 0 7442 7442 7442 7442 0 0 0 0 0 0 0 0
7442 7442 7442 7442 7442 7442 7442 7442 7442 7442 7442 7442 7442 7442 7442 7442 7442 7442
0 0 7442 0 0 7442 0 7442 0 0 7442 7442 0 0 7442 8200 1100 0
7442 7442 7442 7442 7442 7442 7442 7442 7442 7442 7442 7442 7442 7442 7442 7442 7442 7442
7442 8100 8200 7442 7442 0 0 0 0 0 0 0 0 0 0 0 0 0
0 0 7442 7442 7442 0 0 0 7442 7442 0 0 0 0 0 0 0 0
0 0 0 0 0 0 0 0 0 7442 0 0 0 0 7442 0 7442 0
7442 7442 7442 7442 7442 7442 7442 7442 7442 7442 7442 7441 7446 7442 7442 7442 7442 7442
7442 7442 7442 7442 7442 7442 7442 7442 7442 7442 7442 7442 7442 7442 7442 7442 7442 7442
7442 7442 7442 7442 7442 7442 7442 7420 7442 7442 7360 7442 7442 7442 7442 7442 7442 7442
0 0 7442 7442 7442 7442 7442 0 0 0 7442 0 0 0 0 7442 7442 7442
7442 7442 7442 7442 7442 7442 7442 7442 7442 7442 7442 7442 7442 7442 7442 7442 7442 7442
0 7442 7442 8200 7442 0 7442 0 7442 0 7442 8200 0 0 0 0 0 0
7442 0 0 7442 0 0 0 0 0 0 0 0 0 0 0 0 0 0
7442 7442 7442 7442 7442 7442 7442 7442 7442 7442 7442 7442 7442 7442 7442 7442 7442 7442
0 0 0 0 0 0 7442 0 0 7442 0 7442 7442 7442 7442 0 0 0
7442 8100 7442 7442 7442 7446 7442 7442 7442 7442 7330 0 7442 7442 7442 7442 7350 7442
7442 7442 7430 7442 7442 7442 7442 7442 8200 0 0 0 7442 7442 7442 7442 7442 7442
7420 7350 7420 7350 7350 7442 7442 7330 7442 7442 7420 7442 7442 7442 7420 7420 7442 7442
7442 7442 7442 7442 7442 7442 7442 7442 7442 7442 7442 7442 7442 7442 7442 7442 7442 0
0 0 0 0 8200 0 8200 0 0 0 0 0 0 0 0 0 0 0
0 0 7442 7442 7442 7442 7442 0 7442 7442 0 0 0 0 0 0 0 0
7442 7442 7420 7442 7442 7442 7442 7442 7442 7441 7442 7442 7442 7442 7442 7442 7442 7442
7442 7442 7442 7442 7442 7442 7442 7442 7442 7442 7442 7442 7442 7442 7442 7442 7442 7442
7442 0 7442 7442 7442 7442 7442 7442 7442 7442 7442 7442 7442 0 7442 7442 7442 7442
7442 7442 7442 7442 7442 7442 7442 7442 7442 7442 7442 7442 7442 7442 7442 7442 7442 7442
7442 7442 7442 7442 7442 7442 7442 7442 7420 7442 7442 7442 7442 7442 7442 7420 7442 7442
0 0 0 0 0 0 0 0 0 0 0 8200 0 0 7442 7442 7330 8400
0 0 0 0 0 8200 1100 0 0 0 0 0 0 0 0 0 0 0
7430 7430 8100 7430 7443 3500 8100 8100 1200 8200 0 7442 7330 8400 8100 7310 1200 7340
7442 7442 7442 7442 7442 7442 7442 7442 7442 7442 7442 7442 7350 7442 7320 7442 7420 8100
7442 7442 7442 7442 7442 7442 7442 7442 7442 7442 7442 7442 7442 7442 7442 7442 7442 7442
0 0 0 0 8200 0 0 0 0 0 0 0 0 0 0 0 0 0
0 0 7442 7442 0 7442 7442 7442 7442 7442 7442 0 7442 7442 7442 0 0 7442
7330 7442 8400 0 8200 8400 8200 0 7442 8200 7442 7442 7442 7442 7442 8100 7420 8400
0 0 0 0 0 0 0 7442 7442 7442 7442 0 7442 7442 7442 0 0 0
7442 7442 7442 7442 7442 7442 7442 7446 7442 7442 7442 7442 7442 7442 7442 7442 7442 7442
7320 7442 8100 7442 7442 7442 7442 7442 7442 7442 7442 7442 7442 7442 7330 0 0 0
7442 7442 0 7442 7442 7442 7442 7442 7442 7442 0 0 0 0 7442 7442 0 7442
7442 7442 7442 7442 7442 7442 7442 7442 7442 7442 7442 7442 7442 7442 7442 7442 7442 7442
8400 7442 7360 7442 7442 7420 7442 7442 7442 7442 7442 7442 7442 7420 7442 7442 7442 7442
7442 7442 0 7442 7442 7442 7442 7442 8200 7442 0 7442 7442 7442 7442 7442 7442 7442
7442 0 7442 7442 7442 7442 7442 7442 7442 7442 7442 7442 7442 7442 7442 7442 7442 7442
1100 0 0 0 0 0 0 0 0 0 0 0 0 0 0 0 0 0
7442 7442 7442 7442 7442 7442 7442 7442 7442 0 7442 7442 7442 7330 7442 7442 7442 7442
0 0 0 0 0 0 0 7442 7442 0 0 0 0 0 0 7442 7442 0
7442 7442 8100 7360 7320 7320 7330 7330 7320 8400 7420 7442 7442 7360 8100 7445 7442 7442
7442 7442 7442 7442 0 7442 7442 7442 7442 7442 0 0 0 7442 7442 7442 7442 7442
8400 8400 7360 7442 7442 7442 7442 7442 7442 7442 8100 7442 7442 7442 7442 7442 7442 0
7442 7442 7442 7442 7442 7442 7442 7442 7442 7442 7442 7442 7442 7442 7442 7442 7442 7442
7442 7442 7442 7442 0 0 0 0 0 0 0 0 7442 7442 7442 7442 0 7442
7442 8200 7442 0 7442 7442 7442 7420 7330 7442 7442 7330 8100 8100 7442 0 7442 7442
7360 7442 7442 7360 7442 8100 8100 7200 7442 8100 7442 7442 7420 7442 7442 0 0 0
0 0 0 0 7442 0 7442 7442 0 0 7442 0 0 0 0 0 0 7442
7442 7442 7442 7442 7442 7442 7442 7442 7442 7442 7442 7442 7442 7442 7442 7442 7442 7442
0 0 0 0 7442 0 0 0 8200 1100 0 0 0 7442 0 0 0 0
0 7442 0 0 0 0 0 0 0 0 0 0 0 7442 7442 1100 0 0
0 0 0 0 7442 0 0 0 7442 7442 7442 7442 7442 0 7442 0 0 0
7442 7442 7442 7442 7442 7442 7442 7442 7442 7442 7442 7442 7442 7442 7442 7442 7442 7442
0 0 0 0 0 0 0 0 8200 0 0 0 0 0 0 0 0 0
7442 0 0 0 7442 0 7442 8200 1100 7442 0 0 0 0 7442 7442 0 0
0 0 0 0 0 0 0 0 8200 0 0 0 0 0 0 0 0 0
0 0 7442 7442 1100 7200 5300 3500 3600 3600 7110 7110 7110 0 7442 7442 7450 7110
0 0 0 0 0 7442 7442 7442 7442 0 7442 7442 7442 7330 8200 7442 0 0
0 0 0 0 7442 8200 1100 7200 7442 8200 0 7442 0 7442 8100 1100 0 0
7442 7442 7442 7442 7442 7442 7420 7442 7442 7442 7442 7442 7442 7442 7442 7442 7442 7442
7442 8100 1200 0 0 0 7442 8200 1100 7200 7310 8400 1200 7200 5300 3500 7450 7110
7430 7442 7442 7442 7442 7442 7442 7442 7442 7442 1200 1200 7430 7442 7442 7320 1200 7442
7442 7442 7360 7442 7442 8200 7442 0 7442 8100 8100 7442 7320 7442 8200 7442 7442 8200
0 0 0 0 0 0 0 0 0 0 0 0 8200 0 0 0 0 0
0 0 0 0 7442 0 7442 7442 7442 7442 0 0 7442 7442 7442 7442 7442 7442
0 0 0 0 7442 7442 8200 7420 7420 7360 8400 8200 8200 0 0 8200 1100 7200
7442 7442 7442 7442 7350 8400 1100 7442 1100 7200 5300 3500 3600 0 0 0 0 0
0 0 8200 1100 7200 5300 3500 3600 0 7460 8100 0 0 0 0 7442 7320 8100
0 0 7442 0 0 0 7442 7442 7442 0 7442 7442 0 7442 1100 1100 7200 5300
0 0 0 0 0 0 7442 7442 7442 7442 7442 7442 7442 7442 7442 0 7442 7442
7442 7442 7442 7442 7442 7442 7442 7446 7442 7442 7442 7442 7442 7442 7442 7442 7442 7442
7442 7442 7442 7442 7430 7360 7430 7420 7442 8100 7442 7442 7442 7442 7442 7420 7420 7442
0 0 0 7442 7442 7442 0 0 7442 7442 0 0 0 0 0 0 0 0
7442 7442 7442 7442 7442 7442 7442 7442 7442 7442 7442 7442 7442 7442 7442 7442 7442 7442
8400 7442 7350 7442 8200 0 8200 8200 1100 1100 8200 0 0 8400 1200 7442 7442 7360
7442 7350 7442 7442 7320 7442 7442 7442 7442 7442 7442 7442 7420 7420 7442 7420 7442 7350
7442 7442 7442 7350 7442 7442 7442 7360 7442 8100 7442 7442 7442 7360 7442 7350 7442 7442
0 0 0 0 0 8200 0 0 0 0 0 0 0 0 0 0 0 0
0 0 0 0 0 7442 7442 7442 7442 0 7442 7442 7442 0 0 0 0 0
7442 7442 7442 7442 7442 7442 7442 0 7442 7442 7442 7442 7442 7442 7442 7442 7442 7442
0 0 7442 7442 7442 7442 0 0 0 0 0 0 0 0 0 0 0 0
0 0 0 7442 7442 7442 7442 0 7442 0 0 0 0 0 7442 7442 7442 7442
0 0 0 7442 0 0 0 0 7442 7442 7442 0 0 7442 7442 7442 7442 7442
0 0 0 0 7442 7442 7442 0 0 0 0 0 0 7442 0 7442 7442 0
0 0 7442 7330 0 0 7442 7442 8400 7360 7350 8200 8400 1200 7200 8200 8400 1200
7442 7442 7442 7442 7442 7442 7442 7442 7442 7442 7442 7442 7442 7442 7442 7442 7442 7442
7442 7442 7442 7442 7442 7420 7442 7442 7442 7442 7442 0 0 7442 7442 7442 7442 7442
7442 7442 8100 8100 7442 7442 7442 7442 7442 7442 0 0 0 0 0 0 8200 1100
7442 7442 7350 7442 7420 7442 7442 7442 0 7442 7442 7442 0 7442 7442 7442 7420 7420
7442 7442 7442 0 0 7442 7442 7442 0 0 7442 7442 0 7442 0 7442 0 0
0 0 0 0 0 0 0 7442 0 0 7442 8100 7442 7442 7442 7442 0 7442
7442 7360 7442 0 7442 7442 8200 0 7442 8200 8200 0 7442 8200 7442 0 0 0
7442 7442 7442 7442 7442 7442 7442 7442 7442 7442 7442 7442 7442 7442 7442 7442 0 0
0 0 0 0 0 7442 7442 7442 7442 7442 7442 7442 7360 1100 0 7442 7442 8200
0 7442 7442 7442 7442 7442 7442 7442 7442 7442 7442 7442 7442 7442 7442 7442 7442 7442
7442 7442 7442 7442 7442 7446 7442 7442 7442 7441 7442 7442 7442 7442 7442 7442 7442 7442
7442 7442 7442 7442 7442 7442 7442 7442 7442 7442 7442 7442 7442 7442 7445 7442 7442 7442
7442 7442 7442 7442 7442 7442 7442 7442 7442 7442 7442 7442 7442 7442 7442 7442 7442 7442
7420 7420 7320 7442 7442 7320 7420 7441 7442 7442 7420 7420 7350 7360 7350 7320 7320 7442
7442 7442 7442 7442 7442 7442 7442 7442 7442 7442 7442 7442 7442 7442 7442 7442 7442 7442
7442 7330 8100 7442 7442 7442 7442 7442 7442 7442 7442 7442 7442 7442 7442 7442 7442 7442
8200 8200 8400 7446 7442 7441 7442 7442 7442 8100 8100 7442 7442 8100 7442 8100 1200 8200
7110 7110 7110 7110 7110 7110 7110 7110 7110 7110 7110 7110 7110 7110 7110 7110 7110 7110
8200 7442 7442 7442 7442 7442 7442 7442 7442 7442 7442 7442 8200 0 0 0 0 0
7442 7442 7442 7442 7441 7441 7441 7420 7442 7442 7442 7442 7442 7442 7442 7442 7442 0
7442 8100 7442 7442 7442 7442 7442 7442 7442 7330 7442 7442 7442 7442 7420 7420 7442 7442
7442 7442 7420 7442 7442 7442 7442 7442 7330 7330 7442 7442 7442 8200 7442 7420 0 8100
0 0 7442 7442 7442 7442 7442 7442 7442 0 0 0 0 0 0 0 0 0
7442 7442 7442 7442 7442 7442 7442 7420 7442 7442 7442 7442 7442 7442 7442 7442 7442 7442
0 0 0 0 7442 7442 7442 7442 7442 7442 7442 0 0 0 7442 7442 7442 1100
1100 0 0 0 0 0 0 0 0 0 0 0 0 0 0 0 0 7442
7442 7420 7442 7442 7442 7442 7442 7442 7442 7442 7442 7442 7442 7442 7442 7442 7442 7442
0 0 7442 0 0 0 0 0 0 0 0 0 0 0 0 0 0 0
7442 7442 7442 7442 7442 7442 7442 7442 7442 7442 7442 7442 7442 7442 7442 7442 7442 7442
0 8200 8200 1100 8200 8200 8200 8400 7442 8100 8200 7442 0 7442 8100 7445 7442 7330
0 0 0 0 0 0 0 8200 0 0 0 0 0 0 0 0 0 0
7420 7442 7442 7442 7320 7442 7442 7442 7442 7442 7442 7442 7442 7442 7442 7442 7442 7442
0 0 0 0 7442 0 0 0 0 0 0 0 0 0 0 0 0 0
7330 7320 7442 7442 7442 7442 7442 7360 7442 7442 8100 7442 7442 7442 8400 8200 1100 7200
7442 7442 7442 7442 7442 7442 7442 7442 0 0 0 7442 0 0 7442 7442 7442 7442
7442 7442 7442 7442 7442 7442 8200 7442 8200 0 7442 7442 0 0 0 7442 7442 7442
7442 7442 7442 7442 7442 7442 7442 7442 7442 7442 7442 7442 7442 7320 7442 7442 7442 7442
7442 7442 7442 7442 7442 7442 7442 7442 7442 7442 7442 7442 7442 7442 7442 7442 7442 7442
0 0 0 0 7442 0 0 0 0 0 0 0 0 0 0 0 7442 7442
7442 7442 7442 7442 7442 7442 7442 7442 7442 7442 7442 7442 7442 7442 7442 7442 7442 7442
7442 7442 7442 7442 0 0 7442 7442 7442 7442 7442 7442 7442 7442 7442 7442 7442 0
7442 7442 7442 7442 7442 7442 7442 7442 7442 7442 7442 7442 7442 7442 7442 7442 7442 7442
0 0 0 0 0 0 0 0 0 0 0 0 0 0 0 0 0 0
7442 7442 7442 7442 7446 7442 7442 7442 7442 7442 7442 7442 7442 7442 7442 0 7442 7442
0 0 0 7442 7442 7442 7360 7442 7442 7442 8200 7442 7442 8100 7442 8400 7442 7442
0 0 0 7442 7442 7442 7442 7442 0 0 0 7442 7442 7442 7442 7442 7442 0
0 0 7442 7442 8200 0 0 0 0 0 0 0 0 0 0 0 0 0
0 0 0 0 0 0 0 0 7442 8200 0 0 0 0 0 0 0 0
7442 7442 0 0 0 7442 7442 7442 0 0 0 0 0 0 0 0 0 0
0 0 0 7442 0 0 0 0 0 0 0 0 0 0 0 0 0 7442
7350 7430 7420 7420 7350 8200 7430 7420 7410 7410 7410 7410 7140 7410 7410 7410 7410 7410
7442 7320 1200 0 7442 7442 7442 0 0 0 7442 7442 7442 7442 8200 0 0 0
7442 7442 7442 7442 7442 7442 0 0 7442 7442 0 7442 7442 7442 7442 7442 0 0
7442 7442 7442 7442 7442 7442 7442 7442 7442 7442 7442 7442 7442 7442 7442 7442 7442 7442
7442 7442 7442 7442 7442 7442 7442 7442 7442 7442 7442 7442 7442 7442 7442 7442 7442 7442
7442 7442 7442 7442 7442 7442 7442 7442 7442 7442 7442 7442 7442 7442 0 0 7442 7442
0 0 0 0 0 0 0 0 0 0 0 0 0 0 0 0 0 0
7420 7442 7420 7442 7442 7442 7446 7442 7442 7442 7420 7442 7442 7420 7442 7442 7442 7442
7442 7442 7442 7442 7442 7442 7442 7442 7442 7442 7442 7442 7442 7442 7442 7442 7442 7442
0 0 0 7442 7442 0 0 0 0 0 0 0 0 0 0 0 0 0
7442 7442 7442 7442 7442 7442 7442 7442 7442 7442 7442 7442 7442 7442 7442 7442 7330 7442
0 8200 0 0 0 0 0 0 0 0 0 0 0 0 0 0 0 0
7442 7442 7442 7442 7442 7442 7442 7442 7442 7442 7442 7442 7442 7442 7442 7442 7442 7442
7442 7320 1200 7200 7449 7449 7410 7410 7410 7410 7410 7140 7140 7140 7140 7140 7140 7140
0 0 0 0 7442 8200 1100 7200 5300 0 0 0 0 0 0 0 0 0
8200 0 0 0 0 0 0 0 0 0 0 0 0 0 0 0 0 0
7442 7442 7442 7442 7442 7442 7442 7442 7442 7442 7442 7442 7442 7442 7442 7442 7442 7442
8200 7442 8200 7442 7442 8200 1300 7200 5300 3600 7120 7110 7110 7110 7110 7110 7110 7110
7442 7442 7442 7442 7442 7442 7442 7442 7442 7442 7442 7442 7442 7442 7442 7442 7442 7442
7442 7442 7442 7442 7442 7442 7442 7442 7442 7442 7442 7442 7442 7442 7442 7442 7442 7442
7442 7442 7442 7442 7442 7442 7442 7442 7442 7442 7442 7442 7442 7442 7442 7442 7442 7442
0 7442 7442 7442 7360 7442 7442 7442 1100 0 0 0 0 0 0 0 0 0
0 0 0 0 0 0 0 0 0 0 0 0 0 0 7442 7442 7442 7442
0 0 0 0 0 7442 7442 0 0 0 0 0 0 0 0 0 0 0
0 0 0 0 0 7442 0 7442 8400 0 0 0 7442 7442 7442 8200 1200 7200
7442 7442 7442 0 0 7442 7442 7442 7442 7442 7442 7442 7442 0 7442 7442 0 0
7442 7442 7442 7442 7442 7442 7442 7442 7442 7442 7442 7442 7442 7442 7442 7442 7442 7442
7442 0 7442 7442 7442 7442 0 0 7442 7442 0 0 0 0 7442 0 0 0
0 0 8200 0 0 0 0 0 0 0 0 0 0 7442 8200 0 0 0
0 7442 7442 7442 0 0 7442 7442 7442 7442 0 7442 7442 7442 0 7442 7442 0
7442 7442 7442 7442 7442 7442 7442 7442 7442 7442 7442 7442 7442 7442 7442 7442 7442 7442
0 0 0 0 0 0 7442 7442 7442 0 0 0 0 7442 0 7442 0 0
0 0 0 0 0 0 0 0 0 0 0 0 0 0 0 0 0 0
7442 7442 7442 7442 7442 7442 7442 7442 7442 7442 7442 7442 7442 7442 7442 7360 7442 7330
0 0 0 0 0 0 0 0 0 0 0 8200 7442 0 0 0 7442 0
0 0 8200 0 0 0 0 0 0 0 0 0 0 8400 7320 8200 7442 0
0 0 0 8200 1100 7442 0 0 0 7442 8200 1100 7200 5300 3500 3600 7110 7110
7442 7442 7442 7442 7442 7442 7442 7442 7442 7442 7442 7442 7441 7442 7442 7441 7442 7446
7442 7442 7442 7442 7442 7442 7442 7442 7442 7442 7442 7442 7442 7442 7442 7442 7442 7442
0 0 0 0 0 0 0 8200 0 0 0 0 0 8200 0 0 0 0
7442 7442 7442 7442 7442 7442 7442 7442 7442 8100 7442 7442 8100 7442 7442 7442 7442 7442
7442 7442 7442 7442 8200 7200 5300 0 0 0 7442 8200 0 7442 7442 7442 0 0
0 0 0 0 0 0 8200 0 0 0 0 0 0 0 0 0 0 0
7442 7442 7442 7442 7442 7442 7442 7442 7442 7442 7442 7442 7442 7442 7442 7442 7442 7442
7442 7442 7320 7442 8100 7442 7442 7442 7442 7442 7442 7442 7442 7442 7442 7442 7442 7442
0 0 0 0 0 8200 0 0 0 0 0 0 0 0 0 0 0 0
7442 7442 7442 7442 7442 0 7442 7442 7442 0 0 0 7442 7442 0 7442 7442 7442
7442 7442 7442 7442 7442 7442 7442 7442 1100 7442 7442 7442 7442 7442 7442 7442 7442 7360
7442 7442 7442 7442 7442 7442 7442 7442 7442 7442 7442 7442 7442 7442 7442 7442 7442 7442
0 0 7442 0 0 0 0 0 0 0 0 0 0 0 0 0 0 0
7442 7442 7430 7442 7442 7442 7442 7442 7442 7442 7442 7442 7442 7442 7442 7441 1100 7200
0 7442 7360 7442 7442 7420 7350 7310 7340 5500 3500 7442 7420 7350 8100 7310 8400 8100
7442 7442 7442 8400 7442 8200 7442 8400 7442 7442 7442 7442 7442 7442 7442 7442 7320 7442
7442 7442 7442 7442 7442 7442 7442 7442 7442 7442 7442 7442 7442 7442 7442 7442 7442 7442
7442 7442 7330 7442 7442 8200 0 7442 7442 7442 7442 8400 7442 7442 7442 7442 7330 8200
7442 7442 7442 7442 7442 7442 7442 7442 7442 7442 7442 7442 7442 7442 7442 7442 7442 7442
0 0 0 0 0 0 0 0 0 0 0 7442 7442 7442 7442 7442 7442 7442
0 0 0 7442 0 0 0 8200 7442 7442 7442 0 8400 1200 7200 8200 1100 7200
7442 7442 7442 7442 0 7442 7442 7442 0 7442 7442 7442 7442 7442 7442 7442 7442 7442
7442 8400 1200 7200 3500 7442 1100 7445 7442 7420 7442 7442 7442 7442 7420 7442 7360 7442
0 0 0 0 0 0 0 0 0 0 0 0 0 0 7442 7442 7442 8200
7442 7442 7442 7442 7442 7442 7442 7442 7442 7442 7442 7442 7442 7442 7442 7442 7442 7442
7442 7442 7442 7442 7442 7442 7442 7442 7420 7442 7442 7442 7442 0 7442 7442 7442 7442
7442 0 7442 7442 7442 7442 7442 7442 7442 0 0 7442 0 0 0 0 0 7442
7442 7442 0 7442 7442 7320 7442 7442 7442 7442 7442 7442 0 7442 7442 7442 7442 7442
0 0 0 0 0 0 0 0 0 0 0 0 7442 0 7442 0 7442 7442
7442 8200 7442 7442 8400 0 7442 7442 7442 0 7442 7442 7420 7442 7360 7310 7310 8400
7442 7420 7360 7430 7443 7449 3500 7410 7410 7410 7410 7410 7410 7410 7140 7140 7140 7140
7442 7310 7420 7442 7442 7350 7442 7442 7442 7442 7442 7442 7442 7442 7442 7442 7442 7442
7442 7442 7442 7442 7442 7442 7442 7442 7442 7442 7442 7442 7442 7442 7442 7442 7442 7442
7350 7442 7442 7442 7442 7442 7442 7442 7442 7442 7442 7441 7442 7442 7442 7442 7442 7442
0 0 0 0 0 0 0 0 0 0 7442 7442 0 0 0 7442 0 7442
0 0 0 0 0 0 8200 0 0 0 7442 7442 7442 7420 8200 1100 7200 5300
0 0 0 0 0 0 0 7442 7442 7442 7442 7442 7442 7442 7442 7442 7442 7442
0 0 0 7442 7442 7442 7442 7442 7442 7442 7442 7442 7442 7442 7442 7442 7442 7442
7442 7442 7442 7442 7442 7442 7442 7442 7442 7442 7442 7442 7442 7442 7442 7442 7442 7442
0 0 0 0 0 0 0 8200 0 0 0 0 0 0 0 0 0 0
7442 7442 7442 7442 0 0 0 7442 7442 7442 7442 7442 7442 0 0 0 0 0
7442 7442 7442 7442 7442 7442 7442 7442 7442 7442 7446 7446 7446 7442 7442 7442 7442 7442
0 0 0 0 0 0 7442 7442 1100 0 0 0 0 0 0 0 0 0
7442 7442 7442 7360 7430 8100 5500 3500 3600 7110 7110 7130 7130 7110 7110 7110 7130 7130
7442 7442 7442 7442 7442 7442 7442 7442 7442 7442 7442 7442 7442 7442 7442 7442 7442 7442
7442 7442 7430 0 7442 7442 7442 7442 7442 7442 7442 7442 7442 7442 7442 7442 7442 7442
7442 7442 7442 7442 7442 8100 7442 7442 7442 7442 8200 7442 7442 7442 7442 8100 7442 0
7442 7442 7442 7442 7442 7442 7442 7442 7442 7442 7442 7442 7442 7442 7442 7442 7442 7442
7442 7442 7442 7442 7442 7442 7442 7442 7442 7442 7442 7442 7442 7442 7442 7442 7442 7442
7320 7310 7430 0 0 1100 3500 3600 7110 7110 7110 7110 7110 7110 0 0 0 0
7442 7442 7442 7442 7442 7442 7442 7442 7442 7442 7442 7442 7442 7442 7442 7442 7442 7442
7420 7430 7442 7445 7442 7442 7442 7442 7442 7442 7442 7442 7442 7442 7442 7442 7442 7442
0 0 0 0 0 0 0 0 0 0 0 0 0 0 7442 7442 7442 7360
7442 7442 7330 7360 8200 7430 8100 1200 7200 5500 3500 3600 7110 7110 7110 7110 7110 7110
7442 0 7442 7442 7442 7442 0 0 7442 7442 7442 7442 7442 7442 7442 7442 7442 7442
7442 7442 7442 7442 7442 7442 7442 7442 7442 7442 7442 7442 7442 7442 7442 7442 7442 7442
7442 7442 7442 7442 7442 7442 7442 7442 7442 7442 7442 7442 0 7442 8100 7442 7330 7442
0 0 7442 0 7442 7442 0 0 0 0 0 0 0 0 0 0 0 0
0 0 0 0 0 0 7442 7442 7442 0 7442 7442 0 7442 0 0 0 0
7442 0 7442 7442 7442 7442 7442 0 0 0 0 0 0 0 0 0 0 0
7442 7442 7442 7442 7442 7442 7442 7442 7442 7442 7442 7442 7442 7442 7442 7442 7442 7442
0 0 0 0 0 0 0 0 7442 7442 7360 8400 7442 7330 7442 8100 8100 8400
7442 7442 7442 7442 7442 8400 7442 7442 7442 8100 7442 7442 7442 7442 7442 7442 7442 8100
7442 7442 7442 7442 7442 7442 7442 7442 7442 7442 7442 7442 7442 7442 7442 7442 7442 7442
0 0 0 0 0 0 0 0 0 8200 0 0 0 0 0 8200 0 0
7110 7110 7110 7110 7110 7110 7110 7110 7110 7110 7110 0 0 0 0 0 0 0
7442 7442 7442 7442 7442 7442 7442 7442 7442 7442 7442 7442 7442 7442 7442 7442 7442 7442
0 0 0 7442 7442 7442 7442 0 7442 7442 7442 7442 0 7442 7442 7442 7442 7442
7442 7442 7442 7442 7442 7442 7442 7442 7442 7442 7442 7442 7442 7442 7442 7442 7442 7442
0 0 0 0 0 0 7442 8100 8200 0 7442 7442 7420 8200 0 7442 7350 8100
7442 7442 7420 7442 7442 7442 7442 7330 7442 7442 7442 7442 8100 7350 7442 7442 7442 7442
0 0 0 7442 7442 7442 7442 0 0 7442 0 0 7442 0 0 0 0 0
0 0 0 0 0 0 7442 8200 0 0 7442 8200 0 8200 1100 0 0 0
0 0 0 0 0 0 0 0 0 7442 7442 7442 7442 7442 7442 7442 7442 7442
0 0 0 0 7442 8400 7442 7442 7360 7310 7445 7320 8100 7430 7420 8100 8100 7350
0 7442 7442 7442 0 7442 7442 0 0 7442 7442 7442 7442 7442 8400 7442 7442 7442
0 0 0 7442 0 0 0 0 0 0 0 0 0 0 0 0 0 0
7442 7442 7442 7442 7442 7442 7442 0 0 0 0 0 0 0 0 0 0 0
0 0 0 0 0 7442 0 0 0 0 0 0 0 0 0 0 0 0
7320 8400 7442 7442 7360 7420 7442 7420 7420 7442 7350 7442 7420 7442 7442 7442 7442 7420
7442 7330 7442 7442 7350 7442 0 0 0 0 0 0 0 7442 8400 0 7442 7442
0 0 0 0 0 0 0 0 8200 7442 0 0 0 0 0 0 0 0
7442 7442 7442 7442 7442 7320 7420 7442 7442 7420 7442 7442 7442 7442 7442 7442 7442 7420
7442 7442 7442 7442 7430 7442 1100 7320 7442 7442 7442 7442 7442 7442 7442 0 7442 7442
7442 7442 7442 7442 7442 7442 7442 7442 7442 7442 7442 7442 7442 7442 7442 7442 7442 7442
7442 7442 1100 0 7442 7442 0 0 0 0 0 0 0 0 0 0 7442 7442
0 0 7442 0 7442 8100 0 7442 7442 8200 0 7442 7442 7442 7442 7442 7442 7442
7442 7442 7442 7442 7442 7442 7442 7442 7442 7442 7442 7442 7442 7442 7442 7442 7442 7442
7442 7442 7442 0 7442 7442 7442 7442 7442 7320 7442 7442 7442 7442 7442 0 0 0
0 0 0 0 0 0 0 7442 7442 0 0 0 0 0 0 0 0 0
7442 7442 7442 7442 7442 7442 7442 0 0 0 0 7442 0 0 7442 7442 7442 0
7330 7360 7442 7442 7442 7442 7420 7420 7442 7442 7420 7442 7442 7442 7442 7330 0 7442
7442 7442 7442 7442 7442 7442 7442 7442 7442 7442 7442 7442 7442 7442 7442 7442 7442 7442
0 0 0 0 0 0 0 8200 7460 7200 5300 3500 3600 7110 7110 7110 7110 7110
7442 7442 7442 7442 7442 7442 7442 7442 7442 7442 7442 7442 7442 7442 0 0 0 7442
7442 0 7442 7442 0 0 0 0 7442 7442 7442 0 0 0 7442 7442 7442 7442
0 0 0 0 0 0 0 0 0 0 0 7442 7442 7442 7442 7442 7442 7442
7442 7442 7442 7442 7442 7442 7442 7442 7442 7442 7442 7442 7442 7442 7442 7442 7442 7442
0 0 0 0 0 8200 0 0 0 0 0 0 0 0 0 0 0 0
0 0 0 0 8200 1100 7200 5300 3500 3600 7110 7110 7110 7110 7110 7110 7110 7110
0 0 0 0 0 0 0 0 0 0 0 0 0 7442 7442 7442 8200 7360
7442 7442 7442 7442 7442 7442 7442 7442 7442 7442 7442 7442 7442 7442 7442 7442 7442 7442
7442 7442 7442 7442 7442 7442 7442 7442 7442 7442 7442 7442 7442 7442 7442 7442 7442 7442
0 0 0 0 0 0 0 0 0 0 0 0 0 0 0 7442 0 0
7442 7350 7442 7442 7442 7442 7442 7442 7442 7442 7442 7442 7442 7442 7442 7442 7430 7442
0 0 0 7442 7442 0 7442 7442 0 0 0 0 0 0 0 0 0 0
0 0 7442 0 0 0 0 0 0 0 0 0 0 0 0 0 0 0
7442 7442 7442 7442 7442 7442 7442 7442 0 7442 7442 0 0 0 7442 7442 7442 7442
7442 7442 7442 7442 7442 7442 7442 7442 7442 7442 7442 7442 7442 7442 7442 7442 7442 7442
7442 7442 7350 7442 7420 7442 7420 7442 7442 7420 7442 7420 7442 7420 7442 7420 7442 7442
7442 7442 7442 7442 7442 7442 7442 7442 7442 7442 7442 7442 7442 7442 7442 7442 7442 7442
7442 7442 7442 8200 7442 7442 1200 7442 7442 7442 7442 1100 7200 0 0 0 0 0
0 0 0 8200 0 0 0 0 0 0 0 0 0 0 0 0 0 0
7442 7442 7442 7442 7442 7442 7442 7442 7442 7442 7442 7442 7442 7442 7442 7442 7442 7442
7442 7446 7430 7420 7449 7410 7410 7410 7410 7410 7410 7140 7140 7140 7140 7140 7140 7140
0 0 0 0 0 0 0 0 0 0 0 0 0 0 0 0 0 0
0 0 0 0 0 0 0 0 7442 0 0 0 0 0 0 7442 7442 0
0 0 0 0 0 0 0 0 8200 8200 0 0 0 0 0 0 0 0
7442 7445 7420 7442 7442 7442 7442 7442 7442 7442 7442 7442 7442 7442 7442 7442 7442 7442
7442 7442 7442 7442 7442 7442 7442 7442 7442 7442 7442 7442 7442 7442 7442 7442 7442 7442
7442 7442 7442 7442 7442 7442 7420 7445 7320 7442 7442 7442 7442 7442 7442 7442 7442 1100
0 0 7442 7442 7442 7442 0 7442 7442 7442 7442 0 0 8200 0 0 0 0
0 0 0 0 0 0 7442 7442 7442 7442 0 7442 7442 7442 0 0 0 0
7442 7442 8200 7442 7442 0 0 0 0 7442 0 7442 7442 7442 0 0 0 0
0 0 0 0 0 0 0 0 8200 0 0 0 0 0 0 7442 0 7442
0 7442 7442 7350 7330 8100 1200 7340 7442 7360 0 7442 8100 7320 7330 7330 7442 7442
7442 7442 7442 7442 7442 7442 7442 7442 7442 7442 7442 7442 7442 7442 7442 7442 7442 7442
7442 7442 7442 7442 7442 7442 7442 7442 7442 7442 7442 7442 7442 7442 7442 7442 7442 7442
0 0 0 0 0 7442 7442 7442 7442 7442 7442 7442 7442 7442 7442 7442 7442 7442
0 0 0 0 0 0 0 0 0 0 0 0 0 0 7442 0 0 0
0 0 8200 1100 7200 5300 3500 3600 7110 7110 7110 7110 7110 7110 7110 7110 7110 7110
8400 7442 7442 7442 7442 7442 8200 7442 7442 7442 0 0 0 7442 7442 7442 7442 7442
0 0 0 0 7442 7442 7442 7442 7442 7442 7442 7442 7442 7442 7442 7442 7420 7442
7442 0 7442 7442 7442 0 7442 7442 7442 0 0 0 0 0 7442 7442 7442 0
7442 8200 7442 7442 8100 7360 7330 8400 1100 7200 0 0 8200 8200 0 0 8200 0
7442 1100 1200 7442 7442 8400 1100 7442 7442 7442 7442 7442 7442 0 0 0 0 7442
0 0 0 0 0 0 0 0 7442 0 0 8200 1100 7200 5300 0 0 0
7442 7442 7442 7442 7442 7442 7442 7442 7442 7442 7442 7442 7442 7442 7442 7442 0 7442
0 8200 0 0 0 0 0 0 0 0 0 0 0 0 0 0 0 0
8400 7442 7442 8100 7442 8100 7442 0 7442 7442 8200 7420 7442 7330 0 0 0 0
7446 7442 7442 7442 7442 7442 7442 7442 7442 7442 7442 7442 7442 7442 7441 7442 7442 7442
7442 7442 7442 7442 7442 7442 7442 7442 7442 7442 7442 7442 7442 7442 7442 7442 7442 7442
7442 7442 7442 0 7442 7442 7442 0 0 0 0 0 0 0 0 7442 8200 1100
0 7442 7442 0 7442 0 0 7442 7442 0 7442 0 7442 7442 0 0 0 0
7442 0 0 0 7442 8200 1100 0 0 0 7442 7442 0 0 0 0 0 0
7442 7442 7442 7442 7442 7442 7442 7442 7442 7442 7442 7442 7442 7442 7442 7442 7360 7442
7442 7442 8200 0 7442 7442 7442 7442 7442 7442 7442 7420 7442 7442 7442 7442 7442 0
7442 7442 7442 7442 7442 7442 7442 7442 7442 7442 7442 7442 7330 8100 7330 7445 7442 7442
0 0 0 0 0 0 0 0 0 0 8200 1100 7442 0 0 0 7442 7442
0 0 0 0 0 0 0 0 0 0 7442 7442 7442 7442 7442 7442 7442 7442
7442 7442 7360 7330 8100 7350 8100 7350 8400 8100 7330 8100 7310 7320 7360 8100 7310 7430
0 0 0 0 7442 0 0 0 0 0 0 0 0 0 0 0 0 0
0 0 0 0 0 0 7442 7442 7442 7442 7442 7442 7460 7442 7442 7442 7442 7442
7442 7442 7442 7442 7442 7442 7442 7442 7442 7442 7442 7442 7442 7442 7442 7442 7442 7442
0 0 0 0 0 0 0 0 0 0 0 0 0 0 0 0 0 0
0 0 0 0 0 0 0 7442 0 8200 0 0 0 0 7442 7442 8400 1100
7442 7442 7442 7442 7442 7442 7442 7442 7442 7442 7442 7442 7442 7442 7442 7442 7442 7442
7442 7442 7442 7442 7442 7442 7442 7442 7442 7442 7442 0 0 0 7442 0 7442 0
7442 7442 7442 7442 7330 7442 8400 7442 8200 7442 7442 7360 8100 0 8200 1100 0 0
7442 7442 7442 7442 7442 7442 7442 7442 7442 7442 7442 7442 7442 7350 7430 7420 7449 7410
0 0 0 0 0 8200 0 7442 0 7442 8200 1100 0 0 0 0 0 0
7442 7442 7442 7442 7442 7442 7442 7442 7442 7442 7442 7442 7442 7442 7442 7442 7442 7442
7442 7442 7442 7442 7442 7420 7442 7442 7442 7330 7330 7442 7442 7442 7442 7442 7442 7442
1200 7442 1100 1100 7200 0 0 0 0 0 0 0 0 0 0 0 0 0
7442 7350 7360 7310 7340 7310 7360 7430 7445 7360 7442 7442 7442 7442 7442 0 7442 7442
7420 7442 7350 7442 7442 7442 7442 7442 7442 7442 7442 7420 7442 7442 7442 7442 7442 7442
0 0 0 0 0 0 0 0 7420 8400 7442 7330 8100 7360 8400 1200 7330 7442
0 0 0 0 0 0 8200 1100 7200 7442 7442 7442 7442 8200 0 7442 7442 8200
0 0 0 0 0 0 0 0 0 0 0 0 0 0 0 7442 7442 0
0 7442 8400 8200 0 0 8200 0 7442 7442 7442 7442 8100 7442 7442 7320 0 0
7442 7442 7442 7442 7442 7442 7330 7442 7442 0 7442 0 0 0 7442 7442 7442 7442
0 0 0 0 0 0 7442 0 0 0 7442 7442 7442 7442 7442 7442 0 0
7442 7310 7430 7340 7443 7410 7410 7410 7140 7140 7140 7140 7410 7140 7140 7140 7140 7140
7442 7442 7442 7442 7442 7442 7442 7442 7442 7442 7442 7442 7442 7442 7442 7442 7442 7442
1200 7360 8100 1200 7200 5300 3500 3600 7110 7110 7110 7110 7110 7110 7110 7110 7130 7140
8200 0 0 0 0 7442 0 7442 0 7442 7442 0 0 0 7442 7442 0 7442
7442 7442 7442 7442 7442 0 0 7442 7442 1100 7442 7442 7442 7442 0 7442 7442 7442
0 0 0 0 0 0 0 0 0 0 0 0 0 7442 0 0 0 7442
7442 7442 7442 7442 7442 7442 7442 7442 7442 7442 7442 7442 8200 7442 0 0 0 0
7442 7420 7430 7443 7449 3500 7410 7410 7140 7140 7140 7140 7140 7140 7130 7130 7140 7140
8200 7442 8200 7442 7442 7442 7442 0 0 0 7442 0 0 7442 7442 7320 7442 7442
7310 8100 7310 8400 5600 5300 5500 3500 3600 7130 7130 7120 7120 7110 7110 7110 7110 0
7442 7442 7442 7442 7442 7442 7442 7442 7442 0 7442 0 0 0 0 7442 7442 7442
7442 7442 7442 7420 7442 7442 7330 7330 0 0 0 7442 7442 8200 7442 7442 7442 7442
0 0 0 0 7442 7442 0 7442 7442 1100 1100 7442 7442 7442 7442 7442 7442 7442
0 0 4000 1400 7447 0 0 0 0 0 0 0 0 0 0 0 0 0
7320 7420 7420 7445 8100 7430 1200 7442 7442 7442 7442 7442 7442 7442 0 7442 7442 7442
7330 7320 7360 7350 7330 7442 7442 7360 7420 7350 7442 8100 7360 7442 7360 7360 7310 8100
7442 7442 7420 7420 7420 8100 7330 8400 7420 7350 7350 7360 7420 7310 8400 8400 7442 7320
0 8200 8200 7442 8200 0 7442 0 0 0 0 0 0 0 0 0 0 0
7442 7442 7442 7330 7442 7442 7442 7442 7442 7442 7442 7442 7442 7360 7442 7442 7442 8400
0 0 0 0 0 7442 8200 0 7442 8400 7442 8100 7442 7442 7442 8200 7442 7442
7442 7442 7442 7442 7442 7442 7442 7442 7442 7442 7442 7442 7442 7442 7442 7442 7442 7442
0 7442 7442 0 0 0 0 0 0 0 0 0 0 0 0 0 0 0
7442 7442 7330 8200 1100 0 0 0 0 0 0 0 0 0 0 0 0 0
7442 7442 7442 7442 7442 7442 7442 7442 7442 7442 7442 7442 7442 7442 7442 7442 7442 7442
7442 7442 7442 7360 7330 1200 7442 7442 7360 1200 1200 7200 7200 5300 3500 3600 7120 7130
7443 7442 7442 7442 7442 7442 7442 7442 7442 7442 7442 7442 7442 7442 7442 7442 8400 7442
7350 7442 7420 7442 7420 7350 7350 7442 7442 7442 7420 7350 7442 7442 7420 7442 7420 7442
7442 7442 7442 7442 7442 7442 1100 7200 7442 7442 8100 0 0 0 0 0 0 0
7442 7442 7442 7442 7442 7442 7442 7442 7442 7442 7442 7442 7442 7442 0 7442 7442 7442
0 0 0 0 0 0 0 0 0 0 8200 0 0 0 0 0 0 0
7442 8100 7442 7442 7442 8100 7442 7360 7442 7442 7442 7442 7442 7442 7442 7442 0 7442
0 0 7442 7442 7442 7442 7442 7442 7442 7442 8200 8100 0 0 0 7442 0 0
0 0 0 0 0 0 0 7442 7442 7442 7442 0 0 0 0 0 0 0
0 0 0 0 7442 0 7442 0 7442 7442 7442 7442 0 0 0 0 0 0
0 0 7442 7320 0 0 0 8200 0 7442 8200 0 0 0 0 0 8200 0
7442 7442 0 0 0 0 0 0 0 0 7442 8200 0 0 0 0 0 0
0 0 0 0 0 0 0 0 0 0 0 0 0 0 8200 0 0 0
0 0 0 0 0 0 0 0 0 0 0 0 8200 0 0 0 0 0
7442 8100 0 7442 7442 7442 8100 7350 7442 7442 8400 8200 0 7442 7442 7442 7420 7420
0 0 0 0 0 0 0 0 0 0 0 0 0 0 0 0 0 0
7442 7442 7442 7442 7442 7442 7442 7442 7442 7442 7442 0 7442 0 0 7442 0 0
7442 8400 1100 7200 3500 3600 7110 7110 0 0 0 0 0 0 0 0 0 0
0 7442 7442 7442 7442 7442 7442 7442 7442 7442 7442 7442 7442 7442 7442 7442 7442 7442
7442 7442 7442 7442 7442 7442 7442 7420 7442 7442 7442 7442 7442 7442 7442 7442 7442 7442
7442 7442 7442 7442 7442 7442 7442 7442 7442 7442 7442 7442 7442 7442 7442 7442 7442 7442
