0 0 0 0 0 0 0 0 0 0 0 0 10011 0 0 46 0 0 0 0 0 0 24 0 16 0 54 0 11 0 52 27 103 29 0 15 0 0 0 11 0 6 0 0 0 0 0 0 0 0 0 0 0 0 10 0 9 0 0 0 0 0 0 0 0 0 0 0 0 0 0 0
134 0 0 0 0 0 0 0 0 0 0 0 0 0 0 0 0 4593 0 0 0 0 0 0 0 5 361 0 0 61 0 24 0 31 0 6 0 55 0 123 0 29 0 5 0 68 0 44 35 32 0 0 0 0 0 0 0 0 0 0 0 0 0 51 5 0 0 0 0 0 0 0
0 0 0 0 0 0 0 38 0 0 0 0 0 0 0 0 0 11 0 8178 311 6 0 0 0 0 0 1734 400 0 0 0 43 0 40 0 0 0 0 0 1317 74 0 112 0 0 0 0 0 0 0 0 0 0 0 0 0 0 0 0 0 0 0 0 0 0 0 0 0 0 0 35
0 1128 102 0 4496 774 10025 0 0 0 0 0 0 0 0 0 0 0 19 21601 37 0 0 0 0 0 0 0 0 29 0 0 0 0 0 0 0 0 0 0 0 0 0 0 0 0 93 0 2036 30 0 26 0 24 0 904 0 0 0 0 0 526 261 2341 0 0 0 0 33 2327 388 9
0 0 0 0 0 0 0 0 17 0 51 999 20 0 0 0 0 11 5 0 0 0 0 52 0 0 0 627 19 769 0 0 0 0 0 0 0 15 0 27 0 0 0 3729 0 35 28 0 80 0 208 0 6 0 8043 4893 493 0 5 48 364 0 30 0 0 17 0 283 65 0 9 0
15184 50 0 0 0 0 0 0 0 0 0 0 186 13 0 8 0 8 0 0 0 593 0 0 0 0 0 20 0 0 0 59 0 0 0 0 0 0 0 0 0 0 0 0 0 0 36 4997 0 1778 6162 237 0 0 0 0 0 0 0 0 477 0 29 0 0 0 0 0 0 0 0 0
0 0 290 0 38 0 84 0 69 0 53 0 13 0 0 0 0 0 0 21 0 0 0 0 0 39 0 7 0 6624 0 6 0 0 0 0 0 0 0 0 0 0 0 0 0 0 0 0 0 8005 231 0 0 0 0 0 10 0 5 0 22 0 7 0 0 0 32 0 0 0 29 0
0 0 0 0 0 0 0 0 0 0 0 0 0 0 0 0 0 0 0 0 0 0 0 0 0 0 0 0 0 0 0 0 0 0 0 0 0 14667 0 9 0 7 0 29 0 0 0 3729 0 0 0 0 0 0 59 0 31 17 10 7 12 445 37 0 22 54 16 0 0 0 0 0
0 0 0 0 0 0 0 7 0 951 21601 38 13 59 0 0 4304 6368 16 0 0 0 0 0 0 4384 6 420 135 7 0 0 0 0 0 0 0 0 0 0 0 11 0 0 0 459 2353 54 6 11 0 54 0 0 0 0 0 61 0 0 0 0 33 0 0 0 0 0 13 98 0 0
12211 727 0 0 0 0 0 0 0 0 0 0 0 0 0 0 0 0 0 0 0 0 0 0 0 0 0 0 0 0 0 0 0 0 0 0 0 244 84 0 0 0 95 0 0 0 0 0 0 0 0 0 0 0 0 0 382 21601 27 0 563 1623 0 17 0 22 0 0 0 10 0 0
0 0 0 0 0 0 0 0 0 17 0 12 0 0 0 0 0 329 0 216 0 5 0 38 0 53 0 21 0 30 15292 31 18 0 13 0 5 0 271 0 0 0 0 0 0 12 0 0 0 0 0 83 0 6 0 0 0 765 0 53 0 0 0 0 0 0 0 0 0 0 0 0
0 0 0 0 0 0 0 0 0 0 446 0 69 0 111 0 5 0 0 0 0 0 0 0 0 0 4757 487 0 0 0 0 0 0 13 0 0 0 0 0 205 0 0 0 0 0 0 0 1446 5194 46 0 6 0 0 0 0 0 2271 0 74 0 0 0 6 5 493 0 40 8 79 0
0 0 0 27 0 8 0 19 0 8 10011 0 0 0 0 0 0 0 41 0 0 0 0 0 0 0 0 8 0 20 0 0 0 0 0 587 2341 207 30 2356 0 37 0 0 30 0 136 0 5 153 4398 70 0 49 0 0 0 0 0 36 0 5 0 0 0 0 0 0 0 0 0 0
0 24 14 0 87 0 19 0 8 0 0 0 0 0 10 0 29 0 44 5 19 33 0 6 6 1579 221 12 49 97 0 0 0 0 10 0 0 0 466 16 552 0 0 0 0 0 207 0 0 0 0 0 0 0 0 0 0 0 16917 0 0 0 23 0 0 0 0 0 0 0 0 0
244 16 16 305 0 0 0 0 0 12 16332 449 0 9 26 0 0 0 123 0 0 0 80 0 22 652 0 0 0 0 0 0 0 0 0 186 36 6 0 10 0 0 0 0 0 0 9 0 12 0 0 0 0 0 1581 0 302 0 0 1844 0 60 3296 0 0 0 0 0 0 720 0 0
0 0 0 0 0 0 0 0 0 0 0 0 0 0 0 0 0 0 0 0 0 66 0 0 0 21 0 110 0 24 0 22 6 8 0 100 0 0 0 0 0 0 0 0 0 0 0 0 0 0 0 0 0 0 0 0 43 129 0 0 0 8 0 19 532 429 269 94 7 0 16 0
0 0 0 0 0 30 3093 947 0 0 0 0 0 0 0 0 0 0 0 0 0 51 6054 33 0 0 0 0 0 0 0 0 0 0 0 0 0 7 0 40 0 100 0 1766 0 0 1263 7 0 10011 0 0 0 0 0 0 0 0 0 0 0 216 0 0 0 0 38 0 0 0 48 0
24 0 0 0 0 0 0 0 0 0 0 0 1168 407 0 0 0 0 0 0 0 0 0 0 0 0 0 0 0 0 0 0 0 0 0 0 0 0 0 0 0 0 0 0 0 0 0 0 0 0 0 0 0 0 0 0 0 0 0 0 0 0 0 0 904 0 0 0 6 0 0 0
0 0 0 0 0 0 0 0 0 1264 0 0 0 0 0 0 0 0 0 0 0 0 0 0 0 0 0 0 0 0 0 0 0 2493 0 0 0 0 38 57 0 0 0 0 0 0 0 0 0 11692 407 0 0 0 0 0 0 0 0 0 47 0 33 0 27 47 14 0 502 0 0 0
0 0 0 0 0 0 26 30 22 70 5908 0 0 19 0 110 0 0 0 113 0 0 0 215 61 0 152 25 7 0 18 426 8 34 80 7 31 5 7 0 7 0 57 0 19 0 370 0 8 1766 0 0 0 0 5 0 50 0 10 0 45 0 9 0 0 0 0 0 0 0 9 0
0 0 196 0 0 0 0 10 31 0 0 0 0 67 236 362 28 0 19 0 0 0 5 0 0 666 746 221 11 0 56 0 0 14 103 0 17 0 7045 0 0 0 10 0 0 0 0 0 0 0 0 0 0 0 0 0 1070 0 0 0 0 0 0 0 0 0 0 9 0 0 0 122
4607 0 0 0 0 0 0 0 0 0 0 0 0 0 0 0 0 0 0 0 0 0 0 587 180 0 0 0 10 286 0 29 0 34 93 0 7 0 6 12 135 0 0 68 292 0 39 0 1200 0 20903 493 0 34 0 67 0 10 0 10 0 0 0 27 0 16 0 0 0 95 0 0
0 0 0 0 0 0 0 0 0 0 0 528 103 1978 5170 16 0 47 0 61 7 11 0 0 0 2941 0 0 0 0 0 0 0 0 0 0 0 0 0 0 0 0 0 0 0 5 0 0 0 17 0 6 459 498 902 0 0 0 0 0 0 0 0 0 0 0 91 0 94 0 0 0
0 0 12 55 0 0 305 0 0 0 0 0 0 0 0 0 0 0 38 0 0 0 41 0 0 0 466 22 22 15 0 0 0 0 0 0 0 5 0 7 0 95 0 0 0 0 0 0 0 0 159 0 0 17 0 0 0 0 0 0 0 83 0 54 21601 24 0 46 304 0 0 27
0 0 0 0 0 0 0 0 0 0 0 0 0 0 0 0 0 0 0 0 0 0 0 0 3478 707 1572 0 0 0 0 0 0 0 0 98 0 0 0 0 0 0 0 0 0 0 340 0 0 0 0 0 0 0 0 30 39 12 0 0 20 0 60 14 42 0 646 41 0 0 0 0
0 0 0 0 0 0 0 8814 0 8 0 119 0 11 0 66 52 8 0 103 0 0 0 0 0 0 17601 446 8741 54 0 33 947 9 0 0 236 498 429 39 5 671 17601 4532 26 0 0 0 0 44 0 0 0 0 0 0 0 0 0 0 0 0 0 0 0 0 17 0 14 0 47 0
0 0 0 0 0 0 0 0 89 0 63 0 0 0 0 0 22 0 0 0 7 0 0 0 6 0 6431 14 148 0 0 0 0 0 0 0 0 0 0 0 0 0 0 0 0 0 0 321 1572 0 0 0 0 0 14 0 52 0 0 0 0 0 5204 3608 50 69 0 0 1818 0 0 0
0 0 0 0 0 0 0 0 0 0 0 0 0 0 0 0 0 0 0 1153 0 22 0 0 0 6 45 166 309 0 5194 0 0 0 95 0 0 6 0 16 0 2353 14566 3608 12 0 21601 1855 0 29 0 9 0 41 0 0 0 0 0 0 0 0 0 828 0 5 0 13 0 13 12 62
5675 32746 1326 2405 49990 11600 40 0 11 2391 69 0 25 0 0 0 0 0 0 0 0 0 79 0 84 0 65 0 0 0 0 0 3013 278 0 0 0 5 0 0 0 15184 49 32 77 699 0 15 0 5845 0 6 0 25 0 0 0 0 0 0 0 0 0 13936 252 0 0 0 0 0 0 0
0 0 0 0 0 0 0 0 0 0 0 0 5 12 2512 0 0 0 0 0 0 0 0 0 0 126 0 0 0 0 0 0 0 19 0 0 0 326 0 27 0 29 0 9 0 15 0 0 0 22 0 6 0 0 86 0 22 0 0 0 0 0 0 0 160 0 0 0 234 6 47 58
0 0 0 0 0 0 0 0 0 0 5 0 0 0 8178 0 22 24 0 1013 0 123 0 0 0 0 0 0 0 0 0 0 0 73 0 0 0 0 0 5 0 0 0 0 525 9 0 9 0 16 0 8 0 0 11 0 0 0 0 0 0 0 8814 0 0 0 0 0 0 0 59 0
0 0 0 0 0 0 0 0 0 0 0 0 0 0 0 0 5675 92 0 0 0 0 0 0 0 0 0 0 0 0 0 0 0 0 1533 142 0 0 0 25 359 6 0 6 0 27 0 0 0 6 0 19 14 96 5 43 6 0 0 0 0 5 0 78 28 0 0 0 0 0 50 0
0 0 0 0 0 0 0 0 0 0 0 0 0 0 0 0 0 0 0 0 0 0 0 0 0 0 0 0 0 0 0 0 0 0 0 0 0 0 0 64 0 0 0 0 0 0 0 5 0 40 0 0 0 5875 7 796 0 0 0 0 0 0 0 0 0 0 6 16 51 0 0 2834
0 0 0 0 0 0 0 0 0 0 7 0 7 0 16 0 22 48 6 0 6 0 17 0 35 0 17 0 6 0 39 8663 0 0 0 0 0 0 0 14566 3871 0 34 0 13 0 7 0 0 0 0 0 0 0 0 0 0 0 0 0 0 709 0 0 0 0 0 0 0 27 0 0
0 0 0 0 0 0 0 0 0 0 0 8294 0 0 0 0 0 62 0 23 0 0 0 0 0 0 0 0 0 0 0 0 0 0 84 0 17 0 20 34 16972 0 0 0 48 0 0 0 0 0 32 0 32 0 0 19 0 54 0 36 0 0 0 0 0 0 22 1489 0 0 10 0
0 0 0 14 0 16 0 84 0 60 5071 0 0 0 0 0 0 0 0 0 0 0 0 0 208 0 29 0 0 0 0 0 1036 22 6 44 16 79 12211 11 12 0 392 0 13 0 20 0 0 0 50 0 0 0 0 0 0 0 0 0 2799 0 21601 0 12 7 0 290 0 64 0 22
6 15927 0 0 0 0 0 0 0 0 0 0 0 0 0 0 0 73 0 16 0 48 20 1546 278 0 0 5 0 0 0 0 5 24 0 0 0 0 0 0 1844 0 13 0 130 0 0 0 0 26 0 0 0 0 0 0 0 20 51 12908 792 0 0 0 0 0 0 0 0 0 0 0
0 0 0 0 0 0 0 0 0 0 0 0 0 0 0 0 0 0 0 0 0 0 0 0 0 0 0 0 0 0 24 0 6 0 934 48 78 5 12 0 0 0 47 0 0 0 5 0 0 0 26 0 11 0 21 17 0 99 0 23 0 6 0 23 0 31 0 489 38 14 0 0
0 0 0 112 0 0 0 0 0 0 0 186 552 0 0 0 0 0 0 0 0 0 0 103 0 15 0 13 0 6 0 17 0 0 0 60 5 11 0 0 0 0 0 0 0 0 0 0 0 0 0 0 0 0 0 0 0 0 11 0 33 0 17 0 0 0 0 0 0 1070 0 1162
16044 9 0 0 0 0 0 0 0 0 0 0 0 0 0 0 0 0 0 0 0 0 0 0 0 0 0 0 0 0 0 0 0 0 51 0 0 0 0 0 13 61 4383 0 0 0 0 0 0 0 0 0 0 0 0 0 24 0 0 0 0 0 0 0 0 0 0 0 0 0 0 0
0 0 0 0 0 0 0 22 32 0 114 0 0 0 13 9 0 0 0 15 0 30 0 59 0 0 0 0 0 0 0 0 0 0 0 0 174 0 14 5 28 7 0 24 0 89 0 11 0 0 0 0 0 0 0 0 8043 0 0 0 0 0 0 0 0 13936 180 0 0 17 0 28
0 0 0 0 0 0 0 0 0 0 0 0 0 0 79 0 113 58 0 0 0 0 123 0 74 0 509 0 0 0 0 0 0 0 0 0 0 0 49 0 19 24 17 7 5071 0 45 2589 3170 4668 630 0 0 0 0 0 0 0 0 0 0 0 0 0 0 0 243 0 19 734 0 7
0 0 0 0 0 0 0 0 0 0 0 0 0 0 7339 5 48 242 0 0 0 0 0 1451 5 0 11 0 37 0 0 0 0 0 0 61 0 83 100 5 6 47 10261 320 9 548 0 3929 42 0 5 0 16 0 0 0 0 0 9 0 0 0 6 0 77 0 0 0 0 0 13 0
0 0 0 0 0 0 0 0 0 3577 0 0 0 18 0 2605 0 18 0 5 0 0 0 0 0 13 0 93 0 0 0 63 0 0 0 0 0 0 12 0 0 0 0 0 0 0 0 0 0 0 0 0 0 0 0 0 0 0 0 0 0 0 0 2436 12 0 50 0 0 0 0 0
0 0 0 0 0 0 0 0 0 0 0 0 0 0 0 0 129 6 0 18 0 98 0 15 0 0 0 0 0 0 0 0 0 0 0 0 0 0 0 33 0 0 0 0 0 0 0 24 0 22 0 25 0 0 0 0 0 0 0 0 21 0 0 0 152 25 552 0 0 0 68 12
18 0 0 0 0 50 0 0 0 603 0 0 0 0 0 10 0 0 0 33 45 0 123 0 2492 0 7 0 62 7848 70 11 71 0 20 6368 548 0 0 0 0 0 0 25 0 0 0 0 0 29 0 0 0 0 0 0 0 0 0 0 0 0 1172 0 174 0 0 0 0 0 0 0
0 0 0 0 0 0 0 0 0 0 0 0 0 0 0 0 0 0 0 0 0 0 0 0 0 0 274 0 8 0 32 0 6 0 89 0 171 0 0 0 0 0 0 0 0 0 0 0 0 0 12 0 257 0 16 0 47 0 16 0 62 0 0 13 0 283 8 6 1039 27 0 0
16917 54 14 0 11 0 34 0 5 0 0 0 1419 0 0 0 0 0 0 0 0 1524 58 4180 320 9 0 0 0 5 0 355 0 0 0 0 0 0 0 0 0 0 0 0 0 0 17 0 41 0 310 0 0 0 67 0 0 48 16 0 0 0 0 0 0 142 0 40 0 0 0 0
0 0 0 0 0 0 18 14 32 11 45 354 1064 0 65 0 59 0 32 0 9 0 419 0 1814 768 0 0 0 0 0 0 0 0 0 0 0 0 2019 0 0 0 0 0 0 0 206 20053 301 6 390 1419 82 0 0 0 0 0 0 0 1487 92 0 1721 0 0 0 0 0 13936 8 2026
0 0 0 0 0 0 0 0 0 0 0 0 0 0 0 0 0 62 0 0 13 0 0 0 0 0 7 0 0 0 0 108 20 0 69 0 944 0 22 0 203 0 0 0 28 0 0 0 0 0 0 0 0 0 11 0 8663 0 0 0 601 0 0 0 199 18 226 0 0 0 0 0
