62 62 62 62 62 62 62 30 62 61 62 62 65 62 62 62 62 62
62 62 30 62 62 62 62 62 10 62 62 62 62 62 62 62 61 62
62 62 62 62 62 62 62 62 62 65 62 62 62 62 62 65 62 62
62 62 62 63 62 30 62 62 62 65 62 62 62 65 62 62 62 62
62 62 62 62 62 62 62 62 62 63 62 62 62 62 62 30 62 62
63 62 62 63 62 62 62 62 62 63 62 62 61 62 62 62 65 62
62 62 62 62 61 62 62 62 61 62 62 30 62 62 62 62 66 62
62 62 62 62 62 61 62 61 62 62 62 63 62 62 62 62 62 62
62 62 62 62 62 62 62 62 65 62 62 62 63 62 62 66 62 50
62 62 62 62 62 62 30 62 62 40 62 62 62 62 62 62 62 62
62 62 61 62 62 40 62 40 62 62 62 62 62 62 62 62 66 66
62 62 62 62 62 62 62 62 62 62 62 62 62 62 62 62 62 62
62 62 62 62 62 62 62 62 62 10 40 62 62 50 62 62 62 62
62 62 62 62 62 62 40 62 65 50 62 62 62 62 66 62 62 62
62 62 62 62 62 62 62 62 62 62 62 62 65 62 63 62 62 62
63 62 62 62 40 61 62 63 62 62 62 62 63 62 50 63 62 62
62 62 62 62 62 62 62 62 66 63 62 62 62 62 62 62 62 62
62 62 62 62 62 62 62 62 62 62 62 62 65 62 62 62 62 62
62 62 62 62 62 62 62 62 62 62 62 62 62 62 62 62 62 62
62 62 62 62 62 62 64 62 62 62 62 62 61 62 62 62 62 62
62 62 62 62 62 62 30 62 62 62 62 30 62 62 62 62 50 62
62 62 62 62 62 61 62 65 62 62 62 61 62 62 62 62 62 62
62 62 62 62 62 62 62 62 30 62 62 62 62 62 65 62 62 62
62 62 63 62 62 40 62 62 62 62 62 62 30 62 62 62 62 62
62 62 62 62 62 30 62 62 62 62 66 30 62 62 65 62 62 62
62 62 62 62 64 30 62 62 66 62 62 50 62 62 62 62 62 62
62 62 40 61 20 62 62 62 62 65 62 62 62 62 62 50 64 62
62 62 62 62 62 62 62 62 62 10 62 62 50 62 62 40 62 50
62 62 62 62 62 62 62 62 62 62 62 62 62 62 64 62 62 62
62 62 62 62 40 40 64 61 65 62 62 62 62 62 62 62 65 62
62 62 62 62 62 40 62 62 62 62 62 62 66 62 62 62 62 62
62 62 62 62 62 62 62 62 62 62 10 62 62 62 65 62 63 62
62 62 62 62 40 62 62 62 62 62 50 40 62 62 30 62 62 62
62 62 40 30 62 62 62 62 65 62 62 62 62 10 62 62 50 50
62 62 62 30 62 62 62 62 30 62 61 62 62 62 40 40 62 62
62 62 63 63 62 62 50 62 62 62 62 62 62 62 62 62 65 62
62 62 62 62 62 30 10 62 62 62 62 62 62 62 62 62 10 62
62 62 62 62 62 62 62 62 62 62 62 62 62 62 62 62 65 62
62 62 62 62 62 61 62 62 62 62 62 65 62 62 62 62 62 62
62 62 64 62 62 30 62 62 62 62 62 62 40 62 62 50 66 30
62 62 62 62 63 63 62 62 62 62 62 62 62 62 62 62 62 62
62 62 62 62 62 30 62 65 62 62 62 62 62 62 62 62 62 65
62 62 62 62 62 62 62 62 62 62 62 62 62 62 62 50 62 62
62 62 62 62 62 40 62 62 62 62 62 62 62 62 62 62 62 62
62 62 62 62 61 61 65 62 62 62 62 62 62 62 62 62 62 62
62 62 62 62 62 62 62 62 62 62 62 62 62 62 62 62 62 65
62 62 62 62 62 40 61 62 63 62 62 62 62 62 62 62 62 62
62 62 62 62 62 61 62 63 62 62 62 62 62 62 62 62 62 62
62 62 64 62 62 62 62 62 62 62 62 10 62 30 62 62 62 62
62 62 62 62 62 62 62 62 62 62 62 65 62 62 10 62 62 40
62 62 62 62 62 30 62 62 62 62 62 62 62 62 62 62 30 40
62 62 63 62 61 40 62 62 63 62 62 62 62 62 62 62 62 62
62 62 63 62 62 40 62 62 62 62 62 62 62 62 62 62 65 62
62 62 64 62 30 30 61 10 62 62 65 64 62 62 62 62 62 65
62 62 62 62 62 62 62 62 62 62 62 62 62 62 62 62 62 62
62 62 61 62 61 62 30 30 30 20 61 62 62 62 62 62 62 62
62 62 63 62 62 30 62 62 62 62 65 62 62 62 62 30 62 62
62 62 63 62 62 62 62 62 62 62 62 63 62 62 30 62 30 62
62 62 62 62 62 40 62 62 62 62 62 62 62 62 62 62 62 62
62 62 62 62 62 62 62 61 50 62 62 62 62 62 62 62 62 62
62 62 62 62 62 62 61 62 62 62 62 50 62 62 62 62 62 62
62 62 62 62 30 20 30 62 62 62 62 62 62 62 50 62 62 50
62 62 62 62 62 62 62 62 62 62 62 62 50 65 62 62 62 62
62 63 62 62 62 62 62 30 62 62 62 62 62 62 62 62 62 62
62 62 62 62 62 62 62 62 62 62 62 62 62 62 62 62 62 62
62 62 62 62 62 62 62 62 62 65 62 62 62 62 62 62 62 62
62 62 62 62 62 62 62 62 62 62 62 66 62 62 62 62 62 62
62 62 62 61 62 30 40 62 62 62 40 62 62 62 62 62 62 62
62 62 64 63 30 62 62 65 62 62 10 63 62 62 63 62 62 62
62 62 64 62 62 65 62 62 65 62 62 62 62 40 62 62 62 62
62 62 62 62 63 62 62 62 62 62 62 62 62 62 62 62 66 62
62 62 62 62 62 62 62 62 62 63 62 62 62 62 62 62 62 62
62 62 62 62 62 62 62 62 62 64 63 62 62 62 62 62 62 62
62 62 62 30 62 62 62 62 62 62 50 65 62 62 65 65 62 62
62 62 63 62 62 62 62 62 62 62 62 66 62 62 30 30 62 30
62 62 63 62 62 62 62 62 62 64 62 62 30 30 62 62 62 65
62 62 30 62 62 62 62 62 62 62 62 62 62 64 62 62 62 62
62 62 62 62 62 61 62 62 62 20 63 50 62 62 62 62 62 62
62 62 30 62 62 63 62 62 62 62 62 63 62 62 62 30 62 65
62 62 62 62 62 30 62 62 62 62 62 62 62 62 62 62 62 62
62 62 62 62 62 40 62 62 65 62 62 62 62 62 62 62 62 62
62 62 62 62 61 61 63 66 65 62 62 62 65 62 30 62 62 62
62 62 65 62 62 62 62 62 62 62 62 62 62 62 62 62 61 62
62 62 62 62 30 62 62 62 63 62 62 10 62 62 62 30 62 62
62 62 62 61 40 62 62 62 62 62 62 62 62 62 62 62 62 62
62 64 62 62 65 62 65 62 62 62 62 62 10 62 30 62 40 62
62 62 62 62 62 40 62 62 62 62 62 62 62 62 62 62 62 62
62 62 62 62 62 40 62 62 62 62 40 62 62 62 62 62 63 62
62 62 62 62 62 62 30 62 62 62 62 62 65 62 62 62 66 62
62 62 62 62 62 40 62 62 62 50 10 62 62 62 62 62 62 62
62 62 64 62 62 30 62 62 62 62 62 62 62 61 62 62 62 61
62 62 62 62 62 62 62 62 62 10 62 63 62 62 62 62 30 62
62 62 63 63 30 62 61 62 62 62 40 50 65 62 62 62 62 62
62 62 62 62 62 62 62 62 62 62 62 62 62 62 64 66 62 62
62 62 62 30 62 63 65 62 65 62 62 62 62 65 62 62 62 62
62 62 62 62 63 62 63 62 61 62 62 62 61 62 62 62 30 61
62 62 62 62 62 62 62 62 62 62 62 62 62 62 62 62 62 62
62 62 62 62 62 62 65 62 62 62 62 62 62 62 62 62 61 62
62 62 62 62 62 62 62 62 62 62 30 62 62 62 62 62 62 65
62 62 62 62 62 62 62 61 62 62 65 62 62 62 62 62 62 62
62 62 62 62 62 10 62 62 62 62 62 62 62 62 62 63 62 62
62 62 62 62 62 20 62 62 62 62 62 30 62 30 62 62 62 62
62 62 62 62 63 62 62 62 62 64 10 62 62 62 62 62 62 62
62 62 62 62 62 30 62 62 62 62 63 62 62 63 62 30 62 62
62 62 63 30 61 40 62 62 62 10 62 62 62 62 62 65 62 62
62 62 62 62 62 30 62 62 62 62 50 62 62 64 62 62 65 62
62 62 62 63 40 62 62 62 62 40 62 62 62 62 62 62 62 62
62 64 61 30 62 62 62 65 62 62 62 50 62 62 62 62 62 62
62 62 63 62 64 30 63 62 62 62 62 62 62 62 62 50 62 62
62 62 62 30 62 62 62 62 62 63 62 62 64 62 62 62 62 62
62 62 62 62 62 62 62 62 62 66 62 62 62 62 62 61 62 62
62 62 62 62 40 62 62 62 62 63 62 62 62 62 62 40 62 62
62 62 64 62 62 62 30 62 62 62 62 62 62 62 50 62 62 66
62 63 62 62 62 62 62 62 64 62 62 62 62 62 62 62 62 62
62 62 62 62 62 30 62 62 62 62 62 62 62 50 62 62 62 62
62 62 62 62 61 40 62 62 62 63 62 62 62 62 62 62 62 62
62 62 62 64 61 40 30 62 40 63 62 62 62 62 62 62 62 62
62 62 62 62 40 62 62 62 62 62 62 62 62 64 62 62 62 62
62 62 62 62 62 40 62 62 62 20 61 50 62 62 50 62 62 65
62 62 62 62 63 62 50 62 62 65 62 62 62 10 62 30 62 63
62 62 62 62 63 62 62 62 62 50 62 62 62 62 62 62 62 62
62 62 30 62 62 62 62 62 20 62 62 62 62 62 62 62 66 30
62 62 30 30 62 62 40 62 62 62 62 65 62 62 62 62 62 62
62 62 62 62 61 62 62 62 62 62 62 62 62 62 62 62 30 62
62 62 62 62 62 62 62 62 62 62 62 63 50 50 62 62 62 62
62 62 62 62 62 66 62 62 62 62 30 62 30 62 62 30 62 62
62 62 62 62 62 61 62 62 62 62 40 62 62 62 10 62 62 62
62 62 62 62 62 30 62 62 62 62 40 65 62 62 62 62 62 62
62 30 62 62 62 62 62 62 62 62 62 62 62 62 62 62 62 62
62 62 62 62 62 62 62 62 10 62 62 10 62 62 62 62 65 62
62 62 65 62 62 62 62 62 62 62 62 50 62 62 62 62 62 62
62 62 62 62 62 61 62 62 62 62 62 62 20 62 62 62 62 62
62 62 62 63 62 65 62 62 62 62 62 62 62 62 62 62 65 62
62 62 30 62 61 62 62 62 62 63 62 62 64 62 62 62 62 62
62 62 62 64 61 61 62 62 62 62 62 66 62 62 62 62 63 62
62 62 64 62 62 61 62 62 30 62 30 63 62 62 65 62 62 62
62 62 62 30 62 30 65 62 62 62 62 62 64 63 62 62 62 30
62 62 62 62 62 62 62 62 62 62 10 62 62 62 62 62 62 62
62 62 40 61 62 62 62 62 62 62 62 62 50 62 62 62 62 62
62 62 62 62 62 40 62 62 62 62 62 62 62 62 62 62 62 62
62 62 62 40 62 62 62 62 30 62 62 62 61 65 62 62 65 62
62 62 62 62 62 62 62 62 62 62 50 62 63 50 65 62 62 62
62 62 62 61 30 62 62 62 62 62 62 62 50 50 62 62 62 62
62 62 62 62 62 62 62 62 50 62 62 62 62 62 62 62 62 62
62 62 62 62 63 62 62 62 10 62 50 62 62 62 62 62 62 62
62 62 62 62 62 62 62 62 62 62 62 62 62 61 62 62 62 62
62 62 62 62 62 61 62 62 62 62 62 62 62 62 62 62 62 62
62 62 62 62 62 62 62 62 62 62 62 62 65 62 62 62 62 62
62 62 65 62 62 61 62 62 62 62 62 62 62 62 62 62 62 62
62 62 62 62 30 62 62 50 62 62 62 62 62 62 62 65 62 62
62 62 64 62 62 30 30 62 62 62 62 62 62 62 62 62 50 66
62 62 62 62 62 62 62 62 62 50 62 62 62 62 62 62 62 30
62 62 62 62 40 62 62 62 62 62 62 62 62 62 62 62 63 62
62 63 62 62 62 62 62 62 62 62 62 62 62 62 62 62 62 62
64 62 63 62 62 62 62 62 62 62 62 62 62 62 62 62 62 62
62 62 62 62 62 62 62 62 62 62 62 50 62 62 62 62 66 62
62 62 62 62 62 63 62 62 62 50 62 62 62 62 62 62 62 66
62 62 62 62 61 62 62 62 62 65 62 50 62 62 62 30 62 63
62 62 62 62 63 62 62 30 62 62 62 62 62 62 62 62 62 62
62 62 62 62 62 62 30 62 62 62 62 62 62 62 62 62 62 10
62 62 40 30 30 62 62 62 62 65 62 62 62 62 62 62 62 62
62 62 62 62 62 62 62 62 40 62 62 62 61 62 62 62 62 62
62 62 62 62 62 62 62 62 62 62 62 62 50 62 62 62 62 61
62 62 62 62 62 62 62 62 62 30 62 62 62 62 62 62 62 62
62 62 62 62 62 62 62 62 62 62 62 62 62 62 62 65 62 62
62 62 62 62 62 61 62 62 65 62 62 62 62 62 62 30 62 62
62 62 62 62 62 62 62 10 62 62 62 62 50 62 62 62 62 62
62 62 62 62 62 62 65 62 62 64 50 62 62 62 62 62 62 62
62 62 62 62 62 30 62 62 62 62 62 50 62 62 62 62 62 62
62 62 62 63 62 62 62 62 62 62 62 62 30 62 62 62 62 62
62 62 62 62 62 62 62 62 62 30 62 62 62 62 30 62 62 62
62 62 62 62 62 62 65 62 62 62 62 62 50 62 62 61 50 62
62 62 62 62 40 30 62 62 62 62 63 62 62 62 63 62 62 62
62 62 62 62 64 40 61 62 63 62 62 20 62 63 62 62 62 62
62 62 62 30 62 62 62 62 62 62 40 62 62 62 40 62 62 62
62 62 62 62 62 62 62 62 62 50 62 62 62 50 10 62 62 62
62 64 62 62 62 62 62 62 62 62 62 62 62 62 62 62 62 62
62 62 62 62 62 62 62 62 62 62 62 62 66 62 62 30 62 62
62 62 62 64 10 62 62 62 62 62 62 62 20 30 62 62 62 62
62 62 62 62 62 62 62 62 62 40 62 10 62 62 62 62 62 62
62 62 62 62 62 64 30 62 62 62 62 62 62 62 62 62 62 62
62 62 64 62 62 62 62 40 62 62 66 62 30 62 61 62 62 62
62 62 62 62 20 61 62 62 30 62 62 30 62 30 30 30 64 62
62 62 62 62 62 20 61 62 62 40 62 62 62 62 62 63 50 62
20 40 29 40 62 62 62 62 62 62 62 62 62 63 10 62 64 62
62 62 62 62 62 62 62 62 62 62 66 62 30 62 62 62 62 62
62 62 62 62 62 62 62 62 62 62 62 62 65 62 62 62 62 62
62 62 62 62 62 62 62 62 62 62 20 62 65 62 62 62 62 63
62 63 62 62 62 61 30 62 62 62 62 30 62 62 62 62 40 62
62 62 62 62 62 62 62 62 62 50 62 62 62 62 62 62 62 50
62 62 63 62 40 30 62 62 62 62 62 62 65 62 62 62 50 62
62 62 30 62 62 40 30 10 62 62 65 62 62 65 62 62 62 62
62 62 62 62 62 62 62 62 62 62 62 62 61 62 66 62 62 62
62 62 63 62 62 62 62 62 62 62 40 62 30 62 62 62 62 62
62 62 62 62 64 30 62 65 62 62 62 62 62 64 62 62 62 20
62 62 62 62 62 62 62 62 62 65 62 62 62 62 62 40 62 62
62 62 62 62 62 62 62 62 62 40 62 62 62 62 62 62 62 65
62 64 62 62 62 62 64 62 62 62 62 62 62 62 62 62 66 3
62 62 62 62 30 62 62 10 62 64 62 62 62 62 62 62 62 63
62 62 62 62 62 40 62 40 62 62 50 62 62 62 62 62 30 62
62 62 62 62 62 62 62 62 62 62 62 62 62 62 65 62 65 62
62 62 62 62 62 62 62 62 62 62 62 62 62 64 50 62 62 62
62 62 62 62 30 62 62 62 62 62 62 62 62 62 62 62 62 62
62 62 62 62 62 30 62 61 62 62 62 50 62 62 62 30 62 62
62 62 62 62 62 40 62 62 62 62 62 50 62 62 62 62 62 62
62 62 62 62 62 30 62 62 62 62 62 62 50 62 62 62 62 62
62 62 62 62 62 62 62 63 62 62 62 62 62 62 62 62 62 62
62 62 63 62 30 62 62 62 62 62 62 62 63 66 62 62 62 62
62 62 63 62 62 62 62 62 62 62 62 62 62 62 65 62 62 20
62 62 62 61 62 63 62 65 62 62 62 62 62 62 62 62 62 66
62 62 63 61 62 62 62 62 62 50 62 62 62 62 62 62 62 62
62 62 64 62 62 62 62 62 63 62 62 62 62 62 62 62 63 62
62 62 62 62 62 62 62 62 62 62 62 62 62 62 62 62 62 62
62 62 40 61 62 62 10 62 62 62 62 62 62 62 62 62 62 62
62 62 62 62 62 65 62 64 62 50 66 62 62 62 62 62 62 62
62 62 62 62 62 61 30 62 62 30 62 62 62 62 62 62 62 62
62 62 62 30 62 62 62 62 61 62 50 62 62 62 62 64 62 62
62 62 62 62 62 62 62 62 63 62 63 62 62 62 62 62 62 10
62 62 62 62 62 62 62 62 62 62 62 62 62 62 62 62 62 30
62 62 62 64 62 30 62 62 62 62 62 62 62 62 62 66 30 62
62 62 30 62 62 62 62 62 62 62 62 62 62 62 62 63 66 62
62 62 61 62 62 62 62 62 63 62 62 62 50 62 62 62 62 62
62 62 62 62 62 63 62 62 62 62 62 40 62 62 62 62 62 62
62 62 62 62 30 62 62 62 30 62 61 65 62 62 62 66 62 62
62 62 63 63 62 62 62 62 50 62 62 62 62 62 62 62 62 30
62 62 62 20 30 30 30 62 63 62 62 50 40 62 62 62 62 62
62 62 62 62 62 62 65 62 62 62 62 62 62 62 40 62 63 62
62 62 62 62 62 61 30 61 62 62 62 62 62 62 62 61 62 62
62 63 62 62 62 40 65 62 62 62 62 63 62 62 62 62 40 62
62 62 62 62 62 30 62 62 62 62 62 62 62 62 62 62 50 62
62 62 62 62 62 40 62 62 62 62 62 62 62 62 65 62 62 62
62 62 62 62 40 62 62 62 62 62 62 62 62 62 62 62 62 62
62 62 62 62 62 62 62 62 62 62 20 61 62 62 62 30 62 62
62 62 62 62 62 62 62 62 62 62 62 62 62 62 62 62 62 62
62 62 61 62 62 62 62 62 62 63 62 62 40 62 62 65 62 62
62 62 63 62 62 62 62 62 62 62 62 50 62 62 62 66 62 62
62 62 62 62 62 30 62 62 62 62 62 62 62 63 62 62 62 62
62 62 62 62 62 62 62 62 62 62 62 62 20 61 62 50 62 62
62 62 63 62 62 40 62 62 62 62 62 62 62 50 62 62 62 30
62 62 30 62 40 30 62 62 62 62 10 62 62 65 62 62 62 62
62 62 62 62 62 62 62 62 62 62 62 62 62 62 63 62 62 62
62 62 63 62 62 30 30 62 62 62 65 62 62 62 62 62 62 62
62 63 62 65 62 62 62 62 62 62 62 62 20 65 62 62 62 62
62 62 62 62 62 40 63 62 50 65 62 62 40 62 62 50 62 62
62 62 62 62 62 30 62 62 62 62 61 50 62 65 50 62 62 62
62 62 20 30 62 62 63 62 65 62 62 62 65 62 62 62 62 62
62 62 62 62 62 40 62 62 62 62 30 62 61 62 65 62 62 62
62 62 62 64 65 62 62 63 63 50 62 62 62 62 62 62 62 62
62 62 62 62 62 62 62 62 62 62 62 62 62 30 62 30 30 62
62 62 64 63 62 62 62 62 62 62 62 62 62 30 62 62 62 62
62 62 62 62 64 10 30 62 62 62 62 62 62 62 62 64 62 62
62 62 62 62 62 62 30 62 62 62 62 62 62 62 62 66 62 62
62 62 20 61 62 62 62 62 62 62 62 66 62 62 62 62 62 62
62 62 62 62 62 62 62 62 62 62 62 62 62 30 62 62 62 62
62 62 62 63 62 62 62 62 62 62 62 62 62 61 62 62 62 62
62 62 62 62 62 62 62 62 62 62 62 62 62 62 62 62 62 62
64 62 62 63 62 62 62 62 62 62 62 62 10 62 62 62 62 62
62 62 62 62 62 40 62 62 62 62 61 62 62 62 62 64 62 62
62 62 62 62 62 61 62 62 62 62 62 62 10 62 62 62 62 62
62 62 62 62 62 62 63 30 62 62 62 62 62 65 62 62 62 62
62 62 62 63 62 62 62 62 62 65 62 62 62 30 30 62 65 62
62 62 62 62 62 62 62 61 62 62 62 62 62 62 62 62 62 62
62 62 62 62 61 62 62 62 62 62 62 62 62 62 62 62 66 62
62 62 64 62 62 62 62 62 30 62 40 62 62 62 62 62 62 62
62 62 62 62 62 62 62 62 62 62 62 62 62 30 63 62 62 62
62 40 61 61 62 62 62 62 62 62 66 62 66 63 66 62 62 62
62 62 62 64 61 40 62 62 62 62 62 62 62 62 66 30 62 62
62 62 62 62 62 62 63 62 62 62 62 62 63 62 62 62 62 62
62 62 62 61 62 62 62 62 62 62 62 10 50 62 62 61 62 62
62 62 63 62 62 63 62 62 62 62 61 50 62 62 30 64 61 40
62 62 62 62 62 62 62 62 62 62 62 62 62 62 65 62 62 62
62 62 62 62 62 62 62 62 62 62 50 62 10 62 62 62 62 62
62 62 62 62 62 62 62 62 10 62 65 62 62 62 62 66 62 62
62 62 62 62 62 30 30 63 62 62 62 62 62 40 62 62 40 62
62 62 62 62 62 62 62 62 62 50 50 10 65 62 62 62 62 30
62 62 62 30 62 61 62 50 62 62 62 62 30 62 62 62 62 62
62 62 62 62 40 62 62 62 62 65 62 62 62 62 62 62 62 65
62 62 62 62 62 62 62 62 62 62 62 30 62 61 62 62 62 62
62 62 62 62 62 62 62 62 65 62 62 62 62 40 64 63 62 62
62 62 62 62 40 62 62 62 62 62 62 62 62 62 62 62 62 62
62 62 62 30 62 62 62 62 62 62 62 62 62 62 62 66 62 62
62 62 64 62 62 62 63 62 65 62 62 62 65 62 62 62 62 62
62 62 62 61 62 62 62 62 62 62 62 62 62 62 62 62 62 65
62 62 62 62 62 65 62 61 62 65 62 62 62 62 62 62 62 62
62 62 62 62 62 62 62 62 62 62 62 62 62 62 62 62 62 62
62 62 62 64 62 30 62 62 62 65 62 62 62 62 62 62 62 65
62 62 62 62 62 62 62 62 65 62 62 62 62 62 62 62 62 63
62 62 30 62 30 62 62 30 62 62 62 40 62 50 62 62 62 65
62 62 62 62 40 40 62 62 62 30 65 62 62 62 40 62 61 62
62 62 62 62 62 62 62 62 62 62 62 62 62 63 62 62 62 50
62 62 62 62 62 62 62 62 62 62 62 30 62 62 62 62 62 62
62 62 62 62 61 61 62 62 30 62 40 20 30 40 62 62 62 62
62 62 62 62 62 40 62 62 40 62 62 62 62 62 40 50 62 62
62 62 64 30 62 62 62 62 62 62 50 62 62 65 65 62 62 62
62 62 62 62 30 30 62 62 62 62 62 62 62 62 62 62 62 62
62 62 61 62 62 62 62 62 62 66 62 62 62 62 62 62 62 62
62 62 62 62 62 62 62 63 66 62 62 62 62 62 65 62 62 62
62 62 30 62 61 62 20 62 62 30 62 10 62 62 62 62 62 50
62 62 62 62 62 64 62 62 62 62 62 10 10 62 62 62 62 62
62 62 62 62 61 62 62 62 62 65 62 62 62 62 62 62 62 62
62 62 62 62 62 30 62 62 62 62 62 62 62 62 62 62 62 62
62 62 62 62 62 62 65 62 62 62 62 64 62 62 62 50 62 62
62 62 62 62 30 30 66 61 62 62 50 62 62 62 62 62 62 30
62 62 63 62 62 62 62 62 66 62 62 62 62 62 62 62 62 62
62 62 62 62 62 40 62 62 62 62 62 62 62 65 62 62 62 62
62 62 62 62 62 30 65 62 62 62 62 62 62 62 62 62 62 62
62 62 62 62 40 30 62 62 62 62 62 62 50 62 62 62 62 62
62 62 62 62 63 62 62 62 62 62 63 64 62 62 62 62 62 62
62 62 62 62 62 61 62 63 62 62 61 62 62 62 62 62 50 62
62 64 62 62 62 61 62 62 62 66 62 62 62 66 62 62 62 62
62 62 62 62 62 62 10 62 62 62 61 62 62 62 62 62 62 62
62 62 62 62 62 62 40 62 62 62 62 62 62 62 62 61 62 65
62 62 62 62 62 30 62 40 62 62 62 30 62 62 62 62 62 62
62 62 62 62 62 40 63 62 62 62 62 62 64 40 62 62 62 62
62 62 62 62 62 62 62 30 62 62 62 62 62 62 62 62 62 62
62 62 62 62 62 30 40 62 62 62 62 62 62 62 62 62 62 62
62 62 62 62 62 62 62 62 62 62 62 62 62 63 62 62 63 62
62 62 62 64 61 62 62 62 62 62 65 62 62 62 62 62 62 62
62 62 62 62 65 62 62 62 63 63 10 62 62 62 40 62 62 62
62 62 62 62 62 62 62 62 62 62 61 62 62 62 62 62 62 62
62 62 62 62 62 65 62 62 62 62 50 62 62 62 40 62 62 62
62 62 63 62 30 62 65 62 62 62 62 62 65 62 62 63 62 62
62 62 62 62 62 20 30 62 62 62 61 62 62 62 63 50 62 62
62 62 62 62 62 40 62 62 62 62 62 50 63 62 62 62 62 62
62 64 62 62 62 30 62 62 62 62 62 30 62 62 62 62 62 62
62 62 62 62 62 62 62 62 62 62 62 62 62 62 62 62 62 63
62 62 62 62 62 62 62 62 62 62 62 62 62 50 62 62 62 62
62 62 62 62 30 62 30 62 62 62 62 62 62 62 65 62 62 62
62 62 62 62 62 30 62 62 62 65 62 62 62 62 62 62 66 62
62 62 63 61 62 62 62 62 62 30 62 62 62 62 62 62 62 62
62 63 62 62 62 40 62 62 62 62 62 62 63 62 62 62 65 62
62 62 62 62 62 62 30 62 62 62 62 66 62 62 10 62 62 62
62 62 40 61 62 62 62 62 62 62 62 62 62 62 62 62 62 30
62 62 62 62 63 62 62 62 62 62 62 62 63 62 64 62 62 62
62 62 62 62 62 62 62 62 62 62 62 62 64 63 62 62 62 62
62 62 64 62 62 62 62 62 30 62 61 62 62 62 62 62 62 62
62 62 62 62 62 62 62 62 66 62 66 20 30 62 62 62 50 62
62 62 64 62 62 40 20 30 62 62 62 62 62 63 62 62 62 62
62 62 62 62 40 30 62 62 62 62 62 65 62 62 62 62 62 50
62 62 62 62 62 61 62 66 62 65 62 62 62 62 62 62 65 62
62 62 62 62 62 30 62 62 62 62 62 62 62 62 62 65 62 62
62 62 62 62 62 30 62 62 62 62 66 62 62 62 62 61 62 62
62 62 61 62 62 40 62 62 62 62 62 66 62 62 62 62 61 62
62 62 62 61 40 62 62 62 62 64 62 62 63 62 62 62 62 66
62 62 62 30 62 30 61 62 62 62 62 62 62 62 62 61 62 62
62 62 62 62 62 62 50 62 62 62 62 62 62 61 62 62 62 62
62 62 62 62 62 30 62 62 62 62 62 63 62 64 62 62 62 50
62 62 62 62 62 62 62 62 62 62 62 62 62 62 62 62 62 62
62 62 62 62 62 62 62 62 66 62 62 62 62 62 62 62 62 62
62 62 62 30 62 62 62 62 62 62 62 62 62 62 62 30 62 62
62 62 62 62 62 61 62 30 62 62 62 63 62 62 62 62 62 62
62 62 62 62 62 62 62 62 62 62 62 62 62 62 62 30 61 30
62 62 62 62 62 62 62 62 62 62 62 40 62 62 62 63 62 62
62 62 62 62 62 62 62 62 62 62 62 66 62 63 62 62 62 62
62 62 30 62 40 62 62 61 62 62 65 62 62 62 62 62 30 63
62 62 62 62 30 62 62 62 65 62 62 62 62 62 62 62 62 62
62 62 30 62 62 62 62 62 62 62 62 62 62 62 65 65 62 62
62 62 62 63 62 62 10 62 62 62 62 62 65 62 62 62 62 62
62 62 62 62 62 30 40 63 62 62 62 62 62 62 62 62 62 62
62 62 62 62 62 61 65 65 62 62 62 62 65 62 62 62 62 62
62 62 62 62 30 40 30 10 62 62 63 50 62 62 62 30 62 62
62 62 62 62 62 66 30 62 62 62 62 62 62 62 62 62 62 62
62 62 30 62 62 61 62 62 62 62 62 62 62 62 62 62 62 62
62 62 62 62 62 62 62 62 65 62 61 62 66 62 62 62 62 62
62 62 63 62 64 62 62 62 62 62 62 62 62 62 50 62 62 62
62 62 30 62 62 62 62 62 62 62 62 62 62 62 62 62 62 62
62 62 62 62 62 62 62 62 62 62 62 65 62 62 63 63 62 62
62 62 62 62 62 62 62 62 62 62 62 62 40 62 62 62 62 62
62 62 62 62 62 63 62 63 62 62 62 62 62 62 62 62 62 62
62 62 62 62 62 62 62 62 62 62 62 62 62 62 62 61 62 62
62 62 63 62 62 65 62 62 62 62 62 62 62 62 62 62 62 62
62 62 30 62 61 30 20 61 62 62 62 62 62 62 62 62 62 62
62 62 64 62 62 62 62 62 62 62 62 62 62 62 62 62 62 66
62 62 62 62 62 62 40 62 62 62 62 63 62 65 62 62 62 62
62 62 30 62 63 62 62 50 62 62 62 62 62 30 62 63 40 65
62 62 62 62 62 62 64 62 62 62 62 62 62 62 62 62 62 62
62 62 62 62 62 65 62 62 10 62 62 62 66 62 62 61 50 62
62 62 40 61 30 62 30 62 62 62 62 62 62 30 62 62 62 62
62 62 62 62 62 61 62 62 62 62 62 62 62 62 62 62 40 62
62 62 62 62 30 62 62 62 62 62 62 62 62 62 62 62 62 62
62 62 62 63 62 62 62 62 65 62 62 62 30 62 62 30 62 40
62 62 62 62 61 30 62 63 10 61 62 62 40 62 62 62 62 62
62 62 30 62 62 40 62 65 62 62 20 62 62 62 62 62 30 62
62 62 62 62 62 40 62 62 62 62 62 30 62 62 62 62 62 62
62 40 62 62 62 40 62 62 63 62 62 62 62 62 62 62 62 66
62 62 62 62 63 62 62 62 50 62 62 62 62 62 62 62 62 62
62 62 62 62 62 62 62 62 65 62 62 62 62 62 62 62 62 62
62 62 62 62 62 62 66 65 62 62 62 62 62 62 63 66 62 62
62 62 30 62 63 62 62 62 61 65 62 40 62 62 62 62 10 62
62 62 63 62 62 61 62 62 62 62 62 62 62 62 62 62 62 62
62 62 63 62 62 62 40 62 62 62 65 62 62 62 62 62 62 62
62 62 62 62 62 62 62 62 62 62 62 62 62 62 40 62 62 62
62 62 62 62 30 62 62 62 62 62 62 50 63 65 62 20 30 40
62 62 62 62 62 62 62 62 62 62 62 62 63 65 62 62 62 62
62 62 62 62 62 62 62 62 62 65 62 62 63 62 50 65 62 62
62 62 62 62 62 62 62 65 62 62 62 40 62 62 50 62 62 62
62 62 62 62 62 62 62 62 62 62 62 62 62 50 62 62 63 62
62 62 65 62 62 62 62 62 62 62 62 62 63 62 62 62 62 63
62 62 62 62 62 62 62 62 61 62 62 62 62 62 62 62 62 62
62 62 62 62 62 30 62 62 62 62 62 62 62 30 62 40 62 62
62 62 62 62 62 62 30 62 62 62 62 62 62 62 62 62 62 66
62 62 62 62 62 62 62 62 62 62 62 62 62 62 62 62 62 62
62 62 62 62 62 62 62 62 62 62 30 62 62 20 62 62 63 62
62 62 63 62 62 62 30 62 62 62 62 40 62 62 62 63 65 62
62 62 62 30 62 62 62 62 62 62 62 62 50 62 62 62 62 62
62 62 62 61 30 30 62 62 62 62 62 62 62 62 62 40 62 62
62 62 62 62 62 62 62 30 62 40 61 66 62 62 62 30 62 62
62 62 62 62 62 30 30 62 62 62 62 62 62 50 62 63 62 62
62 62 30 62 61 62 62 62 62 62 62 50 62 62 62 20 30 62
62 62 62 62 62 30 62 62 62 62 62 62 50 62 62 62 62 62
62 62 62 62 40 40 62 62 62 62 62 62 62 50 62 62 62 62
62 62 62 61 62 63 62 62 62 62 62 62 65 62 62 62 62 62
62 62 62 62 62 10 62 62 62 62 62 62 62 62 62 62 62 62
62 62 62 62 62 62 62 62 62 62 62 65 62 62 62 62 62 62
62 62 62 30 30 62 62 62 61 64 65 62 62 62 62 62 62 64
62 62 63 62 62 62 62 62 62 62 62 50 62 40 62 62 30 62
62 62 62 62 62 62 62 62 62 62 62 50 62 62 40 62 62 62
62 64 62 62 61 62 10 62 62 62 20 62 62 62 62 50 62 62
63 62 62 62 40 61 62 62 62 62 62 62 62 62 62 62 62 65
62 62 62 62 62 62 62 62 62 62 62 62 65 62 62 62 50 62
62 62 61 62 62 62 62 62 62 62 62 62 62 62 62 62 62 62
62 62 62 63 64 40 62 62 62 62 63 50 62 62 62 62 62 62
62 62 62 62 62 40 62 62 10 62 62 62 62 62 62 62 62 62
62 62 61 30 62 30 62 62 62 30 62 62 62 62 40 62 62 62
62 62 62 62 62 62 62 62 62 62 62 62 62 62 62 65 62 62
62 62 63 62 62 62 62 62 62 62 65 62 62 62 62 62 65 62
62 62 62 62 62 62 62 62 62 30 62 40 62 62 62 62 62 62
62 62 62 62 62 61 62 62 62 62 62 62 62 62 62 62 62 62
62 62 62 62 62 61 62 30 62 62 62 62 62 61 62 62 62 62
62 62 63 62 62 62 62 62 62 62 62 61 65 62 62 61 62 62
62 62 62 64 62 62 62 62 62 62 62 65 62 62 62 62 62 62
62 62 62 62 62 62 62 62 62 62 62 62 62 62 62 62 62 66
62 62 62 62 30 62 62 62 62 50 62 62 62 62 62 50 62 62
62 62 62 62 62 62 62 62 62 62 62 62 62 62 62 50 62 62
62 30 62 30 62 61 62 40 65 62 62 62 62 62 62 62 62 40
62 62 20 61 62 62 62 62 40 62 63 62 62 62 62 65 62 62
62 62 62 62 62 62 62 62 65 62 62 62 62 62 65 62 62 62
62 62 62 65 62 62 62 62 62 30 63 62 62 62 62 65 30 62
62 62 62 62 62 62 62 62 62 62 10 62 62 30 62 62 62 62
62 62 62 62 62 62 62 62 62 62 50 62 62 62 62 62 62 62
62 62 62 62 62 30 62 62 62 62 62 50 62 62 62 62 20 61
62 62 62 62 62 40 62 62 62 62 62 62 62 62 62 62 62 62
62 62 62 62 62 61 62 62 62 62 62 62 62 62 62 62 62 62
62 62 62 62 62 62 62 62 62 62 65 62 62 62 62 40 62 62
62 62 65 62 62 30 62 62 62 62 30 62 62 62 62 62 62 50
62 62 62 62 62 62 62 62 62 62 62 62 62 62 62 62 62 62
62 62 64 62 62 40 62 62 62 62 62 62 62 62 62 62 62 62
62 62 62 62 62 30 62 62 62 62 62 64 62 62 62 62 62 62
62 62 62 62 63 62 62 62 62 62 62 62 62 62 62 62 66 62
62 62 62 62 62 62 62 30 62 62 62 62 62 62 62 62 62 62
62 62 62 62 62 61 50 62 62 40 63 62 62 62 62 62 62 62
62 62 62 62 62 61 62 62 62 62 62 10 65 62 62 62 62 62
62 62 62 62 62 62 62 62 62 62 62 62 62 62 62 62 62 62
62 62 62 62 62 62 62 62 30 62 61 62 62 50 62 62 62 62
62 62 62 62 64 62 62 62 62 62 62 62 62 62 62 62 62 62
62 62 62 61 62 62 62 62 62 62 62 66 62 61 61 62 65 62
62 62 62 62 62 62 62 62 62 62 62 62 62 62 62 62 62 64
62 62 62 62 62 62 62 50 62 62 62 62 66 62 62 65 62 62
62 62 62 62 62 62 62 62 65 62 62 62 62 62 62 62 62 62
62 62 62 62 62 62 40 62 66 62 62 62 62 62 62 65 62 62
62 62 62 62 30 62 62 62 62 62 62 62 50 62 62 62 62 62
62 62 62 64 62 30 62 62 62 62 62 62 62 62 62 62 62 62
62 62 62 62 62 62 62 62 62 62 62 62 62 62 62 62 62 65
62 62 62 30 62 62 62 50 10 50 62 30 62 40 40 66 62 62
62 62 62 62 62 62 62 62 62 62 62 62 62 62 62 62 65 62
62 62 62 62 61 62 62 62 62 62 65 62 62 62 62 62 65 62
62 62 30 62 40 61 62 62 65 62 62 62 62 62 62 62 62 63
62 62 62 63 62 62 62 62 62 20 63 62 30 62 30 62 62 62
62 62 62 62 62 62 62 62 50 62 62 65 62 62 62 62 62 62
62 62 62 62 62 62 62 62 62 62 62 62 63 62 61 62 62 62
62 62 62 61 62 62 62 62 62 30 62 65 62 62 62 50 62 62
62 62 40 62 62 62 62 62 65 62 62 62 62 62 62 62 50 66
62 62 62 62 62 30 62 62 62 63 62 62 62 65 62 62 65 62
64 62 62 62 62 62 62 62 40 62 62 62 62 62 62 62 62 62
62 62 62 62 62 30 62 62 62 40 62 62 62 66 66 62 62 62
62 62 62 62 62 62 62 62 65 62 62 62 62 62 65 62 62 62
62 62 62 62 62 62 62 62 62 62 62 62 62 50 62 62 64 62
62 62 64 64 62 61 62 62 62 62 62 20 62 62 62 62 62 62
62 62 62 62 30 62 62 62 62 30 62 62 62 62 64 62 62 62
62 62 62 62 61 62 62 62 62 62 62 62 62 65 62 62 50 62
62 62 62 62 61 62 62 62 65 62 62 62 62 62 62 62 62 50
62 64 62 40 61 62 64 62 62 62 20 30 62 30 62 62 62 62
62 62 62 62 62 61 62 40 62 62 62 62 62 62 62 63 62 62
62 62 62 63 62 62 30 62 62 62 62 62 62 62 62 50 62 62
62 62 62 62 62 62 62 62 66 62 62 62 62 62 62 50 62 62
62 62 62 64 30 62 62 64 62 62 62 62 66 62 62 62 62 62
62 62 30 30 62 62 65 62 62 62 62 62 10 62 62 62 62 62
62 62 61 40 61 62 62 62 62 62 62 62 62 62 62 62 65 62
62 62 62 62 62 30 62 62 40 62 62 62 62 62 50 62 62 62
62 62 62 30 62 30 62 40 62 62 62 62 62 63 50 62 62 62
62 62 62 62 61 30 65 62 62 62 62 62 62 62 62 62 62 62
62 62 62 62 62 30 40 62 62 62 62 62 62 62 62 62 62 62
62 62 62 62 62 62 62 62 62 62 62 50 62 62 62 62 62 62
62 62 62 62 30 62 62 62 61 62 50 62 62 62 62 62 62 62
62 62 62 62 62 62 62 62 62 62 65 64 62 62 10 62 62 30
62 62 62 62 62 61 62 62 62 62 62 62 62 62 62 62 50 62
62 62 62 62 62 10 62 62 62 62 20 62 62 62 62 64 62 62
62 62 64 62 62 40 62 62 62 62 62 62 62 65 62 62 62 62
62 62 63 62 62 62 62 62 62 62 62 62 62 62 62 62 62 62
62 62 62 62 62 62 62 62 65 62 62 62 62 62 62 62 62 62
62 62 62 62 62 30 62 62 50 65 62 62 62 62 62 62 65 62
62 62 62 62 62 62 62 62 62 30 62 62 30 62 62 62 62 62
62 62 62 62 62 62 62 20 62 62 62 62 20 66 64 30 62 62
62 62 62 62 62 62 62 62 62 62 62 62 62 62 10 62 62 30
62 62 62 20 30 62 62 30 62 62 62 62 62 62 62 62 62 62
62 62 62 62 62 61 65 62 62 62 62 62 62 62 65 62 62 62
62 62 62 62 62 63 62 65 62 62 30 62 62 30 62 62 62 62
62 62 62 62 62 62 62 62 62 62 62 62 30 62 63 62 62 62
62 62 62 62 62 62 62 62 62 62 50 40 62 62 62 62 62 62
62 62 62 62 62 40 62 62 62 62 62 62 62 62 50 62 62 50
62 62 62 62 30 62 62 62 62 62 62 62 62 30 62 62 62 62
62 62 62 62 62 40 62 62 62 62 62 62 62 62 62 64 62 62
62 62 62 62 40 61 64 62 62 62 62 62 62 62 62 62 66 62
62 62 62 62 62 62 62 62 62 30 30 62 30 62 62 62 50 62
62 64 62 62 62 30 62 62 65 62 62 62 62 62 62 62 62 66
62 62 62 62 62 62 30 62 62 62 62 62 62 62 62 62 50 62
62 62 62 62 30 62 62 62 65 62 65 62 62 62 62 62 62 62
62 62 62 62 63 62 62 65 62 62 62 62 62 62 62 62 62 62
62 62 62 62 62 62 61 62 62 62 62 62 62 62 62 66 30 62
62 62 62 62 62 62 62 62 50 64 62 62 64 62 62 62 30 62
62 62 62 62 62 30 30 62 62 62 62 62 62 62 62 62 30 62
62 62 62 62 62 62 65 62 62 61 62 62 63 40 62 62 50 62
62 62 62 62 62 62 50 62 62 62 10 62 62 62 10 62 62 62
62 62 62 62 62 62 30 62 30 62 62 62 20 30 62 62 62 62
62 62 62 64 62 62 62 62 62 62 62 62 62 62 62 63 62 65
62 62 62 62 62 62 62 62 50 62 62 62 62 62 62 62 62 62
62 62 62 62 62 62 62 62 62 62 62 62 62 62 62 62 62 62
62 62 62 62 62 62 62 62 62 62 62 62 62 62 62 62 40 50
62 62 62 62 61 62 62 62 65 62 62 63 62 50 40 65 62 62
62 62 62 62 20 30 40 62 63 62 62 62 62 62 50 62 63 50
62 62 62 61 63 63 10 20 62 62 62 62 62 62 62 62 62 50
62 62 62 62 62 62 63 63 62 50 62 62 62 62 50 62 62 62
62 62 62 62 40 62 62 40 62 63 62 62 66 62 62 62 62 62
62 62 62 64 62 64 62 62 62 10 62 40 65 62 62 62 62 62
62 62 62 62 62 62 61 61 62 62 62 62 62 62 62 62 62 62
62 62 62 62 62 62 62 62 62 65 62 62 62 62 62 62 65 62
62 62 30 62 61 62 62 62 62 63 66 63 62 62 62 62 62 62
62 62 62 62 62 62 62 62 62 62 62 62 62 50 62 62 62 62
62 62 62 62 62 62 62 62 62 62 62 62 62 63 62 62 62 62
62 62 62 62 62 40 62 61 62 62 62 63 62 62 61 62 62 10
62 62 62 62 62 62 62 62 62 62 62 62 62 62 62 62 62 62
62 62 30 62 62 40 62 62 62 62 62 62 62 62 62 62 62 61
62 62 62 62 62 30 62 62 62 65 62 62 62 62 62 62 62 62
62 62 62 62 62 30 65 10 62 62 62 66 62 62 66 62 62 62
62 62 30 62 62 62 62 62 62 62 62 62 40 62 62 62 62 65
62 62 62 62 62 62 62 61 62 61 62 62 30 62 62 40 62 62
62 62 62 62 62 62 62 62 62 61 62 62 62 62 10 10 62 62
62 62 62 62 62 40 62 62 62 62 62 62 62 30 62 62 62 62
62 62 62 62 63 63 62 62 50 40 62 62 62 64 62 62 62 62
62 62 62 62 62 62 62 62 62 62 62 62 62 62 63 62 65 62
62 62 62 62 30 63 63 10 62 62 62 62 62 62 62 62 65 62
62 62 62 62 61 30 62 62 62 62 62 62 62 62 62 62 62 62
62 62 62 62 61 30 62 62 62 62 40 62 62 66 62 62 62 62
62 62 62 62 65 40 62 61 62 65 62 62 62 62 61 62 62 62
62 62 61 62 62 62 62 62 62 62 62 62 62 62 62 62 62 62
62 62 62 65 62 62 62 63 62 50 62 62 20 62 61 62 62 62
62 62 62 62 30 62 62 62 62 65 62 63 62 50 65 62 62 62
62 62 62 62 62 62 62 62 62 62 20 65 62 62 62 62 62 62
62 62 62 62 62 62 62 63 62 62 62 62 62 62 62 30 62 40
62 62 62 62 62 62 62 62 62 62 62 62 62 62 62 62 62 62
62 62 62 62 40 62 62 62 62 62 62 62 61 62 62 62 62 62
62 62 62 40 61 62 62 62 62 62 63 62 62 62 62 62 62 62
62 62 62 62 62 62 62 62 65 62 62 62 62 62 62 62 62 62
62 62 61 62 30 62 61 62 62 62 62 62 62 62 61 65 62 62
62 62 62 40 40 30 62 62 62 62 62 30 62 62 62 62 62 62
62 62 30 62 62 64 62 62 62 62 62 62 62 62 62 62 62 62
62 62 62 63 62 62 62 62 61 62 30 62 62 62 64 62 62 62
62 62 62 62 62 30 62 62 62 62 62 62 62 66 62 20 62 62
62 62 62 64 62 63 65 62 62 62 50 62 62 10 62 62 62 62
62 62 62 62 40 62 65 62 62 62 62 62 62 62 62 62 65 62
62 62 62 64 62 30 40 62 62 62 62 40 62 62 62 62 62 62
62 62 62 62 62 61 62 62 62 62 50 62 40 62 62 66 62 62
62 40 30 62 30 62 62 62 62 62 62 62 62 62 62 61 62 62
62 63 62 62 63 62 62 62 50 40 62 62 62 66 62 65 62 62
62 62 62 62 62 62 62 62 65 62 62 50 62 62 62 65 62 62
62 62 62 62 62 62 62 62 62 62 65 62 62 62 65 62 62 40
62 62 62 62 62 63 62 62 62 62 50 62 62 62 62 62 62 62
62 62 62 62 62 10 62 62 62 62 62 62 62 62 62 62 62 62
62 62 62 62 62 30 62 62 62 62 62 62 62 62 62 62 62 30
62 62 63 62 62 62 62 62 62 62 62 62 62 62 50 62 62 62
62 62 62 62 62 61 30 62 62 30 62 62 62 62 62 62 65 62
62 62 62 62 62 62 62 63 62 62 62 62 62 65 62 62 62 62
62 62 62 62 62 62 62 62 62 62 62 62 62 62 65 62 62 62
62 62 62 62 62 63 62 62 62 30 62 62 62 62 62 62 30 62
62 62 30 62 62 62 62 62 30 62 62 62 62 63 61 62 62 62
62 62 62 62 62 62 62 66 62 62 62 62 62 62 30 62 40 62
62 62 63 62 62 62 62 62 62 62 62 62 66 62 62 62 62 62
62 62 62 62 40 30 10 62 62 62 62 62 62 62 62 50 62 62
62 62 62 30 62 40 62 62 10 62 40 62 50 62 62 62 62 62
62 62 62 64 62 61 61 30 62 40 62 62 62 62 40 62 62 62
62 62 63 62 62 62 62 62 50 62 62 62 62 62 62 62 50 62
62 62 61 62 62 62 40 62 62 62 62 62 62 62 62 62 62 62
62 62 62 62 62 62 62 62 62 50 62 62 62 66 62 62 62 62
62 62 62 62 62 62 62 62 62 62 66 62 62 62 62 62 62 62
62 62 62 62 62 62 62 62 50 62 62 62 62 62 62 62 62 62
62 62 30 62 62 62 64 30 62 62 62 50 65 62 62 62 62 62
62 62 62 62 62 40 62 62 62 62 62 62 62 62 62 62 66 62
62 62 64 30 62 43 62 62 62 62 30 62 62 62 62 62 62 62
62 62 62 62 63 62 62 62 62 62 50 62 40 62 62 62 62 62
62 62 62 62 62 40 62 62 62 62 62 62 62 40 62 62 62 62
62 62 62 63 63 62 62 62 65 62 62 62 62 62 62 62 62 62
62 62 62 62 30 62 64 62 66 62 62 62 62 62 62 62 62 66
62 62 62 62 62 61 62 62 62 62 62 62 62 62 62 62 62 62
62 62 62 65 62 62 62 62 62 62 62 62 62 30 62 62 62 62
62 62 62 62 62 61 62 65 62 62 62 62 62 62 63 62 62 62
62 62 62 62 62 62 62 62 62 62 62 62 62 62 62 62 62 62
62 62 62 62 62 62 62 62 62 62 62 62 62 62 62 62 62 40
62 62 62 62 62 61 62 62 62 62 62 30 62 62 62 62 62 65
62 62 62 62 61 10 62 62 61 62 65 62 62 62 66 62 66 30
62 62 62 62 62 62 62 62 62 30 62 63 62 62 50 40 62 62
62 62 62 63 62 62 62 62 62 61 62 62 62 62 62 62 62 62
62 62 62 62 62 62 10 62 62 61 62 65 62 62 62 62 62 62
62 62 61 62 62 62 62 62 62 40 62 62 62 62 62 62 62 62
62 62 62 62 62 62 62 62 62 62 62 62 62 30 62 62 62 62
62 62 62 62 62 62 62 62 62 62 62 62 62 62 62 62 62 62
62 62 62 62 40 30 65 62 62 62 62 62 62 62 62 62 62 62
62 62 62 62 65 62 62 62 50 65 62 62 62 62 62 62 65 62
62 62 62 62 62 62 62 62 62 62 61 62 62 62 62 40 62 62
62 62 62 62 62 10 30 62 62 62 50 50 50 62 62 62 62 62
62 62 62 62 62 62 62 62 62 62 62 66 62 65 62 62 10 62
62 62 30 62 63 62 62 40 62 62 62 62 62 65 64 62 62 10
62 62 62 62 62 62 40 62 62 62 62 62 62 62 30 62 62 63
62 62 62 62 62 62 62 62 62 65 62 62 62 62 62 62 62 63
62 62 62 62 62 63 62 62 62 62 62 63 62 63 62 63 62 62
62 40 61 40 62 62 62 62 62 62 62 62 63 10 62 63 62 62
62 62 62 62 40 30 62 62 62 62 63 62 62 62 50 50 62 62
62 62 30 62 62 30 62 30 62 62 62 40 62 62 62 50 62 62
62 62 62 62 63 62 62 62 62 62 62 62 62 62 61 10 62 62
62 64 62 62 62 30 62 62 62 62 62 62 65 62 62 62 62 62
62 62 62 63 62 62 62 62 62 62 62 62 62 62 62 65 62 62
62 62 62 62 62 40 62 62 50 62 62 62 63 62 62 62 62 62
62 62 62 62 30 62 62 62 62 62 62 62 62 62 62 62 62 62
62 62 63 62 62 10 62 62 62 62 50 62 62 62 20 62 62 50
62 62 62 62 62 62 62 62 62 62 10 62 62 62 62 62 62 62
62 62 62 40 40 40 62 62 62 62 62 40 62 62 62 62 62 62
62 62 65 62 62 63 62 62 62 62 62 63 66 62 62 62 62 62
62 62 30 62 62 62 62 50 62 62 62 62 66 62 62 62 30 30
62 64 62 62 62 62 62 62 50 62 62 62 62 62 62 62 62 62
62 62 62 63 62 62 62 62 62 62 62 62 62 62 62 66 30 62
64 62 10 30 62 62 62 62 62 62 62 62 65 62 62 62 62 64
62 62 62 62 62 61 62 62 62 62 62 62 62 62 62 50 62 62
62 62 62 62 62 62 30 62 62 62 62 62 62 62 62 63 65 62
62 62 20 61 30 30 62 62 62 62 62 50 30 62 61 62 62 62
62 62 62 62 62 62 66 62 62 62 62 62 62 62 62 62 64 64
62 62 62 62 61 62 62 62 62 62 62 62 10 62 62 62 62 62
62 62 30 62 62 62 63 62 62 62 62 62 62 62 62 62 62 62
62 62 64 30 62 30 40 62 62 62 62 66 62 62 62 62 62 62
62 64 62 62 40 62 30 62 62 62 62 50 62 62 62 62 30 30
62 62 62 62 30 62 62 62 62 62 62 62 62 62 62 62 62 62
62 62 63 40 62 62 62 50 62 62 50 50 62 62 62 62 62 62
62 62 63 62 62 62 62 62 62 62 62 62 62 62 66 62 10 62
62 64 62 64 30 62 62 62 62 62 62 62 62 62 62 62 65 62
62 62 62 62 62 62 62 62 62 62 10 62 62 62 62 62 62 62
62 62 61 62 62 62 61 62 62 62 62 65 62 62 62 50 62 62
62 62 62 62 62 62 62 62 62 62 62 62 63 62 62 62 50 62
62 62 63 62 62 30 62 62 62 50 62 62 62 62 62 62 62 62
62 62 62 63 62 62 62 62 62 62 50 62 62 64 62 62 62 62
62 62 30 62 63 62 62 62 62 62 62 62 62 62 62 62 62 62
62 62 62 62 40 62 40 10 62 62 62 62 62 62 62 61 62 62
62 62 62 20 61 62 62 62 63 62 62 62 62 62 65 62 62 62
62 62 62 62 62 30 62 62 62 65 62 62 65 62 62 62 65 62
62 62 62 62 61 62 62 62 62 62 62 62 62 62 65 62 62 62
62 62 62 62 30 62 63 62 62 62 20 63 65 62 62 62 62 62
62 62 62 62 62 62 62 62 66 62 62 66 62 62 62 62 62 62
62 62 62 62 62 62 62 62 50 62 62 62 62 62 62 62 62 62
62 62 62 63 40 40 62 62 62 64 30 62 62 62 62 62 62 50
62 62 40 61 62 62 62 62 62 62 62 62 62 62 65 62 64 65
62 62 62 62 62 30 62 62 62 62 62 66 62 62 62 62 62 62
62 64 30 62 30 62 62 63 62 62 62 62 63 40 62 65 62 62
62 62 62 62 62 40 62 62 62 62 62 62 62 62 62 62 62 62
62 62 63 63 62 62 62 62 64 63 62 62 62 62 10 62 61 62
62 62 62 62 62 62 62 62 62 40 62 40 62 62 62 65 62 62
62 62 62 30 62 40 62 62 62 10 62 62 62 62 30 62 62 62
62 62 62 62 62 62 62 62 62 20 10 62 62 30 62 40 62 62
62 62 62 62 62 62 62 62 62 62 62 62 62 62 50 10 62 10
62 62 62 62 30 61 62 62 62 62 64 62 62 62 62 62 62 62
62 62 62 62 62 62 62 62 62 62 65 62 62 62 65 62 62 62
62 62 30 62 62 62 62 62 62 65 62 62 62 62 62 62 50 62
62 62 62 63 62 62 62 62 62 62 50 62 62 62 62 62 62 62
62 62 62 64 62 62 30 30 62 62 62 62 40 62 61 62 62 62
62 62 20 61 40 64 62 62 62 64 62 62 62 62 62 62 66 30
62 62 62 62 62 62 62 62 50 10 62 50 63 62 62 62 62 62
62 62 62 62 62 30 30 62 62 62 62 62 62 62 66 62 62 62
62 62 63 62 62 30 62 62 62 64 62 62 62 62 62 62 50 62
62 62 62 62 62 62 62 62 63 10 62 62 62 62 62 62 62 40
62 62 62 62 62 62 62 62 62 62 62 62 62 62 62 62 62 62
62 62 62 62 62 62 62 62 62 40 62 62 62 62 62 62 62 62
62 62 62 62 62 62 63 62 62 62 62 62 62 62 62 62 62 62
62 62 62 62 62 62 62 40 62 62 62 62 62 62 62 62 62 62
62 62 61 63 62 62 63 62 63 50 62 62 62 63 62 62 62 62
62 62 62 62 63 62 50 62 66 62 62 62 62 62 62 62 62 62
62 62 62 62 62 62 62 62 64 62 62 62 62 62 62 62 62 62
62 62 62 62 62 62 62 62 62 62 62 62 62 62 62 62 62 50
62 62 62 62 62 40 62 62 62 62 62 62 62 62 62 62 62 62
62 62 62 62 30 62 62 62 62 62 62 62 62 63 62 62 62 62
62 62 62 62 62 62 62 62 62 62 62 61 62 62 62 62 62 62
62 62 62 62 62 63 62 62 62 66 62 62 65 62 62 30 62 62
62 62 62 62 62 62 62 62 62 62 62 62 62 62 62 62 62 62
62 62 62 62 62 62 62 64 62 62 62 62 62 66 62 62 62 62
62 62 63 62 62 62 62 62 62 62 62 62 62 62 62 62 62 62
62 62 62 62 61 61 62 63 10 62 40 62 62 62 50 62 62 62
62 62 62 62 62 30 62 62 62 62 62 62 62 62 62 62 62 62
62 62 62 62 63 62 62 62 62 62 62 62 62 63 65 62 62 62
62 62 62 62 62 62 62 63 65 62 62 62 62 62 30 62 62 62
62 62 62 62 30 62 40 62 62 62 62 62 62 63 62 62 62 62
62 62 62 62 62 20 62 62 62 63 10 62 62 62 62 62 62 62
62 62 62 62 62 62 62 50 62 62 62 62 50 50 62 62 62 62
62 62 62 64 61 62 62 62 62 62 62 62 62 62 50 62 62 62
62 62 62 62 62 30 63 62 62 62 62 62 62 62 65 62 62 62
62 62 62 62 62 30 62 62 62 62 30 62 62 62 10 62 62 65
62 62 62 62 62 40 62 62 62 62 62 62 62 62 65 62 62 62
62 62 62 62 40 62 62 63 62 40 30 62 62 62 62 63 62 62
62 62 62 62 61 61 62 62 62 64 62 65 62 62 62 62 62 62
62 62 62 62 62 62 62 62 62 62 61 62 62 63 62 62 62 66
62 62 62 63 62 62 62 62 62 62 62 62 62 62 62 62 62 62
62 62 62 62 30 62 62 62 62 62 62 62 62 62 62 62 62 62
62 62 62 61 62 62 62 62 62 65 62 62 50 62 62 62 62 62
62 62 62 62 40 40 62 62 62 62 62 50 62 62 62 62 62 62
62 62 62 62 62 30 62 62 62 62 62 62 62 62 62 30 62 62
62 62 62 62 62 62 62 62 62 62 62 62 63 62 62 62 62 62
62 62 62 62 62 62 62 62 62 62 62 66 62 62 62 62 62 62
62 64 62 62 62 62 62 62 62 62 62 62 62 62 62 62 62 62
62 62 63 62 30 62 62 62 62 62 62 50 62 62 62 62 62 62
62 62 63 30 62 62 62 62 62 62 62 62 62 62 63 30 62 62
62 62 62 62 62 62 62 65 62 62 62 62 62 62 62 65 62 62
62 62 62 62 62 40 62 62 62 62 62 62 62 62 62 62 62 50
62 62 62 62 62 62 62 62 62 62 62 62 62 61 62 64 62 62
62 62 62 62 62 20 61 62 65 62 62 62 62 62 62 62 50 50
62 62 62 62 62 64 62 62 62 62 62 62 62 62 62 62 62 62
62 62 62 62 62 62 62 62 62 62 62 62 62 62 62 66 62 62
62 62 63 30 62 62 62 62 62 50 62 62 62 62 62 62 62 50
62 62 62 62 62 62 62 62 62 62 63 62 62 62 62 62 50 40
62 62 30 62 62 63 62 62 62 62 66 62 62 62 62 66 62 62
62 62 62 62 30 62 62 62 62 61 62 65 62 64 62 62 62 62
62 62 62 30 62 62 62 62 62 50 65 62 62 62 62 65 62 62
62 62 62 62 62 62 62 62 62 62 62 62 62 62 62 62 62 62
30 62 64 30 62 62 62 62 62 62 62 62 62 62 62 62 62 62
62 62 40 61 62 65 62 62 62 62 62 62 65 62 62 62 50 62
62 62 62 62 62 62 62 30 62 62 62 62 62 62 62 62 62 66
62 62 62 62 63 62 30 62 30 62 62 61 40 62 62 62 62 62
62 62 62 63 61 62 62 62 62 62 62 62 62 62 62 62 62 62
62 62 62 63 62 66 62 62 62 62 40 62 50 50 62 62 62 62
62 62 62 62 62 62 62 62 62 62 62 62 62 62 62 62 62 62
62 62 62 62 62 61 62 62 62 62 62 62 62 62 63 62 62 62
62 62 64 30 30 65 62 62 62 62 62 40 62 62 62 30 62 62
62 62 62 62 62 62 62 62 50 62 62 62 62 62 62 62 62 62
62 62 61 62 62 62 62 62 62 62 62 62 62 50 62 65 62 62
62 62 62 62 62 61 62 62 62 62 62 62 62 62 62 62 30 62
62 62 62 30 61 62 40 62 62 62 62 62 63 40 62 62 62 62
62 62 30 62 62 62 62 62 10 62 62 30 62 61 62 62 65 62
62 62 62 62 62 62 40 62 62 62 62 62 63 62 62 62 62 62
62 62 62 62 62 62 62 62 65 62 62 62 62 62 62 62 62 62
62 62 62 62 61 62 62 62 62 66 61 63 62 62 62 62 30 62
62 62 62 62 62 62 62 62 62 66 62 65 62 62 62 65 62 62
62 62 30 62 62 62 62 62 62 62 62 62 62 62 62 62 20 62
62 64 62 62 40 62 62 62 62 62 62 62 62 62 62 62 62 62
62 62 30 62 63 62 62 61 62 62 62 62 62 62 62 62 62 62
62 62 62 62 62 62 62 62 62 62 63 50 62 62 62 62 62 62
63 62 62 62 62 62 40 62 62 62 20 62 62 62 62 62 62 62
62 62 62 62 62 62 65 62 62 62 62 62 62 66 62 65 62 62
62 62 62 62 62 62 63 62 62 62 62 62 62 62 62 62 62 62
62 62 63 62 62 62 65 62 62 62 66 63 62 62 63 62 62 62
62 62 62 62 62 62 62 62 62 62 62 62 62 66 62 40 62 62
62 62 62 62 62 20 61 62 62 62 62 65 62 62 63 64 62 62
62 62 62 63 61 62 62 10 63 50 62 62 62 62 10 62 62 40
62 62 62 62 61 62 62 62 62 62 62 40 62 62 62 62 66 62
62 62 62 30 62 61 62 62 62 62 62 62 50 10 62 62 66 62
62 62 62 62 30 63 62 65 62 62 65 62 62 62 30 62 62 62
62 62 63 62 62 40 62 62 62 10 62 62 62 30 62 62 62 62
62 62 62 62 10 40 62 62 62 63 62 62 62 62 50 62 62 62
62 62 63 64 62 40 62 63 65 62 62 62 62 62 30 62 62 62
62 62 20 61 62 62 62 62 62 66 62 62 20 30 62 65 62 62
62 62 62 62 62 62 64 62 62 62 62 62 50 62 62 62 62 62
62 62 62 62 62 62 62 66 62 62 62 62 65 62 62 62 62 62
62 62 62 62 61 30 62 62 62 62 62 62 62 40 62 62 62 62
62 62 62 62 62 62 62 62 62 65 62 62 62 62 62 62 62 62
62 62 62 62 62 62 62 62 62 61 62 62 50 62 62 65 62 62
62 62 62 62 62 62 62 65 62 62 62 63 62 62 62 62 66 62
62 62 62 62 30 62 62 65 62 62 62 62 62 62 62 62 62 62
62 62 62 62 62 62 65 62 62 62 62 62 62 65 62 62 62 62
62 62 63 62 40 61 62 62 30 62 62 62 62 62 62 62 65 62
62 62 62 62 62 64 62 30 62 62 62 62 62 62 62 62 62 62
62 62 62 62 62 40 62 62 62 62 62 40 62 62 62 62 62 62
62 62 62 62 62 30 62 62 62 62 62 62 61 62 62 62 62 62
62 62 62 63 62 40 62 62 62 62 62 62 62 62 61 62 65 62
62 62 62 61 62 62 62 62 63 62 62 62 62 62 62 62 62 62
62 62 62 62 62 62 62 62 62 65 62 62 62 62 10 62 62 62
62 62 62 62 30 62 62 62 62 30 62 62 62 62 62 62 62 62
62 62 62 62 62 62 62 62 62 62 50 62 62 63 62 62 62 62
62 62 20 14 62 62 62 62 62 62 62 62 63 62 62 50 62 62
62 62 62 62 61 62 62 62 62 62 66 62 62 30 62 40 62 62
62 62 62 62 62 30 62 62 62 62 62 62 62 62 62 62 62 62
62 62 62 62 62 62 62 62 62 62 62 62 30 62 62 62 62 62
62 62 62 62 62 62 62 62 62 62 50 62 62 63 62 62 50 50
62 62 62 62 62 62 62 62 62 62 63 62 62 62 65 62 62 62
62 62 62 62 62 62 62 62 62 63 64 62 62 62 62 66 62 62
62 62 62 40 61 62 62 62 62 62 62 62 62 61 64 50 62 62
62 62 62 62 62 62 62 62 62 62 62 62 62 62 40 62 62 62
62 62 62 62 62 61 62 62 62 65 62 62 62 62 62 62 62 65
62 62 62 62 62 62 66 62 66 62 61 66 62 62 62 62 62 62
62 62 62 62 62 62 62 62 62 62 62 62 65 62 62 62 62 62
62 62 40 30 62 62 62 10 62 62 50 62 62 62 62 63 62 62
62 62 62 63 62 62 62 62 62 62 62 40 62 62 62 62 62 62
62 62 62 62 62 62 62 62 62 62 62 62 62 65 62 62 62 62
62 62 62 62 62 62 65 62 62 62 62 62 50 62 62 62 62 62
62 62 62 62 62 62 62 62 62 62 61 62 62 62 62 62 62 10
62 62 62 62 62 62 62 62 62 62 62 62 62 62 62 62 62 62
62 62 62 62 62 62 62 65 62 62 62 33 62 62 62 62 62 62
62 62 62 62 62 30 62 62 62 62 62 62 62 62 40 62 62 62
62 62 62 62 62 62 62 63 62 62 62 62 62 62 62 62 62 62
62 62 62 62 62 30 62 62 62 62 62 62 62 62 62 62 66 62
62 62 62 61 30 62 62 62 62 40 65 62 62 63 62 62 62 62
62 62 62 62 62 40 62 62 62 62 62 62 62 62 30 62 62 62
62 62 62 62 30 64 62 62 62 62 62 62 62 62 62 62 62 62
62 62 62 62 62 10 64 30 62 40 62 62 62 62 62 62 62 62
62 62 20 30 62 62 62 20 65 62 62 10 62 62 62 62 62 62
62 62 30 62 62 62 62 62 62 62 62 62 62 62 62 62 66 62
62 62 62 62 62 62 62 62 62 62 62 62 62 50 40 62 62 62
62 62 62 62 62 62 62 40 62 63 62 62 62 65 62 62 62 62
62 62 62 63 30 62 62 30 62 30 62 30 62 62 66 62 62 62
62 62 62 63 64 65 62 62 62 62 65 62 62 62 62 62 10 62
62 62 62 62 61 30 30 62 62 63 62 62 62 65 62 62 62 62
62 62 62 62 62 61 62 62 62 62 65 62 62 62 62 62 62 62
62 62 62 62 62 62 62 62 62 62 62 66 62 62 62 62 62 62
62 62 62 62 62 62 62 62 62 62 62 62 62 65 62 62 62 50
62 62 62 62 62 63 62 62 62 62 62 62 62 62 65 62 62 50
62 62 62 62 62 62 62 62 62 62 62 50 62 62 62 62 10 62
62 62 62 64 64 62 62 62 62 62 62 62 62 62 62 50 62 40
62 62 62 62 30 62 62 63 62 63 10 62 62 65 62 62 62 62
62 62 62 62 62 62 64 62 62 40 62 62 62 62 62 62 62 62
62 62 62 62 40 61 62 62 62 62 62 62 62 62 62 63 40 62
62 62 62 62 62 62 50 62 62 40 50 62 62 62 62 62 62 62
62 62 30 62 62 62 62 62 62 62 62 64 62 62 62 62 30 62
62 62 62 62 62 62 62 62 62 62 62 62 62 62 62 62 62 62
62 30 62 62 62 62 62 62 62 62 62 62 62 62 62 62 50 62
62 62 62 62 62 63 50 50 62 62 63 62 62 62 62 62 62 62
62 62 62 62 62 62 62 62 50 62 62 63 62 62 62 62 50 30
62 62 62 62 62 64 62 62 62 62 66 62 62 62 62 62 62 62
62 62 63 62 40 62 62 62 62 62 62 62 62 62 62 62 62 62
62 62 62 62 61 62 30 62 62 62 30 62 63 62 62 62 62 62
62 62 62 62 62 62 62 62 62 62 62 62 62 62 62 50 63 62
62 62 62 62 62 30 62 62 62 62 62 62 62 62 62 62 66 62
62 62 62 62 40 30 62 30 62 62 62 50 62 62 62 62 62 62
62 62 62 62 62 30 62 62 62 62 62 62 62 65 62 62 65 62
62 62 62 62 62 62 62 62 62 62 62 62 62 64 65 62 62 63
62 62 62 62 62 30 62 62 50 62 62 30 62 30 62 62 62 63
62 62 62 62 62 62 62 62 62 62 62 62 62 62 62 62 62 62
62 62 62 62 62 61 62 30 62 62 62 62 62 62 61 65 62 62
62 62 62 62 20 61 62 30 62 62 62 62 62 62 62 62 62 62
62 62 64 62 62 62 62 62 62 62 62 30 62 62 62 62 62 62
62 62 62 62 62 62 62 62 62 62 62 30 62 62 62 62 62 62
62 62 62 62 62 30 62 62 62 62 62 62 65 62 62 62 62 62
62 62 62 62 62 62 62 62 62 62 30 62 62 63 62 62 63 62
62 62 62 62 62 62 62 62 62 62 62 62 66 62 62 62 62 10
62 62 62 62 62 61 62 62 62 62 62 62 62 62 62 62 62 62
62 62 62 62 62 61 62 62 63 62 66 62 62 62 62 63 62 62
62 62 62 62 62 61 62 62 62 62 50 62 62 62 62 62 62 62
62 62 61 62 62 62 62 61 62 50 62 62 62 62 62 40 65 62
62 62 63 62 62 61 62 62 62 62 62 62 62 62 62 62 62 62
62 62 62 62 62 40 62 62 50 62 62 62 62 62 62 62 62 62
62 62 62 62 62 20 30 62 62 62 62 62 62 30 62 62 62 62
62 62 62 62 40 61 62 62 30 62 62 62 62 63 62 62 62 62
62 62 62 62 63 62 62 50 63 62 62 62 62 62 50 62 62 62
62 62 62 62 62 30 62 62 62 62 65 62 62 62 62 62 62 50
62 62 62 62 40 65 62 62 65 62 62 64 66 62 62 62 62 50
62 62 62 62 61 30 62 62 62 62 62 62 62 62 50 62 62 63
62 62 40 10 62 62 62 62 62 62 62 50 62 62 62 50 30 62
62 62 62 62 62 62 62 62 65 62 62 62 65 62 62 62 62 62
62 62 62 62 62 62 62 62 62 30 62 62 62 62 66 62 62 62
62 62 62 30 40 30 62 40 62 30 62 62 62 62 62 62 62 62
62 62 62 62 62 30 61 65 62 62 62 62 62 62 62 64 62 63
62 62 63 62 62 62 62 66 65 62 62 62 62 62 10 62 65 62
62 62 62 63 62 62 62 62 66 62 62 62 50 62 62 62 62 62
62 62 62 62 62 62 62 62 62 62 62 62 62 62 50 62 62 62
62 62 64 62 63 62 62 62 61 63 62 62 65 62 62 62 62 62
62 62 63 62 62 62 62 62 62 30 62 20 61 62 62 62 62 62
62 62 62 62 62 30 62 62 62 62 62 40 62 62 62 62 62 62
62 62 62 62 62 62 62 62 62 10 62 62 64 62 50 65 62 62
62 62 62 62 62 62 40 50 10 62 40 62 62 62 62 62 62 65
62 62 30 62 63 40 62 62 62 62 62 62 62 62 64 62 62 62
62 62 62 62 30 62 61 62 30 62 62 10 62 62 62 62 62 61
62 62 62 62 62 40 40 62 62 62 62 62 62 62 62 62 62 62
62 62 62 62 62 62 62 62 66 62 62 62 62 62 62 62 62 65
62 62 62 62 62 61 62 62 62 62 62 62 62 62 62 62 62 62
62 62 61 62 62 30 63 62 62 62 62 62 65 62 62 62 62 62
62 62 62 62 62 62 62 62 65 62 62 20 61 62 62 62 65 62
62 62 30 62 62 65 62 62 62 62 62 62 62 62 62 62 40 62
62 62 63 30 62 40 61 62 62 62 62 62 62 62 62 62 62 62
62 62 62 62 62 30 62 65 62 62 62 62 30 62 62 62 62 62
62 62 62 62 63 62 62 63 61 62 62 62 62 62 62 62 62 62
62 62 62 62 62 62 62 62 62 62 50 62 62 62 62 65 62 62
62 62 62 62 62 62 62 62 62 62 30 10 62 62 50 62 62 62
62 62 61 61 62 62 62 62 62 62 62 62 62 62 62 10 62 62
62 63 64 30 62 40 63 62 62 65 62 62 62 62 62 62 62 62
62 62 62 62 62 62 62 62 62 62 62 64 62 62 62 62 62 62
62 62 62 62 62 62 62 62 62 62 62 63 62 62 62 62 62 64
62 62 62 62 62 62 62 62 62 62 30 62 30 62 62 62 62 62
62 62 62 62 62 30 62 40 62 62 62 62 62 62 62 62 62 62
62 62 63 62 62 62 62 20 62 20 62 62 62 62 50 62 62 62
62 64 62 62 61 30 62 62 62 62 62 64 62 65 62 62 62 62
62 62 62 62 62 62 62 62 62 62 62 62 62 62 62 62 50 62
62 62 62 62 62 62 64 62 62 62 62 62 62 62 62 65 62 62
62 62 62 62 61 30 30 62 62 65 62 62 62 62 62 61 62 65
62 62 61 62 62 62 63 50 62 40 62 63 62 62 30 62 62 62
62 62 62 62 62 61 62 62 62 40 62 62 62 62 62 66 62 62
62 62 62 62 62 62 62 62 62 62 10 62 62 62 62 62 65 62
62 62 62 62 30 30 30 30 61 62 62 63 62 62 62 30 30 62
62 62 62 62 62 61 62 62 63 20 30 62 62 62 62 62 65 62
62 62 62 62 30 62 40 50 62 62 62 62 62 62 62 62 62 62
62 62 62 62 62 62 62 62 62 62 62 62 62 62 62 62 62 62
62 62 30 62 63 50 62 62 30 62 62 62 50 62 62 62 62 50
62 62 62 62 62 40 62 62 62 62 62 62 62 62 10 62 62 62
62 40 50 62 62 62 62 62 62 62 62 62 62 62 62 62 62 62
62 62 62 62 62 62 62 62 62 10 62 62 40 62 50 63 62 62
62 62 62 62 30 62 40 62 62 62 62 62 62 62 62 62 62 62
62 63 62 62 62 62 62 62 50 62 62 62 62 62 40 62 62 62
62 62 62 62 62 62 62 62 62 62 62 62 62 62 62 62 62 62
62 62 62 62 62 61 61 65 62 30 62 62 62 65 62 62 62 62
62 62 62 62 61 30 62 62 62 62 62 62 62 62 62 62 62 62
62 62 63 62 62 63 62 62 50 62 63 62 62 62 62 50 62 62
62 62 62 62 62 62 62 62 62 62 62 62 62 62 63 62 62 62
62 62 62 62 62 61 62 62 30 63 62 62 62 66 62 50 62 62
62 62 62 62 61 62 62 62 62 62 62 62 50 40 62 62 62 62
62 62 62 62 62 40 62 62 62 65 62 30 62 62 62 62 62 62
62 62 62 62 62 61 62 62 62 65 62 62 62 62 62 62 62 62
62 62 62 62 62 62 62 62 62 62 62 65 62 62 62 62 62 62
62 62 62 62 63 62 62 62 62 65 62 62 65 64 62 62 62 62
62 62 62 62 62 30 62 62 62 62 62 62 62 62 62 62 30 62
62 62 62 62 30 61 62 62 62 62 62 62 62 66 62 62 62 62
62 62 62 62 62 62 62 63 50 62 62 62 62 63 62 62 62 62
62 62 62 63 62 62 62 62 62 10 62 62 62 62 62 62 62 62
62 62 62 62 62 40 62 62 62 62 62 65 62 62 62 62 62 62
62 62 62 62 62 62 62 62 62 62 62 62 62 62 61 62 62 62
62 62 62 62 61 62 62 62 62 62 62 62 62 62 62 63 62 62
62 62 62 62 64 62 62 62 62 62 62 62 62 62 62 62 62 62
62 62 62 62 20 30 62 62 10 62 62 62 62 62 64 62 62 62
62 62 62 62 62 62 62 62 62 66 62 62 62 62 30 30 62 10
62 62 62 62 62 40 61 62 63 62 62 62 62 62 30 62 62 62
62 62 62 63 30 62 61 62 62 62 62 62 64 10 30 62 64 62
62 62 62 62 61 62 62 62 62 62 62 62 62 62 62 62 30 63
62 62 62 62 62 62 50 62 62 62 62 65 62 62 62 62 62 62
62 62 62 62 62 62 62 62 64 30 62 62 62 62 62 62 62 62
62 62 62 62 62 62 62 65 62 62 62 62 40 62 62 62 62 62
62 62 62 62 62 40 30 62 62 62 65 62 62 62 62 62 10 62
62 62 62 62 30 62 62 62 62 50 62 62 50 62 62 62 62 62
62 62 62 62 62 40 62 62 62 62 62 50 62 62 40 62 50 62
62 62 62 62 62 61 62 62 62 50 62 62 62 62 65 62 62 65
62 62 62 62 62 62 62 62 50 62 62 65 50 62 62 62 62 62
62 62 62 62 62 63 62 62 62 62 62 62 63 62 62 62 62 62
62 62 62 62 62 62 62 62 62 10 62 62 65 62 62 62 62 65
62 62 62 62 62 62 62 62 62 62 62 62 62 62 40 62 62 62
62 62 62 61 62 62 62 62 62 62 62 62 62 62 62 63 62 62
62 62 62 62 62 62 62 62 62 62 62 62 62 62 62 62 62 62
62 62 62 62 62 62 62 62 62 62 62 62 50 62 62 62 64 62
62 62 62 62 62 62 62 62 62 62 62 62 62 50 62 63 62 62
62 62 62 62 40 62 62 65 62 62 62 62 62 62 62 62 62 65
62 62 63 62 62 30 62 62 62 66 62 62 62 62 62 62 62 62
62 63 62 62 62 61 62 62 62 62 62 62 64 62 62 62 62 62
62 62 62 62 62 61 62 62 66 62 62 62 62 62 62 62 63 62
62 62 62 62 62 62 62 62 62 62 62 30 62 62 62 62 62 62
62 62 62 62 61 61 62 62 62 10 50 62 62 62 62 62 62 62
62 62 62 62 62 62 62 62 65 62 20 61 62 62 30 62 62 62
62 62 40 40 62 62 62 62 62 62 40 62 10 66 62 30 62 62
62 62 62 62 62 62 62 62 62 62 62 40 62 62 62 62 62 62
62 62 62 62 62 40 62 62 62 62 30 62 62 62 62 62 62 62
62 62 62 30 62 62 61 62 62 62 66 62 62 62 62 62 62 62
62 62 62 62 63 62 62 62 30 62 62 62 62 62 62 62 62 62
62 62 62 62 62 62 62 62 62 62 62 62 62 63 30 62 63 62
62 62 62 62 40 30 62 62 62 30 62 62 62 62 62 62 62 66
62 62 62 62 62 63 62 62 63 62 62 62 62 62 62 62 62 62
62 62 63 62 62 30 62 62 62 50 62 62 62 40 62 62 62 62
62 62 62 62 62 62 62 62 62 62 62 62 62 62 62 62 62 62
62 62 61 62 20 61 62 62 62 62 62 62 62 62 62 62 62 62
62 62 62 62 62 30 62 62 62 62 62 62 62 62 62 62 62 65
62 62 62 62 62 30 62 62 62 62 61 50 62 62 62 62 62 62
62 62 62 62 62 30 30 62 62 62 62 50 62 62 62 62 62 62
62 62 62 62 62 62 62 62 62 63 62 62 62 62 62 62 65 62
62 62 62 62 62 62 30 62 30 62 62 62 62 62 62 62 62 62
62 62 62 62 62 30 62 62 62 62 62 62 62 62 62 62 62 62
62 62 62 62 62 62 40 62 50 62 62 62 66 30 62 62 61 65
62 62 62 62 62 30 40 62 62 62 62 62 62 62 62 62 63 66
62 62 62 62 62 62 62 62 62 62 62 62 62 62 62 30 62 30
62 62 62 61 62 30 61 62 62 10 62 63 62 62 62 62 62 62
62 62 62 62 62 40 62 62 62 62 62 62 62 62 62 62 62 62
62 62 62 62 30 62 62 62 62 62 62 62 62 65 62 62 61 62
62 62 62 62 62 30 30 62 62 62 62 62 62 30 62 62 65 62
62 62 62 62 62 62 62 62 62 62 62 62 62 62 62 62 62 62
62 62 62 62 62 62 62 62 62 62 62 62 62 62 62 62 62 62
62 62 62 62 62 62 65 62 62 62 62 62 62 62 62 62 62 63
62 62 63 62 62 40 62 62 62 62 62 62 30 62 61 62 66 62
62 62 62 62 62 62 62 62 62 62 62 62 62 62 62 62 61 62
62 62 62 62 62 62 62 62 62 62 62 62 62 62 62 62 62 62
62 62 62 61 62 30 62 50 62 62 62 62 20 62 62 62 62 62
62 62 62 62 62 30 62 62 62 62 62 62 62 62 62 62 62 62
62 62 62 62 62 62 62 62 62 62 62 62 62 50 64 62 62 62
62 62 62 62 64 62 62 62 62 61 62 62 62 62 62 62 62 62
62 62 20 30 63 62 62 62 62 62 62 40 62 62 62 65 62 62
62 62 62 62 62 62 50 62 62 62 50 65 62 62 62 62 62 62
62 62 63 62 40 40 63 62 62 62 62 62 62 62 62 62 62 62
62 62 62 62 62 62 62 62 62 62 62 62 62 62 62 62 20 62
