62 62 62 62 62 62 62 62 62 62 62 50 62 62 62 62 62 62
62 62 62 62 62 62 62 62 62 62 62 62 62 62 62 62 62 62
62 62 62 62 62 62 62 62 62 62 62 62 62 62 62 62 30 62
62 62 62 62 62 62 62 62 62 62 62 62 62 62 62 62 62 62
62 62 62 64 62 40 62 62 62 62 62 66 62 62 62 62 62 50
62 62 62 62 62 62 62 62 62 62 61 50 62 62 62 62 62 65
62 62 62 62 61 62 62 62 61 62 62 66 62 62 65 62 62 30
62 62 62 62 62 62 62 62 62 62 62 62 62 62 62 62 62 62
62 62 62 61 62 62 62 40 62 62 62 66 62 62 62 62 30 62
62 62 62 62 62 30 62 62 62 62 62 65 62 62 62 62 62 50
62 62 62 62 62 62 62 62 62 62 62 62 62 62 62 62 62 62
62 62 62 62 62 62 62 62 62 62 62 65 62 62 62 62 62 50
62 62 62 62 62 40 62 61 62 62 62 61 62 62 62 62 62 62
62 62 62 62 62 40 62 62 62 62 62 61 62 62 62 62 62 62
62 62 62 62 62 62 62 62 62 62 62 62 62 62 62 62 62 62
62 62 62 62 62 62 62 62 62 62 62 66 62 62 62 62 62 63
62 62 62 62 62 62 62 62 62 64 62 10 62 62 62 62 62 62
62 62 62 62 62 62 62 62 66 63 65 63 62 62 65 62 62 62
62 64 62 62 62 10 62 62 62 62 62 30 62 62 62 62 62 10
62 62 62 64 62 63 62 62 62 62 63 30 62 63 62 62 63 30
62 62 65 62 62 62 62 62 62 62 63 50 10 62 63 62 62 50
62 62 63 62 62 62 62 62 62 62 63 62 62 62 62 62 10 65
62 62 62 62 62 65 62 62 62 62 62 10 62 62 62 62 62 66
62 62 62 62 62 30 62 30 30 62 62 62 62 62 62 62 62 30
62 62 62 62 62 40 62 62 62 62 62 62 62 62 30 62 62 62
62 62 62 62 63 62 62 62 62 62 64 62 62 62 62 62 62 63
62 62 62 62 62 30 62 62 62 62 62 62 62 62 62 62 62 62
62 62 63 62 62 62 62 62 62 62 61 62 62 62 62 30 62 30
62 62 62 62 62 40 62 62 65 62 62 65 63 62 62 62 62 66
62 62 62 62 62 61 62 62 62 62 62 65 62 62 62 62 62 62
62 62 62 62 62 40 62 62 62 62 62 62 30 62 63 62 62 50
62 62 62 62 62 62 62 62 62 62 62 40 62 62 62 62 62 50
62 62 40 61 62 62 61 62 62 62 62 50 62 62 62 62 62 62
62 62 63 62 62 40 62 62 62 62 62 65 62 62 62 62 62 62
62 63 62 62 62 30 62 62 62 62 62 63 62 62 65 62 62 50
62 62 62 62 62 62 62 62 62 62 62 62 62 62 63 62 62 62
62 62 62 62 62 61 62 62 62 62 62 30 62 62 62 62 62 62
62 62 62 63 62 62 62 62 62 62 40 66 62 10 62 10 62 10
62 62 62 62 62 62 62 62 62 30 62 30 62 62 62 62 62 62
62 62 62 62 62 30 63 62 62 62 62 62 62 62 62 62 62 62
62 62 62 62 20 61 62 62 62 62 62 62 62 62 62 62 62 62
62 64 62 62 62 30 30 65 65 62 62 50 65 62 62 62 64 62
62 62 62 62 40 40 62 62 62 62 62 65 62 62 62 62 62 62
62 62 30 62 10 30 62 63 62 62 62 66 62 62 62 62 62 40
62 62 62 30 62 61 62 62 62 62 62 62 62 62 62 62 62 62
62 62 63 30 62 30 62 62 62 62 62 30 62 62 62 62 62 50
62 62 62 62 62 40 62 62 62 63 62 62 62 62 62 62 62 62
62 62 62 62 62 30 62 62 62 62 61 50 62 62 64 62 62 65
62 62 62 62 65 40 62 62 61 62 65 62 62 62 62 62 62 50
62 62 62 62 62 62 62 62 66 62 62 66 62 62 62 62 62 65
62 62 62 62 62 40 62 65 62 62 50 50 62 62 62 62 65 62
62 62 62 62 62 62 62 62 62 62 62 62 62 62 66 62 62 66
62 62 30 62 30 62 62 62 62 62 62 62 62 62 62 62 62 30
62 62 20 30 30 61 62 62 62 62 20 30 62 62 63 10 62 20
62 62 62 62 62 30 62 62 62 62 61 63 62 62 62 62 62 62
62 62 62 62 62 62 62 62 62 62 62 50 62 62 62 62 62 62
62 62 62 62 62 40 62 62 62 62 62 40 62 62 62 62 62 40
62 62 62 62 61 40 30 20 61 62 50 62 62 62 65 62 64 62
62 62 61 62 61 30 62 62 62 62 50 50 62 62 62 62 62 62
62 62 30 62 62 62 62 62 62 62 62 65 62 62 62 62 62 65
62 62 62 63 63 62 62 62 65 62 62 62 62 62 62 62 62 62
62 62 62 62 62 61 62 62 62 62 62 50 62 62 62 62 62 50
62 62 62 62 62 62 62 62 62 10 62 62 62 62 62 62 62 62
62 62 62 62 62 62 62 62 62 62 62 62 62 62 62 62 62 62
62 62 62 62 62 62 62 62 62 62 62 66 62 62 62 62 62 50
62 62 62 40 61 62 62 62 62 62 62 10 62 62 62 62 62 65
62 62 62 61 62 61 62 62 62 20 62 66 62 65 62 62 62 50
62 62 62 62 62 64 62 63 62 63 62 50 62 62 62 62 62 66
62 62 62 62 62 65 62 62 62 62 50 62 62 62 62 62 62 50
62 62 62 62 62 62 62 62 62 62 62 62 62 62 62 62 62 62
62 62 30 62 62 40 62 30 62 62 30 62 62 64 62 62 64 64
62 62 62 62 62 63 62 62 62 62 62 62 62 62 62 62 62 62
62 62 62 64 30 61 62 62 62 62 62 62 62 62 62 62 62 62
62 62 62 62 62 62 62 62 62 62 62 62 62 62 62 62 62 62
62 62 62 62 30 30 62 62 62 62 62 63 62 62 62 62 62 61
62 62 62 62 62 62 62 62 62 62 62 50 62 62 62 62 62 62
62 62 64 62 62 62 62 62 62 62 62 65 62 62 62 62 66 65
62 62 62 62 62 62 62 62 62 62 62 66 62 62 62 62 62 62
62 62 62 62 30 10 62 62 62 62 62 62 62 62 62 62 62 30
62 62 62 62 62 62 62 62 63 62 62 62 62 62 62 62 62 62
62 62 30 62 62 40 62 64 62 62 62 62 62 62 62 62 62 62
62 62 63 30 62 40 62 62 62 62 62 30 62 62 62 62 62 66
62 62 62 62 62 62 62 62 62 62 62 62 62 62 62 62 62 62
62 62 62 62 40 30 62 66 30 62 62 65 62 62 62 62 62 66
62 62 62 62 62 62 62 62 62 62 62 62 62 62 62 62 62 62
62 62 62 62 62 61 62 62 62 62 62 61 62 62 62 62 62 62
62 62 62 62 62 62 62 62 62 62 62 62 62 62 62 62 62 30
62 62 62 62 61 61 62 62 62 62 64 61 62 62 62 62 30 62
62 62 62 62 62 61 30 62 62 62 62 65 62 62 62 62 62 63
62 62 63 62 62 30 62 62 63 62 62 62 62 62 62 62 62 62
62 62 62 62 62 30 62 30 30 62 62 50 62 62 62 62 30 62
62 62 61 62 62 61 62 62 62 62 62 62 62 62 62 62 62 62
62 62 62 62 61 40 62 62 62 62 64 50 62 62 62 62 62 65
62 62 62 62 62 62 62 62 62 62 62 62 62 62 62 62 62 65
62 62 62 30 62 62 62 62 62 62 62 62 62 62 62 62 62 62
62 62 62 62 62 62 62 62 62 62 63 62 62 62 62 62 62 62
62 62 62 62 62 62 62 62 62 62 62 62 62 62 62 62 62 62
62 62 62 62 62 62 62 62 62 62 62 62 62 62 62 62 62 62
62 62 62 62 30 62 62 62 62 62 40 62 62 62 63 62 62 62
62 62 62 62 62 62 62 62 62 62 62 62 62 62 62 62 62 62
62 62 62 62 62 62 62 62 62 62 62 20 62 62 62 62 62 66
62 40 63 50 62 40 62 65 62 62 63 40 10 62 62 62 62 65
62 62 62 62 63 62 62 62 62 62 63 40 62 62 62 62 63 62
62 62 62 61 62 62 62 40 62 62 62 65 62 62 62 62 62 62
62 62 62 62 61 63 62 62 62 62 62 40 62 62 62 62 62 62
62 62 62 62 62 62 62 62 62 62 62 62 62 30 62 30 62 62
62 62 62 62 62 30 62 62 62 30 62 40 62 62 62 62 62 63
62 62 64 62 62 40 62 62 62 62 62 50 62 62 62 62 62 62
62 62 62 62 62 62 62 62 62 62 62 62 62 62 62 62 62 62
62 62 62 62 62 62 62 62 30 62 62 62 62 62 62 62 62 62
62 62 63 64 62 40 62 62 62 62 30 30 62 62 62 62 62 30
62 62 63 62 40 63 62 62 62 62 62 50 62 62 62 62 62 65
62 62 62 62 64 63 62 62 62 62 62 40 62 62 62 62 62 65
62 62 62 62 62 62 62 62 62 62 62 64 62 62 62 62 62 62
62 62 62 62 62 62 62 62 62 62 62 62 62 62 62 62 62 62
62 62 62 62 30 62 62 62 62 62 62 65 62 62 62 62 62 62
62 62 62 62 62 62 62 62 62 62 62 61 62 62 62 62 62 62
62 62 62 62 62 62 62 62 62 62 62 65 62 62 62 62 62 62
62 64 30 62 30 62 62 62 62 62 62 65 62 62 62 63 62 62
62 62 62 63 62 62 62 62 62 62 61 20 63 62 62 62 62 40
62 62 62 62 62 61 62 62 63 62 62 62 62 62 62 62 62 40
62 62 65 62 62 30 62 62 62 62 66 30 62 66 65 62 62 62
62 62 62 30 62 62 62 62 62 62 40 62 63 62 62 62 62 50
62 62 62 66 62 62 62 62 64 62 62 50 62 62 62 62 62 62
62 62 62 62 62 62 62 62 62 62 62 62 62 62 62 62 62 62
62 62 62 62 62 62 62 62 65 62 62 30 62 62 62 62 62 30
62 62 62 62 62 63 62 62 62 62 62 61 62 62 62 62 62 62
62 62 62 62 63 30 62 63 62 62 62 62 62 62 62 62 62 64
62 62 62 62 62 62 62 62 62 62 62 62 62 62 62 62 62 62
62 62 64 62 30 62 62 62 62 62 62 62 62 62 62 63 10 62
62 62 62 62 62 61 62 62 62 62 61 50 62 62 66 62 10 65
62 62 62 62 62 65 62 62 62 62 62 50 62 62 62 62 30 66
62 62 62 62 62 62 62 62 62 62 62 61 62 62 62 62 62 62
62 62 62 62 62 65 62 64 62 62 62 65 62 62 62 62 62 62
62 62 62 63 62 62 62 62 62 62 64 30 62 62 62 62 62 10
62 62 62 62 62 62 62 62 61 63 64 62 62 62 62 62 62 30
62 62 62 62 62 62 62 62 62 62 62 62 62 62 62 62 62 62
