$TYPE inputvec
$XDIM 137
$YDIM 1
$VECDIM 18

0.062 0.062 0.062 0.062 0.062 0.062 0.062 0.062 0.062 0.062 0.062 0.1911 0.062 0.062 0.062 0.062 0.062 0.062 0
0.062 0.062 0.062 0.062 0.062 0.062 0.062 0.062 0.062 0.062 0.062 0.0618 0.0615 0.0621 0.0614 0.062 0.062 0.12 1
0.062 0.062 0.062 0.12 0.12 0.062 0.062 0.062 0.0604 0.0614 0.0604 0.062 0.0609 0.0609 0.0614 0.0609 0.0209 0.0614 2
0.062 0.18 0.0622 0.062 0.0621 0.062 0.0616 0.062 0.062 0.0618 0.062 0.062 0.0616 0.0623 0.0615 0.0615 0.062 0.062 3
0.062 0.062 0.062 0.18 0.0608 0.09 0.0608 0.0614 0.0614 0.062 0.062 0.14 0.062 0.062 0.0614 0.062 0.062 0.13 4
0.062 0.062 0.062 0.062 0.062 0.0621 0.062 0.062 0.062 0.0618 0.1 0.14 0.062 0.062 0.062 0.062 0.0623 0.1101 5
0.062 0.0615 0.0604 0.0609 0.09 0.0607 0.0621 0.0617 0.09 0.0624 0.061 0.13 0.0614 0.0609 0.1121 0.062 0.062 0.03 6
0.062 0.062 0.062 0.062 0.062 0.062 0.062 0.062 0.062 0.062 0.062 0.0601 0.062 0.062 0.062 0.062 0.062 0.062 7
0.062 0.062 0.05 0.1 0.05 0.05 0.062 0.1613 0.12 0.0608 0.0609 0.13 0.0612 0.062 0.062 0.0622 0.03 0.18 8
0.062 0.062 0.062 0.062 0.062 0.24 0.062 0.0605 0.0613 0.062 0.062 0.1106 0.062 0.062 0.062 0.062 0.062 0.2005 9
0.062 0.0614 0.0621 0.0614 0.0614 0.062 0.062 0.0603 0.0614 0.0604 0.062 0.0614 0.062 0.062 0.0614 0.0609 0.0614 0.18 10
0.062 0.062 0.062 0.062 0.062 0.05 0.062 0.062 0.062 0.062 0.062 0.1104 0.062 0.062 0.062 0.062 0.062 0.2002 11
0.062 0.062 0.062 0.062 0.062 0.1612 0.1 0.1 0.0607 0.062 0.062 0.09 0.062 0.062 0.062 0.062 0.062 0.0612 12
0.062 0.062 0.062 0.062 0.062 0.1505 0.062 0.062 0.062 0.062 0.062 0.09 0.062 0.062 0.062 0.062 0.062 0.062 13
0.062 0.062 0.062 0.05 0.05 0.062 0.0613 0.0613 0.062 0.062 0.0613 0.0607 0.062 0.062 0.062 0.062 0.0601 0.0601 14
0.062 0.062 0.062 0.062 0.0607 0.05 0.062 0.0608 0.062 0.062 0.0609 0.14 0.0614 0.0608 0.0608 0.062 0.0608 0.04 15
0.062 0.062 0.0609 0.062 0.0603 0.0608 0.062 0.062 0.12 0.24 0.0611 0.0108 0.0614 0.0608 0.0616 0.062 0.0608 0.0606 16
0.062 0.12 0.1121 0.12 0.062 0.0612 0.062 0.0614 0.13 0.04 0.1105 0.04 0.062 0.062 0.1116 0.0621 0.062 0.062 17
0.062 0.17 0.0621 0.0617 0.062 0.0107 0.062 0.061 0.061 0.0611 0.0617 0.07 0.0614 0.0614 0.062 0.062 0.062 0.0103 18
0.062 0.0608 0.062 0.24 0.062 0.04 0.062 0.062 0.062 0.062 0.04 0.07 0.062 0.04 0.062 0.062 0.04 0.03 19
0.0613 0.062 0.1122 0.0611 0.12 0.05 0.0614 0.12 0.0609 0.062 0.04 0.1903 0.0204 0.12 0.04 0.062 0.0615 0.13 20
0.062 0.062 0.04 0.12 0.12 0.0613 0.062 0.0624 0.062 0.062 0.04 0.0612 0.062 0.062 0.062 0.062 0.0108 0.1104 21
0.062 0.0602 0.0624 0.0616 0.0614 0.1113 0.0604 0.0609 0.0622 0.18 0.18 0.0101 0.062 0.061 0.0622 0.0621 0.0614 0.13 22
0.062 0.062 0.0602 0.0604 0.0609 0.03 0.0604 0.03 0.2204 0.12 0.062 0.18 0.062 0.0608 0.18 0.0609 0.062 0.03 23
0.062 0.0615 0.0615 0.0608 0.0603 0.1612 0.0615 0.0614 0.12 0.0621 0.0604 0.18 0.062 0.0614 0.0212 0.062 0.062 0.0614 24
0.062 0.062 0.062 0.062 0.04 0.12 0.062 0.12 0.0609 0.12 0.17 0.0609 0.12 0.12 0.12 0.0614 0.0614 0.04 25
0.062 0.0614 0.0621 0.05 0.0601 0.03 0.062 0.062 0.0612 0.062 0.062 0.0612 0.062 0.062 0.062 0.062 0.062 0.0621 26
0.062 0.062 0.04 0.0614 0.062 0.12 0.062 0.062 0.062 0.062 0.09 0.12 0.062 0.0614 0.0614 0.03 0.062 0.24 27
0.062 0.0624 0.0623 0.0607 0.0614 0.1605 0.0608 0.0614 0.1113 0.18 0.0616 0.13 0.04 0.0623 0.0614 0.062 0.0616 0.13 28
0.062 0.062 0.062 0.0601 0.12 0.1 0.062 0.0609 0.062 0.062 0.05 0.1118 0.0603 0.062 0.062 0.0614 0.0614 0.0612 29
0.062 0.0618 0.0623 0.0614 0.0604 0.1614 0.0608 0.0608 0.062 0.0614 0.12 0.061 0.03 0.0611 0.12 0.062 0.0609 0.1907 30
0.062 0.062 0.062 0.0603 0.062 0.0616 0.062 0.062 0.0615 0.062 0.05 0.21 0.062 0.062 0.062 0.0603 0.0614 0.1901 31
0.062 0.0614 0.09 0.09 0.0613 0.0606 0.09 0.062 0.0612 0.062 0.062 0.13 0.062 0.062 0.062 0.0614 0.062 0.0603 32
0.062 0.062 0.04 0.0608 0.062 0.1601 0.0609 0.0613 0.0603 0.0614 0.062 0.1115 0.062 0.062 0.0608 0.062 0.12 0.0612 33
0.062 0.04 0.0618 0.0608 0.12 0.0209 0.18 0.0602 0.12 0.062 0.05 0.04 0.0621 0.0611 0.1101 0.062 0.0604 0.2001 34
0.062 0.062 0.0609 0.12 0.062 0.0617 0.062 0.0604 0.0608 0.062 0.0609 0.062 0.0614 0.0609 0.04 0.0614 0.062 0.062 35
0.062 0.062 0.0621 0.062 0.0621 0.1 0.062 0.062 0.062 0.062 0.062 0.2205 0.062 0.062 0.062 0.062 0.062 0.062 36
0.062 0.062 0.0623 0.04 0.12 0.05 0.0614 0.12 0.062 0.062 0.1508 0.13 0.0614 0.0204 0.0609 0.0106 0.062 0.0203 37
0.062 0.062 0.18 0.062 0.062 0.05 0.062 0.062 0.062 0.03 0.12 0.24 0.062 0.062 0.062 0.0613 0.0604 0.0619 38
0.062 0.12 0.062 0.062 0.062 0.07 0.04 0.062 0.062 0.062 0.062 0.062 0.0608 0.062 0.0621 0.062 0.062 0.062 39
0.062 0.062 0.062 0.062 0.221 0.09 0.062 0.062 0.062 0.062 0.062 0.12 0.062 0.062 0.062 0.062 0.062 0.061 40
0.062 0.17 0.18 0.0621 0.0603 0.17 0.24 0.1113 0.1117 0.0609 0.05 0.1905 0.1118 0.0609 0.062 0.062 0.24 0.062 41
0.062 0.0603 0.0622 0.0615 0.1603 0.1614 0.062 0.062 0.0614 0.0619 0.062 0.111 0.062 0.062 0.062 0.0609 0.062 0.0619 42
0.062 0.062 0.2211 0.0621 0.0204 0.0212 0.062 0.12 0.0613 0.062 0.0622 0.13 0.0617 0.0617 0.0622 0.0621 0.0614 0.1616 43
0.062 0.062 0.062 0.2204 0.0602 0.09 0.05 0.062 0.0613 0.062 0.05 0.05 0.062 0.062 0.062 0.062 0.062 0.05 44
0.062 0.062 0.04 0.03 0.0601 0.17 0.062 0.0621 0.062 0.062 0.0609 0.09 0.0608 0.0603 0.062 0.062 0.062 0.1911 45
0.062 0.062 0.062 0.062 0.062 0.1612 0.062 0.0614 0.062 0.04 0.062 0.0611 0.0614 0.062 0.0614 0.062 0.062 0.062 46
0.062 0.0609 0.061 0.12 0.0614 0.0207 0.0617 0.0609 0.0623 0.0622 0.09 0.1912 0.0622 0.062 0.24 0.062 0.0603 0.1117 47
0.062 0.062 0.0622 0.062 0.1111 0.1502 0.062 0.062 0.09 0.062 0.1107 0.062 0.0614 0.0609 0.062 0.0608 0.0604 0.1911 48
0.062 0.0602 0.0603 0.0614 0.0614 0.0601 0.0609 0.062 0.13 0.0615 0.0621 0.13 0.0614 0.0608 0.0614 0.0609 0.0609 0.1104 49
0.062 0.062 0.0621 0.062 0.0601 0.1508 0.062 0.1 0.062 0.0612 0.2009 0.1915 0.062 0.0619 0.062 0.062 0.13 0.12 50
0.062 0.0615 0.0616 0.0619 0.0614 0.062 0.0614 0.062 0.0614 0.0609 0.0614 0.062 0.062 0.062 0.13 0.0614 0.062 0.13 51
0.062 0.12 0.03 0.062 0.07 0.0614 0.0614 0.062 0.0614 0.062 0.0621 0.0611 0.0608 0.062 0.062 0.062 0.0608 0.2212 52
0.062 0.062 0.2307 0.2207 0.08 0.1 0.062 0.0609 0.0601 0.0614 0.221 0.07 0.0608 0.0608 0.04 0.0106 0.05 0.2209 53
0.062 0.062 0.062 0.062 0.0611 0.03 0.062 0.062 0.062 0.062 0.09 0.04 0.062 0.062 0.062 0.062 0.062 0.0605 54
0.062 0.0618 0.0621 0.062 0.062 0.0621 0.062 0.062 0.062 0.062 0.062 0.1905 0.062 0.062 0.062 0.062 0.062 0.0606 55
0.062 0.061 0.0614 0.062 0.062 0.09 0.062 0.062 0.062 0.062 0.062 0.1602 0.062 0.062 0.062 0.062 0.062 0.1607 56
0.062 0.0616 0.0621 0.0617 0.1 0.1615 0.0211 0.2301 0.1 0.0622 0.2001 0.062 0.0616 0.0624 0.1112 0.0614 0.17 0.0615 57
0.062 0.0608 0.1 0.12 0.1 0.03 0.0621 0.0621 0.0615 0.0623 0.1911 0.13 0.0616 0.0615 0.0615 0.0615 0.0615 0.062 58
0.062 0.062 0.0212 0.0603 0.0602 0.05 0.062 0.062 0.0601 0.0614 0.062 0.1124 0.062 0.062 0.062 0.062 0.062 0.1119 59
0.062 0.0616 0.062 0.12 0.04 0.05 0.0614 0.0616 0.1118 0.062 0.0623 0.05 0.062 0.062 0.062 0.062 0.062 0.0619 60
0.062 0.0623 0.0601 0.0604 0.062 0.09 0.0608 0.0624 0.0617 0.062 0.18 0.1904 0.0616 0.0622 0.0616 0.062 0.0614 0.1915 61
0.062 0.061 0.062 0.062 0.0614 0.0614 0.0614 0.062 0.0614 0.0201 0.0605 0.062 0.0609 0.062 0.0609 0.062 0.062 0.0612 62
0.062 0.062 0.062 0.062 0.0608 0.0614 0.062 0.0608 0.0614 0.0614 0.062 0.0607 0.0608 0.0614 0.0609 0.062 0.062 0.0608 63
0.062 0.18 0.0621 0.062 0.0614 0.062 0.0615 0.0609 0.0621 0.18 0.18 0.13 0.18 0.0621 0.0615 0.062 0.0614 0.1912 64
0.062 0.062 0.0608 0.1504 0.1 0.0607 0.062 0.0604 0.0614 0.12 0.0616 0.0105 0.062 0.0612 0.062 0.062 0.062 0.1116 65
0.0614 0.0617 0.0613 0.09 0.05 0.1 0.0602 0.0603 0.062 0.2309 0.0615 0.13 0.0616 0.1118 0.0608 0.062 0.0609 0.1905 66
0.062 0.0608 0.0611 0.0623 0.062 0.24 0.0614 0.04 0.0609 0.04 0.0603 0.1911 0.0619 0.0609 0.0608 0.062 0.062 0.13 67
0.062 0.0615 0.0621 0.0617 0.0614 0.1117 0.062 0.0614 0.0616 0.0621 0.2004 0.062 0.0615 0.0615 0.0621 0.0614 0.0609 0.1909 68
0.062 0.062 0.0609 0.062 0.062 0.0614 0.062 0.062 0.0614 0.0614 0.062 0.0613 0.062 0.062 0.062 0.062 0.062 0.0615 69
0.062 0.0607 0.03 0.062 0.05 0.161 0.062 0.03 0.0603 0.062 0.24 0.12 0.062 0.17 0.12 0.062 0.17 0.17 70
0.062 0.062 0.062 0.062 0.0616 0.04 0.062 0.062 0.0604 0.0608 0.0608 0.0622 0.0614 0.0608 0.062 0.062 0.062 0.18 71
0.0601 0.0623 0.0611 0.17 0.03 0.09 0.062 0.05 0.0608 0.062 0.062 0.0615 0.062 0.0614 0.062 0.062 0.0614 0.0614 72
0.062 0.0609 0.12 0.0614 0.0603 0.062 0.061 0.0608 0.0614 0.0616 0.0623 0.062 0.0616 0.12 0.0616 0.0621 0.0621 0.062 73
0.062 0.062 0.0611 0.0611 0.03 0.03 0.0615 0.0618 0.0615 0.062 0.0615 0.04 0.0617 0.0615 0.0611 0.0615 0.062 0.09 74
0.062 0.062 0.12 0.062 0.062 0.062 0.062 0.062 0.062 0.062 0.062 0.1908 0.062 0.062 0.062 0.062 0.062 0.0606 75
0.062 0.062 0.17 0.062 0.0608 0.0608 0.062 0.061 0.062 0.062 0.05 0.1117 0.062 0.062 0.062 0.062 0.13 0.111 76
0.0614 0.0608 0.0614 0.0616 0.062 0.062 0.0622 0.0614 0.0615 0.0621 0.0622 0.13 0.0614 0.0616 0.0622 0.0615 0.0621 0.1121 77
0.062 0.0608 0.0608 0.062 0.03 0.0104 0.062 0.0609 0.0608 0.0603 0.0608 0.0607 0.062 0.062 0.062 0.062 0.0603 0.0209 78
0.062 0.0608 0.0623 0.0609 0.0614 0.0603 0.0614 0.0609 0.12 0.0616 0.0608 0.062 0.0616 0.0603 0.0621 0.0614 0.062 0.062 79
0.062 0.0607 0.2204 0.0616 0.062 0.1508 0.062 0.24 0.0615 0.0621 0.0616 0.0612 0.062 0.062 0.062 0.062 0.062 0.0606 80
0.062 0.062 0.18 0.0209 0.062 0.1603 0.062 0.0609 0.062 0.062 0.062 0.03 0.062 0.062 0.062 0.062 0.062 0.13 81
0.062 0.061 0.12 0.0604 0.12 0.0616 0.18 0.0614 0.0608 0.12 0.062 0.0609 0.18 0.0609 0.0614 0.12 0.062 0.062 82
0.062 0.18 0.0616 0.0608 0.1604 0.07 0.0623 0.13 0.2201 0.0618 0.062 0.1119 0.0616 0.0622 0.0621 0.0614 0.062 0.13 83
0.0614 0.0603 0.0617 0.0609 0.0601 0.05 0.0609 0.0621 0.0617 0.0603 0.0616 0.12 0.0621 0.062 0.0616 0.0609 0.062 0.12 84
0.062 0.062 0.0608 0.062 0.062 0.09 0.0603 0.0614 0.062 0.062 0.062 0.09 0.062 0.062 0.062 0.0614 0.0603 0.062 85
0.062 0.062 0.0608 0.062 0.062 0.0611 0.0621 0.0604 0.0614 0.062 0.12 0.12 0.0615 0.0614 0.0614 0.062 0.12 0.07 86
0.0614 0.062 0.0608 0.0622 0.09 0.09 0.0615 0.0612 0.0622 0.12 0.17 0.14 0.0603 0.0614 0.12 0.062 0.03 0.05 87
0.062 0.062 0.062 0.0618 0.062 0.09 0.0212 0.0614 0.062 0.0617 0.0617 0.1125 0.0603 0.062 0.0617 0.0618 0.062 0.04 88
0.062 0.0617 0.04 0.18 0.12 0.021 0.0614 0.062 0.04 0.062 0.05 0.062 0.062 0.062 0.062 0.062 0.062 0.062 89
0.0614 0.0621 0.0608 0.0614 0.12 0.03 0.0608 0.03 0.021 0.12 0.0609 0.201 0.0609 0.0614 0.062 0.062 0.24 0.0614 90
0.0613 0.0621 0.1 0.0607 0.062 0.09 0.062 0.062 0.062 0.0609 0.062 0.062 0.062 0.062 0.062 0.062 0.062 0.062 91
0.062 0.18 0.062 0.0604 0.1 0.1609 0.062 0.0608 0.062 0.062 0.18 0.1904 0.062 0.18 0.0624 0.062 0.062 0.1119 92
0.062 0.0614 0.0615 0.0615 0.12 0.062 0.062 0.0621 0.062 0.12 0.0608 0.0605 0.062 0.0621 0.0616 0.12 0.0608 0.1104 93
0.062 0.12 0.0624 0.08 0.062 0.0613 0.062 0.062 0.0616 0.0615 0.0608 0.0618 0.0622 0.0609 0.0603 0.0614 0.12 0.0618 94
0.062 0.0608 0.0623 0.0614 0.0608 0.05 0.0614 0.062 0.0608 0.062 0.12 0.05 0.062 0.062 0.062 0.062 0.062 0.0603 95
0.062 0.0621 0.0622 0.0621 0.0608 0.062 0.0621 0.0621 0.0621 0.0621 0.18 0.062 0.0608 0.0621 0.0614 0.062 0.0614 0.062 96
0.062 0.0603 0.0614 0.062 0.062 0.062 0.062 0.0614 0.062 0.0614 0.062 0.0609 0.062 0.062 0.062 0.062 0.0614 0.062 97
0.062 0.0608 0.0622 0.0623 0.03 0.0607 0.0603 0.0615 0.0608 0.0608 0.1609 0.0607 0.0608 0.0614 0.04 0.062 0.0604 0.062 98
0.062 0.0604 0.0609 0.0624 0.0609 0.062 0.0608 0.12 0.18 0.0617 0.0609 0.0614 0.0616 0.062 0.0608 0.062 0.0606 0.0606 99
0.062 0.062 0.12 0.0615 0.062 0.062 0.062 0.062 0.062 0.062 0.062 0.2308 0.062 0.062 0.062 0.062 0.0621 0.13 100
0.0614 0.1508 0.1 0.1907 0.12 0.1608 0.061 0.1125 0.062 0.0624 0.05 0.21 0.0105 0.0615 0.0609 0.062 0.0614 0.1104 101
0.062 0.0617 0.0622 0.0616 0.04 0.0614 0.062 0.062 0.062 0.062 0.12 0.1604 0.062 0.062 0.0614 0.062 0.04 0.062 102
0.062 0.062 0.0614 0.09 0.0607 0.0601 0.062 0.1611 0.0603 0.062 0.062 0.1123 0.062 0.062 0.062 0.062 0.0619 0.0606 103
0.062 0.0616 0.061 0.0621 0.09 0.04 0.0609 0.062 0.0609 0.0609 0.062 0.161 0.062 0.0609 0.0609 0.062 0.0614 0.0614 104
0.062 0.0624 0.0617 0.0614 0.0614 0.0614 0.0616 0.0622 0.062 0.062 0.0609 0.0615 0.0603 0.03 0.0614 0.0205 0.0614 0.062 105
0.062 0.0618 0.0624 0.0622 0.0601 0.08 0.0618 0.0614 0.18 0.2207 0.0624 0.1501 0.18 0.12 0.0617 0.062 0.0609 0.12 106
0.062 0.0614 0.17 0.0616 0.062 0.1503 0.0604 0.0614 0.062 0.062 0.061 0.1903 0.062 0.062 0.062 0.062 0.0608 0.0612 107
0.062 0.061 0.0617 0.0614 0.0607 0.062 0.0608 0.0614 0.0621 0.0621 0.0615 0.062 0.0615 0.0615 0.0616 0.0621 0.0614 0.0608 108
0.062 0.062 0.0616 0.12 0.0607 0.05 0.062 0.0604 0.13 0.0621 0.0603 0.0608 0.0614 0.0608 0.0619 0.062 0.062 0.062 109
0.062 0.062 0.18 0.17 0.062 0.1611 0.0609 0.062 0.062 0.062 0.0208 0.07 0.062 0.062 0.062 0.062 0.062 0.03 110
0.062 0.062 0.04 0.12 0.1615 0.04 0.0608 0.062 0.062 0.062 0.062 0.1912 0.062 0.0623 0.062 0.062 0.062 0.1122 111
0.062 0.062 0.062 0.062 0.17 0.05 0.062 0.062 0.062 0.062 0.062 0.1508 0.062 0.062 0.062 0.062 0.0608 0.1112 112
0.062 0.062 0.062 0.0621 0.12 0.0616 0.0615 0.0621 0.0614 0.0608 0.062 0.24 0.062 0.062 0.062 0.062 0.062 0.062 113
0.062 0.062 0.062 0.062 0.12 0.0603 0.062 0.062 0.062 0.062 0.062 0.062 0.062 0.062 0.062 0.062 0.062 0.0612 114
0.062 0.062 0.062 0.062 0.24 0.062 0.062 0.0608 0.062 0.062 0.062 0.18 0.062 0.062 0.062 0.05 0.062 0.0618 115
0.062 0.0616 0.0616 0.0611 0.0609 0.0604 0.062 0.062 0.062 0.062 0.0614 0.1 0.0608 0.0609 0.0614 0.062 0.062 0.062 116
0.062 0.062 0.062 0.062 0.062 0.0606 0.062 0.062 0.062 0.062 0.062 0.1114 0.062 0.062 0.062 0.062 0.062 0.062 117
0.062 0.17 0.24 0.062 0.0209 0.0613 0.062 0.062 0.062 0.062 0.062 0.1125 0.0614 0.062 0.062 0.04 0.0608 0.0614 118
0.0614 0.0616 0.0622 0.04 0.12 0.12 0.062 0.062 0.062 0.0608 0.09 0.2303 0.04 0.0604 0.0606 0.062 0.062 0.1507 119
0.0608 0.0616 0.062 0.0608 0.0614 0.09 0.062 0.062 0.12 0.0621 0.062 0.0607 0.0623 0.0608 0.062 0.062 0.062 0.1609 120
0.062 0.12 0.1117 0.0614 0.0603 0.03 0.0608 0.062 0.0606 0.12 0.13 0.03 0.062 0.13 0.1114 0.0609 0.0608 0.062 121
0.062 0.12 0.0603 0.03 0.12 0.0614 0.0621 0.0621 0.0624 0.0621 0.1508 0.0606 0.04 0.0624 0.0614 0.0614 0.062 0.2001 122
0.062 0.0616 0.062 0.13 0.0614 0.0603 0.062 0.0614 0.17 0.062 0.0603 0.2001 0.062 0.062 0.0614 0.062 0.062 0.062 123
0.062 0.062 0.062 0.0622 0.0609 0.0608 0.0614 0.0614 0.0604 0.062 0.0623 0.062 0.062 0.062 0.0609 0.0608 0.0616 0.062 124
0.062 0.0616 0.062 0.0615 0.0614 0.0609 0.062 0.0618 0.1109 0.062 0.0609 0.2203 0.062 0.0618 0.062 0.0621 0.0603 0.03 125
0.062 0.062 0.0609 0.0608 0.0609 0.12 0.062 0.062 0.062 0.062 0.062 0.1 0.062 0.062 0.062 0.062 0.062 0.12 126
0.062 0.0621 0.061 0.12 0.04 0.03 0.0608 0.04 0.0608 0.0622 0.0614 0.12 0.062 0.0603 0.0618 0.0608 0.0623 0.17 127
0.062 0.0602 0.0603 0.0614 0.0608 0.062 0.0604 0.062 0.0604 0.0614 0.0609 0.062 0.0614 0.0614 0.0608 0.062 0.0614 0.062 128
0.062 0.0616 0.17 0.18 0.03 0.0608 0.0608 0.0614 0.0608 0.0603 0.0605 0.0618 0.0614 0.0614 0.062 0.04 0.0204 0.0614 129
0.062 0.062 0.061 0.0623 0.12 0.1 0.0603 0.062 0.05 0.12 0.09 0.14 0.062 0.0611 0.13 0.0609 0.0202 0.1102 130
0.062 0.062 0.0624 0.062 0.0614 0.1103 0.0624 0.0601 0.062 0.062 0.062 0.1913 0.062 0.0621 0.062 0.062 0.07 0.13 131
0.062 0.18 0.062 0.0608 0.0614 0.05 0.0614 0.0614 0.0614 0.062 0.0614 0.1 0.062 0.0609 0.0609 0.062 0.12 0.062 132
0.062 0.062 0.05 0.062 0.05 0.1103 0.062 0.17 0.062 0.0621 0.062 0.1123 0.12 0.0609 0.0606 0.0603 0.0603 0.18 133
0.062 0.062 0.0603 0.04 0.0609 0.062 0.0608 0.0614 0.0603 0.0614 0.24 0.03 0.062 0.0608 0.0603 0.0608 0.062 0.0108 134
0.062 0.0603 0.0615 0.0614 0.0616 0.062 0.12 0.0615 0.1 0.04 0.17 0.0621 0.18 0.0603 0.0618 0.0618 0.0614 0.0206 135
0.062 0.0603 0.0623 0.0603 0.0618 0.12 0.0617 0.0608 0.0623 0.0617 0.0617 0.05 0.0617 0.18 0.0618 0.12 0.1 0.062 136
