2331 2360 2333 2333 2331 2335 2331 2460 2331 2340 2333 2334 2333 2331 2331 2331 2340 4300
2331 2333 2320 2334 2333 2331 2331 2450 5100 1200 2200 2331 2331 2331 2331 2331 2331 2331
2331 2331 2331 2331 2331 2331 2331 1100 2331 2331 2450 2331 2600 3600 2331 2336 2331 2331
2331 2331 2410 2360 2335 2110 3200 2331 2310 2331 2331 2331 2331 2331 2331 2331 2331 2350
2331 2331 2333 2333 2331 2331 2331 2334 2331 2331 2333 2333 2331 2331 2331 2331 2331 2331
2331 2331 2331 2331 2331 2333 2331 2331 2331 2331 4500 2331 2331 2331 2331 2331 2331 2331
2331 2331 2331 2331 2333 2331 2331 2331 2331 2350 2350 4300 2331 2331 2331 2331 2331 6300
2331 2460 3200 2331 2331 2331 2331 3200 2333 2331 2331 2331 2331 2331 2331 2333 2340 3200
2331 2334 2340 2333 2340 4300 2331 2334 2331 2333 2334 4300 2331 2334 2331 2334 2320 2333
2331 2333 2333 2331 2331 2333 2333 2331 2331 2335 2333 2331 2331 2331 2333 2333 2331 2600
2331 2333 2334 2320 2335 2333 2333 2450 2331 2331 2331 2331 2350 2320 2333 2331 2450 2333
2331 2340 2350 2331 2331 2334 2331 2334 2331 2333 2331 2331 2600 2331 2331 2331 2331 2331
2331 2320 2335 2360 2331 2331 2331 2331 3600 2331 2331 2331 2331 2331 4600 2331 2331 2331
2331 2333 2333 2333 2333 2331 2331 3200 2331 2331 2340 2333 2333 2331 2334 2331 2334 2331
2331 2333 2331 2331 2331 2331 2331 2331 2331 2336 2331 2331 2331 2331 2334 2331 2331 3100
2331 2331 2331 2331 2331 2331 2310 2331 2331 2331 2331 2331 2331 2200 2331 2331 2331 2331
2331 2460 2335 2333 2320 2331 2331 2333 2340 2334 2320 2331 2334 2334 2333 2331 2331 2460
2331 2331 2430 3100 3100 4600 1300 1300 2331 1300 2310 2331 2331 2331 2331 2331 6300 2331
2331 2331 2333 2320 2410 4600 2333 2200 6200 2450 2333 2333 2331 2331 2331 2460 2410 2340
2331 2332 2600 2333 2420 2331 2331 2160 2331 2331 5400 2331 6300 3400 3100 3200 2333 2320
2331 2331 2331 2331 2334 2334 2331 2331 2331 2331 2331 2331 2331 2331 2331 2331 2331 2331
2331 2331 2333 1200 3100 2200 2331 2331 2331 2331 2331 2334 2331 2331 2331 2160 2331 2331
2331 2360 2331 2333 2350 2460 2340 3200 2331 2320 2331 2333 2333 2333 2333 2334 2331 2331
2331 2331 2331 2331 2334 2200 2331 2331 2333 2331 2331 2331 2331 2331 2331 2160 2310 2310
2331 2333 3100 3600 3200 1300 1200 2331 2331 2333 2333 2320 2331 2333 2320 2335 2333 2410
2331 2335 2335 2333 2333 2335 2335 2331 2331 2331 2335 2331 2331 1600 2331 2331 2333 2331
2331 2333 2340 2334 2331 2333 2333 2331 2331 2333 2331 3200 2200 2320 2334 2320 2333 2333
2331 2320 2320 2331 2340 2340 2450 2331 2331 2333 2340 2333 2334 2331 2331 2333 2334 2331
2331 2333 2331 2331 2334 2331 2350 2350 2331 2331 2331 2331 2331 2331 2350 2331 2331 2110
2331 2331 3600 2310 2310 2331 2350 2334 2331 2334 2331 2331 5400 2600 2331 2331 2331 2200
2331 2331 2331 2333 2340 2331 2460 2331 2334 2340 2333 2331 2450 2331 2334 6300 2331 2335
2331 2334 2335 2430 2320 2310 2320 2430 2334 2331 2460 1300 2335 2331 2331 2500 2331 2340
2331 2331 2331 2331 2331 2331 2331 2331 2500 2331 2340 3500 2333 2200 2332 2331 2331 2450
2331 2331 2320 2331 2333 2331 2331 2331 2331 2333 2340 2333 2331 2320 2333 2320 2160 2334
2331 2331 2333 2333 2410 2331 2331 2331 2336 2331 2333 2120 2410 1300 2500 4500 2331 2333
2331 2334 3600 2331 2340 2450 2333 1200 2340 2460 2331 2335 2334 2331 2334 2340 2120 2334
2331 2340 2340 3100 2340 2333 2333 2331 2320 2331 2331 2331 2331 2331 2440 2331 2331 2331
2331 2333 2334 2340 2333 2460 2333 2200 3600 2334 2333 2340 2334 2331 2334 2340 2331 2331
2331 2331 2331 2331 2334 2334 2331 2333 2334 2331 2334 2331 2340 2331 2333 2331 2333 2331
2331 2331 2331 2331 2331 2331 2331 2331 2331 2331 2310 2331 2334 2331 2331 2331 2331 2331
2331 2331 2200 2430 2331 2331 2331 2500 2331 2331 2333 2331 2331 2331 2334 2334 3600 2331
2331 2331 2331 2331 2331 2450 2500 2331 2331 2331 2331 2331 2336 2331 2331 2331 2110 2331
2331 2333 2335 2333 2333 2331 2331 2335 2331 2331 2333 2331 3600 2333 2332 2331 2331 2600
2331 2340 2334 2331 2333 2331 2331 2331 2331 2331 2331 2331 2331 2331 2350 2331 2331 2331
2331 2320 2320 2331 5200 2420 2350 2350 2160 2334 4500 2350 2334 2500 2334 4400 2334 2320
2331 2334 2335 2333 2333 2331 2334 2331 2334 2333 2331 2331 2331 2331 2335 2331 2410 2331
2331 2331 2331 2331 2331 2160 2331 2331 2331 2331 2331 2331 2331 3600 2331 2340 2333 2331
2331 2320 2333 2331 2334 2331 2333 2334 2331 2331 2335 2320 2335 2335 2331 2335 2331 2331
2331 2331 2331 2331 2331 2331 2331 2331 2331 2331 2331 4100 4500 2331 2331 2331 2331 2331
2331 2331 2331 2331 2440 5400 3600 2331 2331 2331 2331 2110 2334 2331 2331 2310 2331 2331
2331 2331 2331 2331 2331 2331 2331 2331 1100 2334 2331 2340 2331 5400 2340 2331 2331 2331
2331 2332 3200 3400 2320 2410 3200 2331 2320 2331 2333 1200 2333 2331 2331 2331 2320 2331
2331 2333 2331 2331 2331 2331 4600 2331 2331 2331 2331 2331 2331 2331 2331 2160 2331 2331
2331 2340 2334 3200 2333 2460 2320 2331 2334 2331 2331 2350 2600 2331 2331 2331 2331 2331
2331 2331 2331 2430 2430 2331 1300 2332 2331 2331 2331 2331 2350 2331 2331 2331 2331 2331
2331 2331 2333 2331 1400 2500 2331 2340 2331 2331 2331 2331 4300 2331 2331 2331 2333 2320
2331 2331 2335 2333 2333 2340 2331 2340 2333 2331 2331 2333 2331 2333 2331 2331 3100 2333
2331 2333 2334 2333 2331 2331 2334 3200 2333 2340 2333 3600 2333 2334 2334 2500 2334 2333
2331 2331 2331 2331 2331 2410 2331 2331 2160 2331 2331 2331 2331 2331 2331 2331 2331 2331
2331 2331 2331 2331 2331 2331 2331 3600 2331 2331 2331 2331 2331 2331 2331 2331 2331 2331
2331 2331 6400 2331 3400 3300 2331 2331 2333 2460 2331 2334 2331 2331 2333 2331 2335 2331
2331 2430 2430 2331 1300 2340 2332 2310 2331 2331 2160 2331 2331 2331 2331 2331 2331 2350
2331 2334 2335 2331 2333 3600 2333 2331 2331 2331 2334 2331 2331 2331 2331 2333 2331 2336
2331 2331 2331 2450 2460 2331 2320 2160 2331 2335 2335 2360 2335 2331 2331 2334 2331 2340
2331 2320 2320 2334 3200 2331 2331 2600 2333 2340 2333 2331 2331 2331 2331 2334 2331 2333
2331 2331 3500 2331 2331 2331 2331 2331 2331 2331 2331 2331 2310 3600 2331 4600 2331 2331
2331 2331 2320 2331 2331 2333 2331 2331 2331 2331 2331 2331 2331 2331 2331 2110 2331 2331
2331 2334 3600 2340 2340 2350 2331 2340 2350 2331 2333 3500 2320 2331 2333 2320 2331 2333
2331 2331 2430 2600 2331 3600 2334 2331 2331 2333 2331 2331 2331 2331 2331 2331 5400 2310
2331 2331 2331 2331 2331 2500 2500 2331 2331 2331 2331 2331 2331 2331 2333 2336 2331 2331
2331 2333 2334 2340 2331 2360 4500 2331 2460 2331 2320 2331 2331 2333 2331 2331 2331 2110
2331 2320 2310 2340 2333 2331 2333 2331 2110 2333 2331 2335 2320 2331 2333 2331 2335 2335
2331 2331 2460 2335 2420 2335 2331 1400 2340 2335 2331 2331 2331 2333 2331 2331 2320 2331
2331 2331 2331 2331 2331 2331 2331 2331 2310 2331 2331 2334 2331 2331 2331 2331 2331 2331
2331 2333 2331 2334 2331 2333 2333 2331 2334 2331 2332 2331 2331 2150 2331 2331 2331 3600
2331 2335 2334 2331 2331 3600 2333 2335 2340 2331 2335 2331 2320 2333 2320 2333 2335 2333
2331 2331 2331 2331 2333 2320 2331 2331 2331 2331 2600 2331 2331 2350 2331 2331 2331 2331
2331 2331 2331 2333 2340 2332 2331 2320 2331 2320 2333 2340 2333 2335 2333 2331 2333 2333
2331 2331 2333 2331 2410 2331 2331 2331 2331 2500 2460 3600 2331 2334 2331 2340 2333 2333
2331 2331 2335 2334 2333 2460 2331 2340 2333 3600 2460 2331 2331 2334 2333 2335 2331 2333
2331 2331 2333 2334 2333 2331 2333 2331 2331 2331 2331 2334 2331 2331 2333 2331 2333 2340
2331 2331 2331 2331 2331 2331 2331 2331 2331 2331 2331 4500 2331 2331 2500 2331 2332 2331
2331 2333 2333 2331 2334 3600 2331 2333 2331 2340 2331 3600 2340 3100 2333 2334 2333 2333
2331 2334 2334 2331 2332 2331 2333 2334 2331 2333 2335 2331 2333 2333 2333 2331 2334 2331
2331 2331 2331 2331 2310 2334 2331 2331 2331 2331 2331 2331 2350 2331 2331 2331 2331 2331
2331 2331 2320 2331 2331 2500 1500 2331 2331 2333 2331 2331 2331 2331 2331 4300 2331 2331
2331 2331 2331 2331 2331 2331 2331 2160 2331 2331 2331 2331 2331 2331 2331 2331 2331 2331
2331 2331 2333 2200 2310 2331 2331 2331 2331 2331 2331 2331 2331 2331 2331 3300 2331 2331
2331 2333 2200 2332 2331 2331 2340 2331 2350 2331 2334 2331 2331 2331 2331 2331 2331 2331
2331 2331 2331 2331 2335 2410 2331 2331 2350 2460 3200 2333 2331 2335 2310 4600 2331 2340
2331 2331 2331 2310 2460 2335 2335 2333 5400 2331 2334 3600 2331 2340 2331 2333 2331 2332
2331 2331 2340 2340 3100 3200 2333 2320 2334 2333 2331 2360 2331 2333 2340 2331 2331 2331
2331 2331 6400 2600 3400 3300 3400 2331 2340 2331 4600 2333 2340 2333 2331 3600 2333 2334
2331 2335 2340 2450 2331 2340 3100 4300 2331 2335 2320 2335 2335 2335 2331 2331 2331 2331
2331 2331 2335 2333 2331 2333 2331 2331 2334 4300 2331 2334 2334 2331 2331 2331 2333 2333
2331 2331 2331 2331 2333 2331 2331 2331 2331 2331 2331 2335 2120 2160 2333 2331 2331 2120
2331 2331 2430 2320 2331 2320 2331 2320 5300 2331 2334 2331 4100 2160 2331 2331 2331 2331
2331 2334 2320 2331 2331 1100 1400 2331 2333 2333 2333 2320 2335 2333 2333 2331 2600 2331
2331 2331 2310 1200 2200 2331 2331 2331 2331 2331 2331 2331 2500 2331 2333 2331 2333 2340
2331 2333 2333 2320 2331 2334 2333 2320 2331 2331 2460 3600 2500 2333 2334 2320 2334 2331
2331 2334 2340 2333 5400 2333 5400 2334 2450 2460 2335 2331 2333 2334 2340 2460 2331 2331
2331 2331 2333 2340 2333 2331 2331 2331 2333 2331 2331 2331 2331 2333 2333 2331 2333 2331
2331 2360 2331 2160 2331 2331 2334 2331 2331 2331 2333 2331 2331 2334 2331 2331 2336 2331
2331 2331 2334 2335 2331 2331 2331 2331 2310 2331 2331 2331 2331 2331 2331 2331 2331 2331
2331 2333 2331 2334 2333 2331 2333 2333 2331 2333 2331 2331 2333 2331 2331 2320 2331 2331
2331 2331 2460 2335 2331 2331 2331 2331 3500 2331 2331 2331 2331 2331 2331 2331 2331 2331
2331 2320 2320 2333 2340 2331 2331 2333 2331 2450 2340 2460 2331 2333 2331 2335 4600 2334
2331 2333 2333 2600 2331 2600 2331 2331 2331 2331 2331 2331 2331 2350 2331 2331 2331 2331
2331 2332 3200 2333 2333 2334 2333 2333 2334 2331 6100 2335 2333 2333 2331 3600 2333 2360
2331 2360 2333 2331 2333 2320 2334 2333 2331 2331 2333 2331 2331 2340 2333 2331 2331 2331
2331 2332 2600 3200 2332 2331 3600 2460 2331 2331 2500 2333 2331 2331 2333 2200 2331 2331
2331 2331 2331 2331 2333 2331 2331 2331 2331 2331 2331 2331 2331 2331 2331 2331 2331 2331
2331 2331 2320 2331 2331 2331 1400 3400 2331 2331 2333 2331 2333 2333 2331 2350 2350 2331
2331 2340 2150 2331 2340 2340 3200 2333 2331 2600 2331 2331 2331 2331 2331 4300 2331 2331
2331 2331 2331 2320 2331 2331 2410 2500 2331 2331 2340 3600 2331 2331 2331 2331 2350 2331
2331 2331 2331 2331 2331 2331 2331 2331 3300 2331 2331 2331 2331 2331 1400 2331 2331 2331
2331 2430 2600 2331 3100 2340 2331 2310 2331 6300 2200 2331 2331 2331 2331 2331 2331 2336
2331 2331 2450 2320 2334 2340 2460 2331 2331 2334 2331 2340 3200 2333 2320 2331 2331 2333
2331 2333 2420 267 2350 1400 3200 2333 2320 2331 2331 2450 1300 2340 2331 2331 2331 2331
2331 2331 2333 2500 2331 2334 3100 2331 1200 3100 2331 2331 2331 2331 2331 2331 2331 2331
2331 2333 2340 2340 2200 1200 2120 2410 4600 1300 3400 2331 2331 2334 2334 2331 2340 2331
2331 2331 2430 2320 2331 2331 2331 2310 2335 2331 2320 2331 2200 2331 2331 2331 2350 2340
2331 2331 2320 2331 2333 4600 2331 2331 2331 4500 2331 2331 2331 2331 2350 2331 2331 2110
2331 2331 2334 2333 2334 2331 2331 2331 2331 2333 2340 4300 2331 2331 2333 2331 2335 2331
2331 2331 2331 2340 2200 2332 2331 6100 2331 2331 2331 2331 2331 2331 2331 2331 2331 2331
2331 2333 2334 2340 2333 2331 2331 2331 2331 2335 2120 2335 2331 2335 2331 2600 1400 2331
2331 2331 2333 2331 2331 2331 2350 2331 2331 2150 2331 2331 2331 2331 2331 2331 2350 2331
2331 2331 2320 2331 2334 2333 2331 2331 2331 2331 1400 2331 2331 2331 3600 2331 2340 2200
4400 2331 2331 2331 2600 2331 2331 2331 3300 2331 2331 2310 2331 2331 2331 2331 2350 2331
2331 2334 2335 2334 2333 2331 2334 2333 2331 2331 4500 2331 2340 2120 2334 5200 2150 2160
2331 2333 2333 2331 2340 2333 2360 2331 2333 2334 2334 2331 2334 5200 3200 2331 2331 2333
2331 2334 2333 2334 2331 2333 2331 2331 2331 2333 2334 3200 2333 2333 2331 2331 2460 2600
2331 2334 2320 2334 2331 2331 2333 2331 2333 2331 2333 2331 2331 2333 3600 2331 2331 2331
2331 2331 2331 2331 2331 2200 2331 2331 2331 2331 2160 2331 2331 2331 2333 2333 2331 1200
2331 2331 2333 2331 1400 2331 2331 2331 2331 2331 2110 2331 2331 2331 2331 2331 2331 2331
2331 2333 2335 2320 2320 2335 2340 1200 2331 2331 2120 2460 2331 3200 2333 2331 2333 2331
2331 2334 2335 2334 2333 2333 2333 2331 2331 2334 2331 2331 2331 2333 2331 2331 2335 2331
2331 2333 2331 2331 2331 2331 2331 2331 2331 2331 2331 2331 2331 2160 2110 2331 2331 2331
2331 2331 2310 1400 2331 3600 2331 2331 2310 2310 2331 2331 2331 2331 2331 2331 2331 2331
2331 2331 2331 2331 2331 2331 2331 2160 2331 2331 2331 2333 2331 2333 2310 2450 2310 2331
2331 2331 2331 2331 2331 2331 2331 2331 2334 2331 2340 2331 2331 2331 2334 2331 2331 2331
2331 2331 2331 2331 2331 2331 2331 2110 2331 2310 2331 2331 2331 2331 2331 2331 2331 1600
2331 2320 2310 2340 2331 2333 2331 2320 2333 2331 2335 2333 2331 2331 2350 2334 2333 2334
2331 2331 2333 2450 2340 3100 2360 2360 2333 1200 2200 2331 2336 2335 2340 2331 2331 2333
2331 2333 2334 2331 2333 2333 2333 2331 2333 2331 2331 2333 2334 2331 2335 2331 2335 2331
