0 260 440 0 235 0 0 235 222 0 231 0 0 217 0 0 231 0 0 0 213 234 0 0 260 234 251 234 235 0 235 170 0 235 0 0 231 0 231 211 216 231 218 211 120 0 120 218 260 420 221 0 228 0 224 221 0 260 180 216 260 221 217 225 228 225 225 120 0 236 225 170 236 216 225 231 110 231 0 235 260 150 236 260 0 0 234 0 236 231 224 231 221 120 225 320
0 0 0 0 0 221 0 0 0 0 0 0 0 0 0 0 0 0 235 0 0 0 0 0 0 0 235 0 0 0 0 0 228 0 235 0 0 0 217 0 0 235 0 225 0 0 221 0 0 0 0 0 0 0 0 0 0 0 236 0 0 0 0 0 0 0 228 235 0 236 221 0 236 228 0 0 221 0 0 227 0 224 224 227 221 0 221 0 0 224 236 236 236 236 236 221
0 180 560 330 530 670 690 690 330 0 660 0 0 0 680 0 0 0 690 0 0 0 224 256 0 255 690 370 680 680 0 640 0 330 660 260 660 231 360 0 150 340 0 120 0 550 370 0 370 370 0 370 370 236 370 260 370 580 231 580 580 216 380 0 260 350 227 0 0 390 570 0 221 260 640 0 550 260 0 370 0 0 580 217 370 0 0 0 0 0 225 550 211 231 0 180
0 231 231 231 231 231 231 0 231 231 0 0 0 231 231 231 231 231 231 231 231 231 231 0 0 231 231 231 231 231 0 231 0 231 231 0 231 231 231 0 231 231 0 231 231 0 0 0 231 0 231 0 231 231 231 231 0 231 0 231 231 231 0 231 0 231 0 231 231 0 0 231 231 231 231 231 231 231 0 231 0 231 231 231 0 0 231 0 231 231 231 231 0 231 0 234
0 211 216 0 0 255 420 225 120 0 120 235 120 0 231 217 0 235 0 0 0 216 231 218 0 216 0 231 216 0 0 231 0 231 211 170 0 0 211 235 170 0 440 150 160 218 0 240 160 150 150 0 0 0 120 0 218 0 218 0 160 120 0 120 0 0 120 0 120 0 440 440 0 440 150 440 440 440 0 0 440 440 440 440 0 440 214 440 0 218 440 440 0 0 440 460
0 0 235 0 231 240 227 232 0 231 0 222 610 0 231 0 0 235 251 0 0 216 0 235 235 234 0 0 253 234 0 234 420 0 234 0 231 233 240 255 0 440 440 234 0 0 251 0 235 0 0 0 251 0 235 0 235 0 235 231 253 231 256 231 256 231 0 256 0 256 110 0 234 440 234 234 251 0 251 234 234 0 251 231 256 232 0 180 0 0 234 110 217 217 0 0
231 0 231 0 0 231 0 231 0 231 0 231 231 231 231 231 231 231 232 231 0 0 0 0 235 231 231 235 235 0 231 0 235 0 231 235 0 231 235 0 235 0 0 234 231 232 231 235 231 235 0 231 234 0 232 0 231 0 0 231 235 0 0 231 235 235 236 235 0 235 235 0 231 235 235 0 235 0 231 235 0 231 235 231 231 0 235 0 0 235 0 235 231 235 0 235
0 0 231 0 0 233 0 0 0 0 0 233 0 0 0 0 0 0 0 0 233 0 0 233 0 0 233 233 234 233 233 0 0 233 0 0 233 0 0 234 227 0 222 0 233 0 0 0 0 234 234 234 0 232 0 0 233 231 0 233 231 460 0 231 0 234 233 234 233 231 234 0 231 234 233 234 235 234 234 232 231 0 233 234 234 0 233 234 0 130 0 420 231 0 231 234
0 0 0 0 0 0 0 0 235 0 0 0 0 0 235 235 0 235 0 0 0 235 0 235 231 0 0 0 0 0 231 235 231 0 235 0 235 231 0 0 231 0 231 231 0 235 0 232 0 0 0 0 0 0 231 235 231 235 223 235 0 235 0 231 234 0 221 234 0 0 231 0 231 235 0 0 0 0 231 236 236 0 235 231 235 0 236 0 231 0 234 234 0 0 0 231
0 235 231 235 235 231 235 231 235 0 0 235 231 0 231 231 231 231 231 231 235 0 231 0 0 0 235 0 231 235 236 235 231 0 231 0 0 231 231 234 0 231 231 231 235 231 231 0 0 0 231 231 0 231 231 0 236 236 236 231 231 0 235 235 236 235 231 235 0 236 0 231 231 231 0 235 231 231 235 0 231 231 231 0 231 236 231 231 231 0 236 231 231 236 231 231
