5600 5521 5230 4100 5522 5522 5521 5521 4300 5300 5521 5525 5522 5100 5400 5521 4600 5521
5524 5539 5522 5521 5521 5521 5521 5521 5521 5526 5521 5550 5521 5521 5529 5521 5521 5526
5560 5521 5522 5521 5300 2310 5521 5522 5521 5521 5400 5521 5521 5521 5521 5521 5100 5560
5521 5100 4300 5521 5526 5100 5524 5400 5523 2400 5560 5522 2310 5521 5521 5522 5600 5521
5521 5521 5250 3260 5522 5400 5521 5521 3210 5510 5529 5521 5560 5522 3240 5521 5521 5521
5250 5560 5524 5521 5521 5525 5521 5522 5521 5400 5521 5300 5521 5521 5521 5400 5521 5521
5521 5522 5600 4500 5521 5529 5521 2310 5521 5524 5230 5521 5522 3210 5560 5522 5522 5521
5521 5521 5521 5230 5521 5522 5521 5600 5524 5526 5521 5521 5521 1100 5521 5521 5526 5521
5521 5521 5521 5522 5521 5521 5526 5539 2400 5526 5400 5521 5521 5526 5526 5600 5521 5529
5522 5300 4600 5526 5521 5521 5521 5400 5560 5522 5521 5521 5521 5521 5522 5521 5521 5521
5400 5524 5560 5524 5521 5521 5521 3100 5521 5521 5400 5521 1200 5521 5522 5522 5521 5521
5524 5521 5560 5521 5521 5521 5521 5521 5550 5220 5521 5521 5521 5521 1200 5300 4100 1200
5521 5521 5600 5521 5521 5521 5522 5100 5521 5400 5521 5526 5521 5521 5521 5526 5521 5523
1200 5521 5521 2200 5521 2200 5521 5521 5521 5522 5521 5521 5510 5522 5521 5521 5521 5521
5539 5560 5523 5521 5560 5400 5600 5600 5521 5521 5521 5529 5521 5529 5522 5550 5521 3100
5521 5526 5521 4100 5523 5521 5100 4300 5522 5521 5550 5521 5539 5521 5521 5523 4300 5521
5521 5521 4300 5522 5521 5522 5521 5230 2200 5521 5521 5521 5521 5521 4100 5521 5521 5560
5560 5521 5521 5300 5521 5539 2400 5521 5300 5230 5521 5560 5521 5521 5521 4600 5521 5526
5521 5521 5521 5521 5526 5523 5521 5521 5521 1400 5522 5523 5600 5521 5526 5400 5230 5600
5100 5521 3100 5521 5560 5521 5521 5521 5521 5521 5521 5521 5526 5521 5521 5521 5539 5230
5521 5510 5522 5521 5521 5521 5522 5560 5521 5522 5521 5521 5600 5521 5521 5522 5521 5521
6118 5521 5521 5100 5522 5521 5521 5525 5521 5521 1400 5521 5522 5521 5539 5521 5521 5521
5522 5400 5230 5560 4100 5522 1200 5521 5100 5521 5521 3229 1200 5526 5521 5100 5521 5521
5529 5521 5521 5521 5529 5521 5521 3240 5521 5521 1300 5522 5521 5521 4300 5521 5521 1200
1223 3220 5521 4100 5521 5521 5522 5522 5524 5521 5521 5521 5525 5521 5600 5400 5521 5526
5521 5521 5521 5560 5522 5522 5521 5521 5521 2330 5525 5521 5522 5521 5521 5521 5521 5526
5521 5521 5521 5521 5521 5521 5522 5521 5521 5100 5521 5521 2400 5524 5521 5526 5260 5521
5521 5240 5539 5521 5100 5521 5300 5521 4100 5521 5521 5521 5521 5521 5521 5560 5521 5400
5400 4600 5510 1400 5526 5400 5521 3220 5521 5521 5560 5521 5230 2400 5521 5521 5521 2400
5522 5521 5521 1200 5521 5521 5230 5521 4100 5521 2400 5521 4300 5521 5521 5400 5400 5521
2400 5521 5521 4100 5524 2310 5521 5300 5521 5521 5526 5521 3100 5521 5521 5521 5521 5400
1400 5521 5560 5521 5560 5521 5521 5521 5521 5522 5521 5521 5521 5521 5560 5521 5521 5400
5510 5539 5529 5522 5521 5521 5521 5100 5521 5521 5523 5521 5526 5521 2320 5521 5521 5522
5600 5525 5522 5521 5550 5300 5521 5522 5510 5510 5521 5529 3240 5521 5521 5526 5521 5521
5300 4100 5521 5521 5400 5300 5522 5521 5522 5300 5524 5400 5521 3240 6300 5521 5521 5521
5526 5521 5521 5521 5521 5521 5560 5400 5521 5521 5400 5521 5560 5522 5521 5521 5522 5524
5521 5522 5521 5522 5521 5521 4100 5521 2310 5521 5521 5521 5521 5521 2310 5529 5521 5521
5526 5522 5521 5529 5521 5522 5525 5300 5560 5522 5521 5521 5400 4600 5521 5560 4500 5521
5400 5521 5521 2200 5521 5560 2400 5521 5521 5521 4300 5521 5522 5521 5522 5521 5521 5521
5522 5230 5521 5510 5521 5240 5521 5524 5521 5529 5529 5539 5521 5510 5521 5522 5521 5521
5521 5510 5521 5521 5521 5400 5522 5521 5560 1300 5521 5521 3240 5400 5522 5521 5529 5524
5510 5522 5521 5521 5521 5521 5522 4100 5521 2330 5522 5521 5521 5220 5521 5521 5400 5521
2400 5560 5521 5523 5521 5521 3220 5529 5600 5521 5521 5560 5521 5524 4100 5529 5539 5521
5600 5521 5230 5521 5521 5521 5300 1400 5521 5100 5522 5521 5526 5522 5560 5230 5300 5522
5522 5521 5560 5523 5521 5539 5526 5521 5521 5400 5521 5521 5521 5560 5521 5522 5521 5521
5522 5521 5521 5522 5521 6300 1200 5521 6300 5600 5521 5521 5522 5521 5521 5521 5521 5526
5526 5526 5521 5521 5521 5521 5522 5521 5522 4100 5560 5523 5529 5220 5526 5526 5521 2320
3260 5524 5400 5521 5521 5400 5220 5522 5522 5521 5521 5522 5539 5521 5522 5521 5521 5521
4600 5521 5521 3240 5521 5521 5526 5539 5521 5521 5521 4200 5220 5522 3220 5521 5521 5521
5521 5521 5521 5600 5521 5560 5521 5521 5521 5521 5521 5521 2400 5100 5529 5521 5521 5521
5529 5510 5521 5560 5522 6300 3260 5521 5521 5521 5521 1200 5521 5600 5521 5521 5522 5600
4300 5521 4300 5560 5521 5521 5522 5521 5521 5521 5529 2200 5521 5560 5600 2400 5560 5522
5510 5521 3100 5560 5521 5522 5510 5521 5521 5521 5523 5521 5521 5521 5522 5521 5522 5522
5522 5521 5521 5522 5521 5521 5521 5522 5521 5521 5521 5526 5521 5521 5521 5521 5100 5521
5526 5100 5400 5521 5521 5521 5521 5521 4300 5521 5521 5521 5526 5521 5400 2310 5521 5522
2200 5526 3220 5260 5521 5521 5524 5220 5521 5521 5400 2400 3229 5521 5524 5521 5521 5521
5220 5529 5600 5521 5521 5250 5600 5521 5521 5600 5521 3220 5521 5521 5526 5521 5521 5400
2100 5521 5521 5521 5521 5522 5521 5524 5529 5220 5529 5521 5522 5539 5560 5220 5100 5300
