2331 2331 2334 2340 2333 5100 2333 2334 2331 2333 2331 2331 2333 2460 2331 2331 2331 2331
2331 2331 2600 2320 2331 2331 1300 2500 2331 2334 2334 2331 2331 2331 2331 2331 2331 2331
2331 2331 2333 2350 2331 2331 2331 3100 2340 2331 2331 2331 2331 2331 2331 2410 2331 2331
2331 2331 2331 2331 2331 2335 2200 2331 2331 2331 5400 2331 2331 2331 2331 2331 2331 2331
2331 2333 2320 2410 4600 2310 2334 2331 2331 2331 2331 2331 2110 2331 2331 2331 2331 5400
2331 2331 2450 2333 2340 3100 2360 2360 2334 2340 2333 2331 2335 2331 2333 2334 4500 2331
2331 2331 2331 2335 2200 3300 2310 2450 2333 2331 2350 2350 2331 2331 2331 2331 2350 2331
2331 2340 2334 2334 2110 2333 2331 2333 2320 2331 2331 3200 2333 2331 2500 2333 2333 4300
2331 2334 2320 2333 2320 2331 2333 2333 2334 2331 2334 2320 2333 2333 2333 2460 2331 2333
2331 2430 2430 2331 1300 2331 2331 2331 1200 2331 2331 2331 2331 2331 2331 2350 2331 2331
2331 2333 2200 3100 2340 2333 2331 2331 2331 2331 2331 2331 2331 2331 2331 2331 2331 2331
2331 2334 2335 2340 2334 3200 5400 2460 2320 2331 2331 2331 2333 2320 2110 2333 2331 2334
2331 2320 2333 2333 2333 2331 2333 2331 2331 1200 2333 2331 2333 2331 2335 2331 2331 3200
2331 2331 3600 2340 2340 3100 3200 2333 2333 2331 2460 2331 2333 2333 2331 2340 3200 5400
2331 2320 2335 2333 1200 2333 2331 2333 2331 2331 2331 2331 2331 2331 1100 2331 2331 2450
2331 2340 2331 2331 2450 2331 2331 2333 2450 2334 2334 2331 2460 2331 2340 2335 2331 2334
2331 2331 2450 1400 2350 2460 2335 2320 2335 2320 2335 2335 2331 2333 2331 2331 3600 4500
2331 2333 2200 2310 2500 2331 2331 2331 2331 2331 2331 2160 2331 2331 2331 2331 2331 2200
2331 2331 2331 2331 2340 2334 2340 2340 2460 2334 2450 2460 2336 2331 2331 2331 2600 2600
2331 2333 2340 3100 2360 2335 2333 2335 2333 2335 2331 2331 2333 2410 2331 2360 2333 2331
2331 2331 2331 2331 1400 2331 2331 4600 2331 2331 2331 4600 2331 2331 2331 2331 2331 2331
2331 2331 2331 2331 2331 2331 2331 2331 2331 2331 2331 2333 2350 2331 2331 2331 2350 2331
2331 2331 2334 2331 2331 2336 2331 2331 2331 2331 2331 2331 3100 2332 2331 6300 2331 2331
2331 2334 2340 2340 2331 2333 2331 2331 2333 2334 2331 2331 2333 2333 2331 2331 2320 2331
2331 2335 3600 2340 2460 3600 2340 2460 2500 2331 2460 3200 2333 2335 4300 2460 2340 3600
2331 2360 2333 2334 2335 2200 2333 2334 2340 2334 2360 5100 2331 2340 2120 2334 2410 2460
2331 2340 2333 2331 2333 2334 2333 2331 2333 2331 2150 2331 2331 2331 2331 2350 2331 2331
2331 2331 2331 2331 2331 2450 2500 2331 2331 2331 2331 2331 2110 2331 2331 2450 2310 2331
2331 2335 4600 2600 2320 2335 2333 2335 2331 2331 2334 4300 2331 2331 2331 2331 2331 2331
2331 2335 2333 2333 2333 2331 2333 2340 2331 2340 2331 2331 2333 2331 2333 2320 2331 2331
2331 2333 2340 2331 2331 2331 2350 2331 2331 2350 2331 2331 2331 2331 2331 2331 3600 2331
2331 2331 2331 2331 2331 2331 2331 2331 2331 2331 2331 2331 2331 2110 2334 2331 2331 2333
2331 2333 2340 2333 2333 2333 2331 2336 2331 2331 2331 2333 2331 2331 2331 2331 2340 3200
2331 2331 2333 2331 2331 2331 2110 2331 3600 2331 2331 2331 2331 2331 2331 2331 2331 2160
2331 2333 2333 2500 4300 2331 2331 2331 5200 2336 2331 2334 2331 2331 2331 2331 2350 2331
2331 2331 2331 2320 2110 2331 2331 2333 2333 2331 2110 2331 2331 2331 2331 2460 2331 2331
2331 2331 2333 2320 2334 2333 2331 2333 2333 2332 2331 2331 2333 2331 2331 2331 2333 2334
2331 2340 2335 2335 2200 1200 2310 2450 2460 2340 2340 2460 2200 2340 2460 2110 2350 2350
2331 2331 2331 2331 2335 2200 3100 2331 2331 2333 2331 2331 2331 2331 2331 2331 3400 4300
2331 2331 3600 2340 2460 2331 2331 2320 2331 2320 2333 2331 3400 2331 2331 2331 2331 2334
2331 2331 3100 2331 2331 2331 2331 2331 2331 2331 4100 2331 2331 2331 2350 2320 2310 2331
2331 2331 2335 2331 3200 2600 2333 3600 3100 3600 2334 2331 2331 2331 2334 2331 2331 2340
2331 2340 2460 2333 2331 2500 4600 3200 2310 3100 2331 2331 2331 2331 2331 2331 2331 2336
2331 2331 2331 2331 2335 2331 2331 2331 2500 2331 2331 2331 2500 2331 2331 2331 2331 2331
2331 2334 2334 2331 2331 2333 2333 2331 2333 2333 2331 2331 2331 2331 2333 2331 2331 2333
2331 2320 2320 2331 2331 2430 2331 2331 2333 2335 2331 2331 2331 2350 2320 2335 2336 2331
2331 2335 2333 2335 2331 2333 5400 2333 2331 2333 2333 2333 2340 2331 2335 2110 3600 2320
2331 2333 2333 2333 2333 2340 2334 2331 2331 2331 2333 2350 2333 2340 3200 2333 2331 2331
2331 2333 2335 2320 2333 2200 2332 2331 2331 1200 2200 2331 2334 2331 2331 2450 2500 2331
2331 2331 2334 2331 2333 2331 2333 2333 4600 2331 2331 2440 2331 2331 2331 2334 2331 2331
2331 2320 2333 2200 2340 2332 2332 2331 2310 2331 2334 2331 2331 2331 2331 2331 2331 2331
2331 2340 2460 2333 2460 2331 2333 2333 2331 2331 2331 2333 2331 2350 2334 2331 2331 2340
2331 2331 2334 2331 2331 2333 2331 2331 2331 2331 2331 4500 2331 2333 2333 2331 2333 2333
2331 2331 2334 2335 2331 2331 2334 2331 2331 2320 3200 2340 2200 2340 2331 2331 1300 2331
2331 2331 2331 2331 2340 2331 2333 2331 2320 2331 2333 2333 2331 2410 2331 2335 2333 2333
2331 2331 2333 2333 2331 2160 2331 2360 4500 2331 2460 2430 2320 2335 2340 2333 2334 2340
2331 2331 2331 2333 2333 2331 2331 2334 4500 2331 2331 2331 2331 2335 3100 3600 2340 2460
2331 2320 2333 2200 2600 2331 2331 2331 2331 2320 2150 2331 2331 2335 2310 2331 2331 2331
2331 2320 2310 2340 2331 2331 2333 2334 2333 2360 2333 2333 2331 2331 2331 2331 2333 2331
2331 2334 2335 2334 5100 2331 2331 2331 4300 2331 2331 2331 2331 2331 2331 2331 2331 2331
2331 2332 3200 6200 3400 2331 4600 2331 3600 2340 2340 2150 2331 2333 2335 2334 2331 2360
2331 2331 2440 2340 2333 3600 2340 2333 5400 2320 2331 2336 2335 2334 2333 2331 2320 2331
2331 2331 2331 2331 2331 2331 2331 2331 2331 2331 2331 2331 2331 2331 2331 3600 2331 2331
2331 2331 2331 3600 2331 2320 2331 2331 2334 2331 2331 2331 2331 2331 2331 2331 3600 2331
2331 2331 2331 2331 2331 2320 2331 2331 2331 2331 2331 2331 2331 2331 2331 2331 2331 2331
2331 2331 2333 2320 2334 2333 2332 2331 2331 2331 2320 2333 2320 2410 5400 2334 2320 2331
2331 2331 2331 2331 2331 3100 2331 2331 2450 2460 2331 2310 2350 2331 2331 2331 2331 2331
2331 2331 2334 2331 2333 2331 2331 2331 2331 2600 2331 2331 2331 2331 2331 2331 2331 2331
2331 2331 3100 3100 2500 2331 2331 2331 2331 2331 2331 2331 2160 2331 2331 2331 2331 2331
2331 2331 2331 2331 2331 2331 2331 2331 2110 3600 2331 2331 2331 2331 2331 2331 2331 2331
2331 2331 2334 2331 3600 2200 2331 2331 2331 2331 2331 2331 2310 2331 2331 2331 2331 2331
2331 2331 2460 2410 3200 2333 2333 2331 2331 2333 2331 2333 2331 2331 2334 2331 2340 2331
2331 2331 6400 2600 3400 3300 3300 2331 2331 2331 2331 2110 2331 2331 2331 2331 2331 2331
2331 2333 2340 2320 2331 2334 2340 2333 2334 2500 2331 2331 2440 2340 2335 2331 2333 2331
2331 2331 2331 2331 2331 2331 2331 2331 2331 2331 2440 2331 2331 2350 2334 2331 2331 2331
2331 2331 2334 6300 3400 2334 2331 2334 2350 2331 2331 2331 2331 2331 2331 2331 2331 1400
2331 2331 2331 2331 2333 2331 2200 2331 2331 2331 2331 2331 2334 2331 2331 2331 2331 2331
2331 2331 2331 2331 2335 2335 2331 2340 2331 2331 2331 2331 2440 2331 2331 2331 6300 2331
2331 2331 2334 2331 2331 2331 2331 2350 2331 2331 2331 2331 2331 2331 2331 3400 2335 2120
2310 2335 2331 2335 2320 2160 2331 2334 2320 2340 2334 3200 5400 2333 2331 2320 2331 2335
2331 2331 2331 2450 2460 2335 2340 2332 2335 2335 2335 2334 2340 3500 2335 2360 2333 2335
2331 2333 2335 2334 2340 2333 2333 2333 2333 2331 2350 2331 2340 2340 2331 2331 3200 2333
2331 2335 2331 2331 3600 2333 2331 2334 2331 2320 2331 2331 2333 2460 2331 2331 2320 2334
2331 2331 2331 2331 2331 2600 2336 2331 2331 2331 2331 2331 3300 2336 2331 2331 2331 2331
2331 2335 2331 2333 2333 2334 2331 2340 2331 2360 2333 2331 3500 2450 2500 2331 2331 2331
2331 2331 2310 2333 2200 2332 2310 2331 6100 2335 2336 2331 2331 2331 2331 2331 2331 3200
2331 2340 2334 2334 2331 2333 2331 2350 2331 2331 2333 2331 2334 3600 2331 2334 2334 2331
2331 2331 2331 2331 2310 1400 2331 2331 2331 2331 2331 2331 2331 2331 2336 2331 2331 2331
2331 2333 2420 2335 2331 1400 2200 6200 2450 2340 2150 2350 2331 2331 2331 2350 2331 2331
2331 2333 2340 2340 2120 2331 2310 2350 2334 2331 2333 2334 2334 2331 2340 2331 2331 2331
2331 2331 2333 2320 2334 2333 2331 2333 2331 2331 2333 2460 2331 2360 4500 2331 2333 2334
2331 2333 2200 2310 2350 2331 2331 2331 2331 2335 2336 2331 2331 2331 3300 2331 2331 2331
2331 2331 2440 2340 2460 2500 2333 2334 2331 2360 4500 2331 2460 2320 2334 2333 2331 3200
2331 2320 2335 2333 2460 2320 2331 2360 2331 2333 2331 2340 2500 5400 2460 2331 2310 2320
2331 2333 2320 2334 2333 2333 2335 2320 2320 2331 2334 2340 2331 1300 2334 2320 4300 4600
2331 2320 2335 2340 2200 1200 2331 2333 2320 2331 2331 2320 2360 4500 2335 2335 2331 2333
2331 2333 2140 2320 2130 2331 2331 2331 2331 2331 2331 2331 3300 2331 2331 2350 2350 2331
2331 2450 2340 2420 2150 2160 3300 3600 2333 4500 2350 2334 2500 2331 2333 2331 2334 2334
2331 2334 2410 2460 3200 2333 2331 2450 2500 2331 2331 2331 2331 2331 2331 2160 2331 2331
2331 2331 2331 2500 4600 1400 2331 2331 2331 2331 2500 2331 2331 2331 2331 2331 2331 2331
2331 2331 2331 2331 2331 2331 2331 2331 2331 2331 2331 2331 2331 2331 2331 2500 2331 2331
2331 2331 2450 2460 2340 2340 2331 2336 2310 2460 2331 2200 2331 2331 2350 2331 2331 2331
2331 2331 2331 2331 2331 2331 1100 3600 2331 2331 2331 2331 2331 2331 2331 2331 2331 2331
2331 2320 2320 2335 3400 2335 2331 2450 2331 2331 2331 2320 2334 2331 2331 2340 2333 2331
2331 2334 2340 2333 2331 2450 2130 3600 2331 2331 2350 2331 2331 2331 2331 2331 2331 2331
2331 2331 2331 2331 2331 2331 2331 2350 3300 2331 2331 2110 2331 2331 2331 2331 2331 2331
2331 2331 2331 2334 2340 2332 2340 1200 2200 2340 2331 2333 2331 2331 2331 2460 2331 2333
2331 2331 2310 2340 2350 2331 2331 2333 2331 2331 2340 2450 3200 2331 2350 2331 2331 2450
2331 2331 2450 2460 1200 3200 2331 2450 2450 2460 2331 2331 2331 2331 2160 2331 2331 2331
2331 2320 2333 2200 3100 2331 2333 2333 2331 2333 2331 2334 2334 2331 2334 2331 2334 2331
2331 2331 2331 2331 2334 2331 2331 2340 2333 2331 2331 2120 2160 2333 1300 1200 2310 3100
2331 2331 2331 2331 2333 2331 2334 2333 2331 2331 2333 2331 2331 2331 2331 2334 2310 2331
2331 2335 2335 2333 2333 1200 2331 3600 2334 2331 1200 2332 2331 2334 2331 2331 2331 2336
2331 2460 4300 2334 2335 2500 2460 2331 2335 2320 2331 2335 2340 2335 2331 2335 2200 3200
2331 2334 2335 2333 2333 2335 2335 2333 2333 2335 2320 2310 2340 2331 2331 2331 3200 2333
2331 2331 2331 2331 2331 2331 2500 2331 2310 2331 2331 2331 2331 2331 2331 2331 2331 2331
2331 2460 3400 3600 2333 2320 2320 2331 2331 2340 2120 2334 3200 2331 2333 2331 2333 2333
2331 2331 2340 2334 1500 2331 2334 2331 2334 2333 2334 2331 2460 2331 2333 2334 2334 2331
2331 2333 2331 1400 2120 2160 2420 2335 2333 2334 2333 2331 2331 2331 2331 4600 2331 2333
2331 1400 2200 2332 2331 2331 2331 2331 2331 2331 2331 2331 2331 2331 2331 2331 2331 2331
2331 2331 2334 2340 2333 2460 2331 2331 1400 2200 2331 2331 2331 2333 2460 2331 2331 2333
2331 2333 2335 2331 2331 2331 2331 2350 2331 2331 2331 2350 2333 1300 2340 2331 6300 2200
2331 2333 2320 2110 2334 2331 2331 2320 2335 2333 2331 2331 2333 2331 2331 2333 2334 4300
2331 2460 2340 2333 2331 2331 4600 2450 2130 2130 2130 2331 2331 2331 4200 2331 2331 2331
2331 2331 2331 2331 2340 2200 2334 2331 2333 2331 2333 2333 2331 2333 2331 2333 2350 2334
2331 2331 2331 2331 2340 2333 2331 2333 2333 2331 2331 2331 2333 2331 2333 2331 2331 2333
2331 2333 2200 2332 2310 2331 2331 2331 2334 2331 2331 2331 2331 2331 2331 3400 3300 2310
2331 2334 2331 2335 2331 2340 2333 2333 2333 2320 2333 2335 2331 2340 2334 3200 2333 2331
2331 2331 2450 2331 2333 2340 3400 2335 2331 2320 2334 2331 2334 2320 2335 2333 2335 2335
2331 2331 2335 2333 2333 2331 2333 2335 2333 2333 1200 3100 2333 2340 2333 2333 2331 2331
2331 2340 2333 2331 2450 2460 2331 2331 2450 2333 2340 2333 2331 2334 2320 2410 4600 2320
2331 2331 2334 2333 2334 2333 2333 2331 2333 2331 4300 2331 2340 2320 3600 2331 1300 1200
2331 2333 2335 2334 2333 2331 2334 2340 2331 2340 2331 2331 2320 2320 2331 2333 2333 2331
2331 2331 3100 3100 2331 2500 2500 2331 2331 2331 2331 2331 4300 2331 2336 2331 2331 2331
2331 2331 2420 2331 2331 2350 3100 2333 2331 2331 2331 2331 2331 2340 2331 2333 2331 2333
2331 2331 2331 2331 2331 2333 2331 2320 2430 2320 2340 2335 2331 2331 2334 2331 2331 2320
2331 2410 2331 2335 2331 2333 2500 2331 2334 2331 2334 2333 2331 2331 2331 5400 2331 2331
2333 2340 2331 2331 2333 2320 2320 2334 2331 2331 2333 2334 2334 2331 2331 2334 2340 2200
2331 2320 2335 2200 1200 2332 2331 2320 2110 2333 2331 2331 2331 2333 2331 2331 3200 2331
2331 2331 2331 2430 2334 2331 2331 2310 2350 2334 2331 2331 2331 2331 2320 2331 2331 2331
2331 2333 2340 2334 3600 2340 2333 2333 2331 2331 2331 2350 2331 2331 2331 2350 2331 2331
2331 2331 2331 2331 5200 2150 2331 2331 2331 2331 2331 2331 2331 2450 2333 2331 2331 2331
2331 2460 2320 2333 2331 2333 4600 3500 2331 2430 2331 2331 2333 2331 2331 4300 2331 2320
2331 2450 2333 2340 3100 2360 2340 2350 2350 4500 2350 2334 2331 2334 2331 2331 2331 2333
2331 2320 2335 2360 2110 3400 2331 2331 2331 4500 2331 2333 2334 2340 4300 2331 2334 2331
