$TYPE inputvec
$XDIM 144
$YDIM 1
$VECDIM 18

0.13 0.13 0.13 0.13 0.13 0.13 0.13 0.13 0.13 0.13 0.13 0.6 0.13 0.13 0.13 0.13 0.13 0.13 0
0.13 0.13 0.13 0.13 0.13 0.13 0.13 0.13 0.13 0.13 0.13 0.13 0.13 0.13 0.13 0.13 0.13 0.13 1
0.13 0.13 0.13 0.13 0.13 0.13 0.13 0.13 0.13 0.13 0.13 0.13 0.13 0.13 0.13 0.13 0.4 0.13 2
0.13 0.13 0.13 0.13 0.13 0.13 0.13 0.13 0.13 0.13 0.13 0.13 0.13 0.13 0.13 0.13 0.13 0.13 3
0.13 0.13 0.13 0.12 0.13 0.5 0.13 0.13 0.13 0.13 0.13 0.2 0.13 0.13 0.13 0.13 0.13 0.2 4
0.13 0.13 0.13 0.13 0.13 0.13 0.13 0.13 0.13 0.13 0.15 0.2 0.13 0.13 0.13 0.13 0.13 0.16 5
0.13 0.13 0.13 0.13 0.15 0.13 0.13 0.13 0.15 0.13 0.13 0.2 0.13 0.13 0.16 0.13 0.13 0.11 6
0.13 0.13 0.13 0.13 0.13 0.13 0.13 0.13 0.13 0.13 0.13 0.13 0.13 0.13 0.13 0.13 0.13 0.13 7
0.13 0.13 0.13 0.15 0.13 0.13 0.13 0.5 0.13 0.13 0.13 0.2 0.13 0.13 0.13 0.13 0.11 0.13 8
0.13 0.13 0.13 0.13 0.13 0.14 0.13 0.13 0.13 0.13 0.13 0.16 0.13 0.13 0.13 0.13 0.13 0.6 9
0.13 0.13 0.13 0.13 0.13 0.13 0.13 0.13 0.13 0.13 0.13 0.13 0.13 0.13 0.13 0.13 0.13 0.13 10
0.13 0.13 0.13 0.13 0.13 0.13 0.13 0.13 0.13 0.13 0.13 0.2 0.13 0.13 0.13 0.13 0.13 0.6 11
0.13 0.13 0.13 0.13 0.13 0.5 0.13 0.15 0.13 0.13 0.13 0.15 0.13 0.13 0.13 0.13 0.13 0.13 12
0.13 0.13 0.13 0.13 0.13 0.5 0.13 0.13 0.13 0.13 0.13 0.15 0.13 0.13 0.13 0.13 0.13 0.13 13
0.13 0.13 0.13 0.13 0.13 0.13 0.13 0.13 0.13 0.13 0.13 0.13 0.13 0.13 0.13 0.13 0.13 0.13 14
0.13 0.13 0.13 0.13 0.13 0.2 0.2 0.16 0.13 0.13 0.13 0.13 0.2 0.13 0.13 0.13 0.13 0.13 15
0.13 0.13 0.13 0.13 0.13 0.13 0.13 0.13 0.13 0.13 0.13 0.2 0.13 0.13 0.13 0.13 0.13 0.12 16
0.13 0.13 0.13 0.13 0.13 0.13 0.13 0.13 0.13 0.12 0.13 0.4 0.13 0.13 0.13 0.13 0.13 0.13 17
0.13 0.13 0.16 0.13 0.13 0.13 0.13 0.13 0.2 0.12 0.2 0.12 0.13 0.13 0.16 0.13 0.13 0.13 18
0.13 0.13 0.13 0.13 0.13 0.13 0.13 0.13 0.13 0.13 0.13 0.13 0.13 0.13 0.13 0.13 0.13 0.13 19
0.13 0.13 0.13 0.13 0.13 0.13 0.13 0.13 0.13 0.13 0.13 0.13 0.13 0.13 0.13 0.13 0.13 0.13 20
0.13 0.12 0.13 0.13 0.13 0.4 0.13 0.13 0.13 0.13 0.13 0.4 0.13 0.13 0.13 0.13 0.13 0.4 21
0.13 0.13 0.13 0.14 0.13 0.12 0.13 0.13 0.13 0.13 0.12 0.4 0.13 0.12 0.13 0.13 0.12 0.11 22
0.13 0.13 0.13 0.13 0.11 0.13 0.13 0.13 0.13 0.13 0.12 0.13 0.13 0.13 0.13 0.13 0.13 0.13 23
0.13 0.13 0.16 0.13 0.13 0.13 0.13 0.13 0.13 0.13 0.12 0.6 0.4 0.13 0.12 0.13 0.13 0.2 24
0.13 0.13 0.12 0.13 0.13 0.13 0.13 0.13 0.13 0.13 0.12 0.13 0.13 0.13 0.13 0.13 0.4 0.2 25
0.13 0.13 0.13 0.4 0.4 0.13 0.13 0.13 0.4 0.13 0.13 0.3 0.13 0.13 0.13 0.13 0.13 0.13 26
0.13 0.13 0.13 0.13 0.13 0.16 0.13 0.13 0.13 0.13 0.13 0.4 0.13 0.13 0.13 0.13 0.13 0.2 27
0.13 0.13 0.13 0.13 0.13 0.11 0.13 0.11 0.14 0.13 0.13 0.13 0.13 0.13 0.13 0.13 0.13 0.11 28
0.13 0.13 0.13 0.13 0.13 0.5 0.13 0.13 0.13 0.13 0.13 0.13 0.13 0.13 0.4 0.13 0.13 0.13 29
0.13 0.13 0.13 0.13 0.12 0.13 0.13 0.13 0.13 0.13 0.12 0.13 0.13 0.13 0.13 0.13 0.13 0.12 30
0.13 0.13 0.13 0.13 0.13 0.11 0.13 0.13 0.13 0.13 0.13 0.13 0.13 0.13 0.13 0.13 0.13 0.13 31
0.13 0.13 0.12 0.13 0.13 0.13 0.13 0.13 0.13 0.13 0.15 0.13 0.13 0.13 0.13 0.11 0.13 0.12 32
0.13 0.13 0.13 0.13 0.13 0.5 0.13 0.13 0.16 0.13 0.13 0.2 0.12 0.13 0.13 0.13 0.13 0.2 33
0.13 0.13 0.13 0.13 0.13 0.15 0.13 0.13 0.13 0.13 0.13 0.16 0.13 0.13 0.13 0.13 0.13 0.13 34
0.13 0.13 0.13 0.13 0.13 0.5 0.13 0.13 0.13 0.13 0.13 0.13 0.11 0.13 0.12 0.13 0.13 0.6 35
0.13 0.13 0.13 0.13 0.13 0.13 0.13 0.13 0.13 0.13 0.13 0.5 0.13 0.13 0.13 0.13 0.13 0.6 36
0.13 0.13 0.5 0.15 0.13 0.13 0.15 0.13 0.13 0.13 0.13 0.2 0.13 0.13 0.13 0.13 0.13 0.13 37
0.13 0.13 0.13 0.13 0.13 0.12 0.15 0.13 0.13 0.13 0.13 0.13 0.13 0.13 0.13 0.13 0.16 0.13 38
0.13 0.13 0.12 0.13 0.13 0.5 0.13 0.13 0.13 0.13 0.13 0.16 0.13 0.13 0.13 0.13 0.13 0.13 39
0.13 0.12 0.13 0.13 0.13 0.4 0.13 0.13 0.13 0.13 0.13 0.12 0.13 0.13 0.16 0.13 0.13 0.6 40
0.13 0.13 0.13 0.13 0.13 0.13 0.13 0.13 0.13 0.13 0.13 0.13 0.13 0.13 0.12 0.13 0.13 0.13 41
0.13 0.13 0.13 0.13 0.13 0.15 0.13 0.13 0.13 0.13 0.13 0.2 0.13 0.13 0.13 0.13 0.13 0.13 42
0.13 0.13 0.13 0.12 0.13 0.13 0.13 0.13 0.13 0.13 0.5 0.2 0.13 0.4 0.13 0.4 0.13 0.4 43
0.13 0.13 0.13 0.13 0.13 0.13 0.13 0.13 0.13 0.11 0.13 0.2 0.13 0.13 0.13 0.13 0.13 0.13 44
0.13 0.13 0.13 0.13 0.13 0.4 0.12 0.13 0.13 0.13 0.13 0.13 0.13 0.13 0.13 0.13 0.13 0.13 45
0.13 0.13 0.13 0.13 0.3 0.15 0.13 0.13 0.13 0.13 0.13 0.13 0.13 0.13 0.13 0.13 0.13 0.13 46
0.13 0.12 0.13 0.13 0.13 0.12 0.14 0.16 0.16 0.13 0.13 0.6 0.16 0.13 0.13 0.13 0.14 0.13 47
0.13 0.13 0.13 0.13 0.5 0.5 0.13 0.13 0.13 0.13 0.13 0.16 0.13 0.13 0.13 0.13 0.13 0.13 48
0.13 0.13 0.14 0.13 0.4 0.4 0.13 0.12 0.13 0.13 0.13 0.2 0.13 0.13 0.13 0.13 0.13 0.5 49
0.13 0.13 0.13 0.14 0.13 0.15 0.13 0.13 0.13 0.13 0.13 0.13 0.13 0.13 0.13 0.13 0.13 0.13 50
0.13 0.13 0.12 0.11 0.13 0.12 0.13 0.13 0.13 0.13 0.13 0.15 0.13 0.13 0.13 0.13 0.13 0.6 51
0.13 0.13 0.13 0.13 0.13 0.5 0.13 0.13 0.13 0.12 0.13 0.13 0.13 0.13 0.13 0.13 0.13 0.13 52
0.13 0.13 0.13 0.13 0.13 0.4 0.13 0.13 0.13 0.13 0.15 0.2 0.13 0.13 0.12 0.13 0.13 0.16 53
0.13 0.13 0.13 0.13 0.16 0.5 0.13 0.13 0.15 0.13 0.2 0.13 0.13 0.13 0.13 0.13 0.13 0.2 54
0.13 0.13 0.13 0.13 0.13 0.13 0.13 0.13 0.2 0.13 0.13 0.2 0.13 0.13 0.13 0.13 0.13 0.2 55
0.13 0.13 0.13 0.13 0.13 0.5 0.13 0.16 0.13 0.13 0.6 0.2 0.13 0.13 0.13 0.13 0.2 0.13 56
0.13 0.13 0.13 0.13 0.13 0.13 0.13 0.13 0.13 0.13 0.13 0.13 0.13 0.13 0.2 0.13 0.13 0.2 57
0.13 0.13 0.11 0.13 0.11 0.13 0.13 0.13 0.13 0.13 0.13 0.13 0.13 0.13 0.13 0.13 0.13 0.14 58
0.13 0.13 0.3 0.14 0.11 0.15 0.13 0.13 0.13 0.13 0.3 0.11 0.13 0.13 0.12 0.4 0.13 0.3 59
0.13 0.13 0.13 0.13 0.13 0.11 0.13 0.13 0.13 0.13 0.15 0.12 0.13 0.13 0.13 0.13 0.13 0.13 60
0.13 0.13 0.13 0.13 0.13 0.13 0.13 0.13 0.13 0.13 0.13 0.6 0.13 0.13 0.13 0.13 0.13 0.16 61
0.13 0.13 0.13 0.13 0.13 0.5 0.13 0.13 0.13 0.13 0.13 0.5 0.13 0.13 0.13 0.13 0.13 0.5 62
0.13 0.13 0.13 0.13 0.15 0.5 0.4 0.3 0.15 0.13 0.6 0.13 0.13 0.13 0.16 0.13 0.12 0.13 63
0.13 0.13 0.15 0.13 0.15 0.11 0.13 0.13 0.13 0.13 0.6 0.2 0.13 0.13 0.13 0.13 0.13 0.13 64
0.13 0.13 0.4 0.13 0.13 0.13 0.13 0.13 0.13 0.13 0.13 0.16 0.13 0.13 0.13 0.13 0.13 0.16 65
0.13 0.13 0.13 0.12 0.12 0.13 0.13 0.13 0.16 0.13 0.13 0.13 0.13 0.13 0.13 0.13 0.13 0.13 66
0.13 0.13 0.13 0.13 0.13 0.15 0.13 0.13 0.13 0.13 0.13 0.6 0.13 0.13 0.13 0.13 0.13 0.2 67
0.13 0.13 0.13 0.13 0.13 0.13 0.13 0.13 0.13 0.4 0.13 0.13 0.13 0.13 0.13 0.13 0.13 0.13 68
0.13 0.13 0.13 0.13 0.13 0.13 0.13 0.13 0.13 0.13 0.13 0.13 0.13 0.13 0.13 0.13 0.13 0.13 69
0.13 0.13 0.13 0.13 0.13 0.13 0.13 0.13 0.13 0.13 0.13 0.2 0.13 0.13 0.13 0.13 0.13 0.2 70
0.13 0.13 0.13 0.13 0.13 0.13 0.13 0.13 0.13 0.13 0.13 0.13 0.16 0.2 0.2 0.13 0.13 0.13 71
0.13 0.13 0.13 0.5 0.15 0.13 0.13 0.13 0.13 0.13 0.13 0.4 0.13 0.13 0.13 0.13 0.13 0.16 72
0.13 0.13 0.13 0.15 0.13 0.15 0.13 0.13 0.13 0.3 0.13 0.2 0.13 0.16 0.13 0.13 0.13 0.6 73
0.13 0.13 0.13 0.13 0.13 0.12 0.13 0.12 0.13 0.12 0.13 0.6 0.13 0.13 0.13 0.13 0.13 0.2 74
0.13 0.13 0.13 0.13 0.13 0.16 0.13 0.13 0.13 0.13 0.6 0.13 0.13 0.13 0.13 0.13 0.13 0.6 75
0.13 0.13 0.13 0.13 0.13 0.13 0.13 0.13 0.13 0.13 0.13 0.13 0.13 0.13 0.13 0.13 0.13 0.13 76
0.13 0.13 0.11 0.13 0.13 0.5 0.13 0.11 0.13 0.13 0.14 0.13 0.13 0.12 0.13 0.13 0.12 0.12 77
0.13 0.13 0.13 0.13 0.13 0.12 0.13 0.13 0.13 0.13 0.13 0.13 0.13 0.13 0.13 0.13 0.13 0.13 78
0.13 0.13 0.13 0.12 0.11 0.15 0.13 0.13 0.13 0.13 0.13 0.13 0.13 0.13 0.13 0.13 0.13 0.13 79
0.13 0.13 0.13 0.13 0.13 0.13 0.13 0.13 0.13 0.13 0.13 0.13 0.13 0.13 0.13 0.13 0.13 0.13 80
0.13 0.13 0.13 0.13 0.11 0.11 0.13 0.13 0.13 0.13 0.13 0.12 0.13 0.13 0.13 0.13 0.13 0.15 81
0.13 0.13 0.13 0.13 0.13 0.13 0.13 0.13 0.13 0.13 0.13 0.6 0.13 0.13 0.13 0.13 0.13 0.16 82
0.13 0.13 0.12 0.13 0.13 0.13 0.13 0.13 0.13 0.13 0.13 0.16 0.13 0.13 0.13 0.13 0.2 0.2 83
0.13 0.13 0.13 0.13 0.13 0.13 0.13 0.13 0.13 0.13 0.13 0.2 0.13 0.13 0.13 0.13 0.13 0.16 84
0.13 0.13 0.13 0.13 0.11 0.4 0.13 0.13 0.13 0.13 0.13 0.13 0.13 0.13 0.13 0.13 0.13 0.4 85
0.13 0.13 0.13 0.13 0.13 0.13 0.13 0.13 0.13 0.13 0.13 0.13 0.13 0.13 0.13 0.13 0.13 0.13 86
0.13 0.13 0.14 0.13 0.13 0.5 0.13 0.12 0.13 0.13 0.13 0.13 0.13 0.13 0.13 0.13 0.13 0.16 87
0.13 0.13 0.12 0.4 0.13 0.5 0.13 0.13 0.13 0.13 0.13 0.11 0.13 0.13 0.13 0.13 0.13 0.2 88
0.13 0.13 0.13 0.13 0.13 0.13 0.13 0.13 0.13 0.12 0.13 0.13 0.13 0.13 0.13 0.13 0.13 0.13 89
0.13 0.13 0.13 0.13 0.5 0.11 0.13 0.2 0.2 0.13 0.13 0.16 0.13 0.13 0.13 0.13 0.13 0.2 90
0.13 0.13 0.13 0.13 0.13 0.13 0.13 0.13 0.13 0.13 0.13 0.13 0.13 0.13 0.13 0.13 0.13 0.13 91
0.13 0.13 0.13 0.13 0.13 0.15 0.13 0.13 0.13 0.13 0.13 0.15 0.13 0.13 0.13 0.13 0.13 0.13 92
0.13 0.13 0.13 0.13 0.13 0.13 0.13 0.13 0.13 0.13 0.13 0.13 0.13 0.13 0.13 0.13 0.13 0.11 93
0.13 0.13 0.13 0.13 0.15 0.15 0.13 0.13 0.13 0.13 0.12 0.2 0.13 0.13 0.13 0.13 0.11 0.13 94
0.13 0.13 0.13 0.13 0.13 0.15 0.4 0.13 0.13 0.13 0.13 0.16 0.13 0.13 0.13 0.13 0.13 0.12 95
0.13 0.13 0.12 0.13 0.13 0.4 0.13 0.13 0.12 0.13 0.13 0.13 0.13 0.13 0.13 0.13 0.13 0.13 96
0.13 0.13 0.13 0.13 0.13 0.11 0.13 0.11 0.4 0.13 0.13 0.6 0.13 0.13 0.13 0.13 0.14 0.13 97
0.13 0.13 0.15 0.13 0.13 0.15 0.13 0.13 0.13 0.13 0.13 0.13 0.13 0.13 0.13 0.13 0.13 0.13 98
0.13 0.13 0.13 0.13 0.15 0.5 0.13 0.13 0.13 0.13 0.13 0.6 0.13 0.12 0.13 0.13 0.13 0.16 99
0.13 0.13 0.13 0.13 0.13 0.13 0.13 0.13 0.13 0.13 0.13 0.13 0.13 0.13 0.13 0.13 0.13 0.2 100
0.13 0.13 0.13 0.11 0.13 0.13 0.13 0.13 0.13 0.13 0.13 0.13 0.13 0.13 0.13 0.13 0.13 0.13 101
0.13 0.13 0.13 0.13 0.13 0.13 0.13 0.13 0.13 0.13 0.12 0.13 0.13 0.13 0.13 0.13 0.13 0.13 102
0.13 0.13 0.13 0.13 0.13 0.13 0.13 0.13 0.13 0.13 0.13 0.13 0.13 0.13 0.13 0.13 0.13 0.13 103
0.13 0.13 0.13 0.13 0.13 0.13 0.13 0.13 0.13 0.13 0.13 0.13 0.13 0.13 0.13 0.13 0.13 0.13 104
0.13 0.13 0.13 0.13 0.11 0.13 0.13 0.13 0.13 0.13 0.5 0.13 0.13 0.13 0.12 0.13 0.13 0.13 105
0.13 0.13 0.13 0.13 0.13 0.13 0.13 0.13 0.13 0.13 0.13 0.13 0.13 0.13 0.13 0.13 0.13 0.13 106
0.13 0.13 0.13 0.13 0.13 0.13 0.13 0.13 0.13 0.13 0.13 0.3 0.13 0.13 0.13 0.13 0.13 0.2 107
0.13 0.5 0.12 0.6 0.13 0.5 0.13 0.16 0.13 0.13 0.12 0.5 0.4 0.13 0.13 0.13 0.13 0.2 108
0.13 0.13 0.13 0.13 0.12 0.13 0.13 0.13 0.13 0.13 0.12 0.5 0.13 0.13 0.13 0.13 0.12 0.13 109
0.13 0.13 0.13 0.15 0.13 0.13 0.13 0.5 0.13 0.13 0.13 0.16 0.13 0.13 0.13 0.13 0.13 0.13 110
0.13 0.13 0.13 0.13 0.15 0.12 0.13 0.13 0.13 0.13 0.13 0.5 0.13 0.13 0.13 0.13 0.13 0.13 111
0.13 0.13 0.13 0.13 0.13 0.13 0.13 0.13 0.13 0.13 0.13 0.13 0.13 0.11 0.13 0.4 0.13 0.13 112
0.13 0.13 0.13 0.13 0.13 0.11 0.13 0.13 0.13 0.14 0.13 0.5 0.13 0.13 0.13 0.13 0.13 0.12 113
0.13 0.13 0.12 0.13 0.13 0.5 0.13 0.13 0.13 0.13 0.13 0.6 0.13 0.13 0.13 0.13 0.13 0.13 114
0.13 0.13 0.13 0.13 0.13 0.13 0.13 0.13 0.13 0.13 0.13 0.13 0.13 0.13 0.13 0.13 0.13 0.13 115
0.13 0.13 0.13 0.13 0.13 0.13 0.13 0.13 0.2 0.13 0.13 0.13 0.13 0.13 0.13 0.13 0.13 0.13 116
0.13 0.13 0.12 0.12 0.13 0.5 0.13 0.13 0.13 0.13 0.4 0.4 0.13 0.13 0.13 0.13 0.13 0.11 117
0.13 0.13 0.12 0.13 0.5 0.12 0.13 0.13 0.13 0.13 0.13 0.2 0.13 0.13 0.13 0.13 0.13 0.16 118
0.13 0.13 0.13 0.13 0.12 0.12 0.13 0.13 0.13 0.13 0.13 0.5 0.13 0.13 0.13 0.13 0.13 0.16 119
0.13 0.13 0.13 0.13 0.13 0.13 0.13 0.13 0.13 0.13 0.13 0.14 0.13 0.13 0.13 0.13 0.13 0.13 120
0.13 0.13 0.13 0.13 0.13 0.13 0.13 0.13 0.13 0.13 0.13 0.13 0.13 0.13 0.13 0.13 0.13 0.13 121
0.13 0.13 0.13 0.13 0.14 0.13 0.13 0.13 0.13 0.13 0.13 0.16 0.13 0.13 0.13 0.13 0.13 0.13 122
0.13 0.13 0.13 0.13 0.13 0.13 0.13 0.13 0.13 0.13 0.13 0.15 0.13 0.13 0.13 0.13 0.13 0.13 123
0.13 0.13 0.13 0.13 0.13 0.16 0.13 0.13 0.13 0.13 0.13 0.16 0.13 0.13 0.13 0.13 0.13 0.13 124
0.13 0.12 0.14 0.13 0.4 0.13 0.13 0.13 0.13 0.13 0.13 0.16 0.13 0.13 0.13 0.12 0.13 0.13 125
0.13 0.13 0.13 0.12 0.13 0.13 0.13 0.13 0.13 0.13 0.15 0.3 0.12 0.13 0.13 0.13 0.13 0.5 126
0.13 0.13 0.13 0.13 0.13 0.15 0.13 0.13 0.12 0.13 0.13 0.13 0.13 0.13 0.13 0.13 0.13 0.5 127
0.13 0.13 0.16 0.13 0.13 0.11 0.13 0.13 0.13 0.13 0.2 0.11 0.13 0.2 0.16 0.13 0.13 0.13 128
0.13 0.13 0.13 0.11 0.13 0.13 0.13 0.13 0.13 0.13 0.5 0.13 0.12 0.13 0.13 0.13 0.13 0.6 129
0.13 0.13 0.13 0.2 0.13 0.13 0.13 0.13 0.12 0.13 0.13 0.6 0.13 0.13 0.13 0.13 0.13 0.13 130
0.13 0.13 0.13 0.13 0.13 0.13 0.13 0.13 0.13 0.13 0.13 0.13 0.13 0.13 0.13 0.13 0.13 0.13 131
0.13 0.13 0.13 0.13 0.13 0.13 0.13 0.13 0.16 0.13 0.13 0.14 0.13 0.13 0.13 0.13 0.13 0.11 132
0.13 0.13 0.13 0.13 0.13 0.13 0.13 0.13 0.13 0.13 0.13 0.13 0.13 0.13 0.13 0.13 0.13 0.13 133
0.13 0.13 0.13 0.13 0.12 0.11 0.13 0.12 0.13 0.13 0.13 0.13 0.13 0.13 0.13 0.13 0.13 0.12 134
0.13 0.13 0.13 0.13 0.13 0.13 0.13 0.13 0.13 0.13 0.13 0.13 0.13 0.13 0.13 0.13 0.13 0.13 135
0.13 0.13 0.12 0.13 0.11 0.13 0.13 0.13 0.13 0.13 0.13 0.13 0.13 0.13 0.13 0.12 0.4 0.13 136
0.13 0.13 0.13 0.13 0.13 0.15 0.13 0.13 0.13 0.13 0.15 0.2 0.13 0.13 0.2 0.13 0.4 0.2 137
0.13 0.13 0.13 0.13 0.13 0.2 0.13 0.13 0.13 0.13 0.13 0.6 0.13 0.13 0.13 0.13 0.11 0.2 138
0.13 0.13 0.13 0.13 0.13 0.13 0.13 0.13 0.13 0.13 0.13 0.15 0.13 0.13 0.13 0.13 0.13 0.13 139
0.13 0.13 0.13 0.13 0.13 0.2 0.13 0.12 0.13 0.13 0.13 0.16 0.13 0.13 0.13 0.13 0.13 0.13 140
0.13 0.13 0.13 0.12 0.13 0.13 0.13 0.13 0.13 0.13 0.14 0.11 0.13 0.13 0.13 0.13 0.13 0.4 141
0.13 0.13 0.13 0.13 0.13 0.13 0.13 0.13 0.15 0.12 0.12 0.13 0.13 0.13 0.13 0.13 0.13 0.4 142
0.13 0.13 0.13 0.13 0.13 0.13 0.13 0.13 0.13 0.13 0.13 0.13 0.13 0.13 0.13 0.13 0.13 0.13 143
