$TYPE inputvec
$XDIM 137
$YDIM 1
$VECDIM 18

0.6461 0.6461 0.6461 0.6461 0.6461 0.6461 0.6461 0.6461 0.6461 0.6461 0.6461 0.51 0.6461 0.6461 0.6461 0.6461 0.6461 0.6461 0
0.6461 0.6461 0.6461 0.6461 0.6461 0.6461 0.6461 0.6461 0.6461 0.6461 0.6461 0.642 0.6464 0.6461 0.6461 0.6461 0.6461 0.645 1
0.6461 0.6461 0.6461 0.645 0.645 0.6461 0.6461 0.6461 0.6465 0.6461 0.6465 0.6461 0.6463 0.6463 0.6461 0.6463 0.33 0.6461 2
0.6461 0.642 0.6464 0.6461 0.6461 0.6461 0.6464 0.6461 0.6461 0.642 0.6461 0.6461 0.6463 0.642 0.6464 0.6461 0.6461 0.6461 3
0.6461 0.6461 0.6461 0.61 0.6463 0.45 0.6463 0.6461 0.6461 0.6461 0.6461 0.66 0.6461 0.6461 0.6461 0.6461 0.6461 0.51 4
0.6461 0.6461 0.6461 0.6461 0.6461 0.6461 0.6461 0.6461 0.6461 0.642 0.631 0.51 0.6461 0.6461 0.6461 0.6461 0.642 0.652 5
0.6461 0.6461 0.6465 0.6463 0.632 0.6461 0.6461 0.6464 0.632 0.642 0.6465 0.66 0.6461 0.6463 0.6559999999999999 0.6461 0.6461 0.364 6
0.6461 0.6461 0.6461 0.6461 0.6461 0.6461 0.6461 0.6461 0.6461 0.6461 0.6461 0.6466 0.6461 0.6461 0.6461 0.6461 0.6461 0.6461 7
0.6461 0.6461 0.644 0.631 0.6466 0.644 0.6461 0.45 0.645 0.6463 0.6463 0.66 0.6462 0.6461 0.6461 0.6464 0.365 0.6409999999999999 8
0.6461 0.6461 0.6461 0.6461 0.6461 0.34 0.6461 0.6462 0.6461 0.6461 0.6461 0.652 0.6461 0.6461 0.6461 0.6461 0.6461 0.55 9
0.6461 0.6461 0.6461 0.6461 0.6461 0.6461 0.6461 0.6465 0.6461 0.645 0.6461 0.6461 0.6461 0.6461 0.6461 0.6463 0.6461 0.6409999999999999 10
0.6461 0.6461 0.6461 0.6461 0.6461 0.644 0.6461 0.6461 0.6461 0.6461 0.6461 0.6509999999999999 0.6461 0.6461 0.6461 0.6461 0.6461 0.54 11
0.6461 0.6461 0.6461 0.6461 0.6461 0.44 0.644 0.631 0.6462 0.6461 0.6461 0.633 0.6461 0.6461 0.6461 0.6461 0.6461 0.6462 12
0.6461 0.6461 0.6461 0.6461 0.6461 0.41 0.6461 0.6461 0.6461 0.6461 0.6461 0.632 0.6461 0.6461 0.6461 0.6461 0.6461 0.6461 13
0.6461 0.6461 0.6461 0.644 0.644 0.6461 0.6461 0.6461 0.6461 0.6461 0.6461 0.6461 0.6461 0.6461 0.6461 0.6461 0.6466 0.6466 14
0.6461 0.6461 0.6461 0.6461 0.6461 0.644 0.6461 0.6461 0.6461 0.6461 0.6463 0.66 0.6461 0.6463 0.6463 0.6461 0.6463 0.624 15
0.6461 0.6461 0.6463 0.6461 0.6465 0.6463 0.6461 0.6461 0.645 0.61 0.6465 0.14 0.6461 0.6463 0.6464 0.6461 0.6463 0.643 16
0.6461 0.645 0.6559999999999999 0.645 0.6461 0.643 0.6461 0.6461 0.66 0.622 0.6509999999999999 0.621 0.6461 0.6461 0.6559999999999999 0.6461 0.6461 0.6461 17
0.6461 0.61 0.6461 0.6464 0.6461 0.14 0.6461 0.6463 0.6465 0.6465 0.6464 0.32 0.6461 0.6461 0.6461 0.6461 0.6461 0.14 18
0.6461 0.6463 0.6461 0.61 0.6461 0.621 0.6461 0.6461 0.6461 0.6461 0.624 0.32 0.6461 0.624 0.6461 0.6461 0.622 0.362 19
0.6461 0.6461 0.6559999999999999 0.6465 0.645 0.644 0.6461 0.645 0.6463 0.6461 0.621 0.53 0.13 0.645 0.624 0.6461 0.6464 0.51 20
0.6461 0.6461 0.621 0.645 0.645 0.6461 0.6461 0.642 0.6461 0.6461 0.622 0.643 0.6461 0.6461 0.6461 0.6461 0.14 0.6509999999999999 21
0.6461 0.6463 0.642 0.6463 0.6461 0.654 0.6465 0.6463 0.6464 0.6409999999999999 0.6409999999999999 0.12 0.6461 0.6465 0.6464 0.6461 0.6461 0.66 22
0.6461 0.6461 0.6464 0.6465 0.6463 0.364 0.645 0.362 0.31 0.645 0.6461 0.6409999999999999 0.6461 0.6463 0.642 0.6463 0.6461 0.364 23
0.6461 0.6464 0.6464 0.6463 0.6465 0.44 0.6464 0.6461 0.642 0.6461 0.6465 0.6409999999999999 0.6461 0.6461 0.33 0.6461 0.6461 0.6461 24
0.6461 0.6461 0.6461 0.6461 0.622 0.645 0.6461 0.645 0.6463 0.645 0.61 0.6463 0.645 0.645 0.645 0.6461 0.6461 0.621 25
0.6461 0.6461 0.6461 0.644 0.6466 0.365 0.6461 0.6461 0.643 0.6461 0.6461 0.6462 0.6461 0.6461 0.6461 0.6461 0.6461 0.6461 26
0.6461 0.6461 0.624 0.6461 0.6461 0.645 0.6461 0.6461 0.6461 0.6461 0.635 0.645 0.6461 0.6461 0.6461 0.364 0.6461 0.35 27
0.6461 0.642 0.642 0.6461 0.6461 0.45 0.6463 0.6461 0.654 0.6409999999999999 0.6464 0.66 0.624 0.642 0.6461 0.6461 0.6463 0.66 28
0.6461 0.6461 0.6461 0.6466 0.645 0.631 0.6461 0.6463 0.6461 0.6461 0.644 0.6559999999999999 0.6463 0.6461 0.6461 0.6461 0.6461 0.643 29
0.6461 0.642 0.642 0.6461 0.6465 0.45 0.6463 0.6463 0.6461 0.6461 0.645 0.6465 0.364 0.642 0.622 0.6461 0.6463 0.52 30
0.6461 0.6461 0.6461 0.6465 0.6461 0.6464 0.6461 0.6461 0.6463 0.6461 0.644 0.46 0.6461 0.6461 0.6461 0.6465 0.6461 0.54 31
0.6461 0.6461 0.45 0.632 0.6461 0.643 0.635 0.6461 0.643 0.6461 0.6461 0.51 0.6461 0.6461 0.6461 0.6461 0.6461 0.6465 32
0.6461 0.6461 0.622 0.6463 0.6461 0.43 0.6463 0.6461 0.6465 0.6461 0.6461 0.654 0.6461 0.6461 0.6463 0.6461 0.645 0.643 33
0.6461 0.622 0.642 0.6463 0.645 0.33 0.6409999999999999 0.6463 0.645 0.6461 0.644 0.622 0.6461 0.642 0.652 0.6461 0.6465 0.54 34
0.6461 0.6461 0.6463 0.645 0.6461 0.6464 0.6461 0.6465 0.6461 0.6461 0.6463 0.6461 0.6461 0.6463 0.621 0.6461 0.6461 0.6461 35
0.6461 0.6461 0.6461 0.6461 0.6461 0.631 0.6461 0.6461 0.6461 0.6461 0.6461 0.31 0.6461 0.6461 0.6461 0.6461 0.6461 0.6461 36
0.6461 0.6461 0.642 0.621 0.645 0.644 0.6461 0.645 0.6461 0.6461 0.42 0.66 0.6461 0.13 0.6463 0.11 0.6461 0.13 37
0.6461 0.6461 0.642 0.6461 0.6461 0.644 0.6461 0.6461 0.6461 0.365 0.645 0.34 0.6461 0.6461 0.6461 0.6461 0.6465 0.6461 38
0.6461 0.645 0.6461 0.6461 0.6461 0.32 0.621 0.6461 0.6461 0.6461 0.6461 0.6461 0.6463 0.6461 0.6461 0.6461 0.6461 0.6461 39
0.6461 0.6461 0.6461 0.6461 0.24 0.635 0.6461 0.6461 0.6461 0.6461 0.6461 0.645 0.6461 0.6461 0.6461 0.6461 0.6461 0.6465 40
0.6461 0.61 0.6409999999999999 0.6461 0.6463 0.35 0.34 0.654 0.6559999999999999 0.6463 0.644 0.52 0.654 0.6463 0.6461 0.6461 0.61 0.6461 41
0.6461 0.6465 0.6464 0.6464 0.44 0.45 0.6461 0.6461 0.6461 0.6461 0.6461 0.6509999999999999 0.6461 0.6461 0.6461 0.6463 0.6461 0.6461 42
0.6461 0.6461 0.31 0.6461 0.13 0.33 0.6461 0.622 0.6461 0.6461 0.6464 0.66 0.6464 0.6464 0.6464 0.6461 0.6461 0.44 43
0.6461 0.6461 0.6461 0.31 0.6465 0.636 0.644 0.6461 0.6461 0.6461 0.644 0.644 0.6461 0.6461 0.6461 0.6461 0.6461 0.644 44
0.6461 0.6461 0.624 0.362 0.6466 0.35 0.6461 0.6461 0.6461 0.6461 0.6463 0.363 0.6463 0.6465 0.6461 0.6461 0.6461 0.51 45
0.6461 0.6461 0.6461 0.6461 0.6461 0.44 0.6461 0.6461 0.6461 0.624 0.6461 0.642 0.6461 0.6461 0.6461 0.6461 0.6461 0.6461 46
0.6461 0.6463 0.6465 0.645 0.6461 0.33 0.642 0.6463 0.642 0.6464 0.634 0.51 0.6464 0.6461 0.61 0.6461 0.6465 0.6559999999999999 47
0.6461 0.6461 0.6464 0.6461 0.6559999999999999 0.42 0.6461 0.6461 0.633 0.6461 0.652 0.6461 0.6461 0.6463 0.6461 0.6463 0.6465 0.51 48
0.6461 0.6463 0.6465 0.6461 0.6461 0.6466 0.6463 0.6461 0.66 0.6461 0.6461 0.66 0.6461 0.6463 0.6461 0.6463 0.6463 0.6509999999999999 49
0.6461 0.6461 0.6461 0.6461 0.6466 0.42 0.6461 0.653 0.6461 0.643 0.56 0.51 0.6461 0.6461 0.6461 0.6461 0.66 0.645 50
0.6461 0.6464 0.6463 0.6461 0.6461 0.6461 0.6461 0.6461 0.6461 0.6463 0.6461 0.6461 0.6461 0.6461 0.66 0.6461 0.6461 0.66 51
0.6461 0.622 0.362 0.6461 0.35 0.6461 0.6461 0.6461 0.6461 0.6461 0.6461 0.6465 0.6463 0.6461 0.6461 0.6461 0.6463 0.31 52
0.6461 0.6461 0.22 0.31 0.365 0.631 0.6461 0.6463 0.643 0.6461 0.24 0.35 0.6463 0.6463 0.622 0.11 0.643 0.24 53
0.6461 0.6461 0.6461 0.6461 0.6465 0.364 0.6461 0.6461 0.6461 0.6461 0.635 0.623 0.6461 0.6461 0.6461 0.6461 0.6461 0.6462 54
0.6461 0.642 0.6461 0.6461 0.6461 0.6461 0.6461 0.6461 0.6461 0.6461 0.6461 0.52 0.6461 0.6461 0.6461 0.6461 0.6461 0.643 55
0.6461 0.6465 0.6461 0.6461 0.6461 0.45 0.6461 0.6461 0.6461 0.6461 0.6461 0.43 0.6461 0.6461 0.6461 0.6461 0.6461 0.44 56
0.6461 0.6463 0.6461 0.6464 0.631 0.45 0.33 0.21 0.631 0.6464 0.54 0.6461 0.6463 0.642 0.654 0.6461 0.61 0.6464 57
0.6461 0.6463 0.631 0.645 0.631 0.364 0.6461 0.6461 0.6461 0.642 0.51 0.51 0.6464 0.6464 0.6464 0.6461 0.6464 0.6461 58
0.6461 0.6461 0.33 0.6465 0.6463 0.644 0.6461 0.6461 0.6466 0.6461 0.6461 0.654 0.6461 0.6461 0.6461 0.6461 0.6461 0.654 59
0.6461 0.6464 0.6461 0.622 0.624 0.644 0.6461 0.6463 0.654 0.6461 0.642 0.644 0.6461 0.6461 0.6461 0.6461 0.6461 0.6462 60
0.6461 0.642 0.6466 0.6465 0.6461 0.634 0.6463 0.642 0.642 0.6461 0.6409999999999999 0.52 0.6464 0.6464 0.6464 0.6461 0.6461 0.51 61
0.6461 0.6463 0.6461 0.6461 0.6461 0.6461 0.6461 0.6461 0.6461 0.13 0.6462 0.6461 0.6463 0.6461 0.6463 0.6461 0.6461 0.643 62
0.6461 0.6461 0.6461 0.6461 0.6463 0.6461 0.6461 0.6463 0.6461 0.6461 0.6461 0.6461 0.6463 0.6461 0.6463 0.6461 0.6461 0.6463 63
0.6461 0.6409999999999999 0.6461 0.6461 0.6461 0.6461 0.6461 0.6463 0.6461 0.6409999999999999 0.6409999999999999 0.66 0.6409999999999999 0.6461 0.6464 0.6461 0.6461 0.51 64
0.6461 0.6461 0.6463 0.42 0.631 0.6466 0.6461 0.6465 0.6461 0.645 0.6463 0.11 0.6461 0.6462 0.6461 0.6461 0.6461 0.6559999999999999 65
0.6461 0.6464 0.6464 0.635 0.644 0.631 0.6465 0.6465 0.6461 0.23 0.6464 0.66 0.6464 0.654 0.6463 0.6461 0.6463 0.52 66
0.6461 0.6463 0.6465 0.642 0.6461 0.61 0.6461 0.621 0.6463 0.624 0.6465 0.51 0.6461 0.6463 0.6463 0.6461 0.6461 0.66 67
0.6461 0.6461 0.6461 0.6464 0.6461 0.6559999999999999 0.6461 0.6461 0.6463 0.6461 0.54 0.6461 0.6461 0.6464 0.6461 0.6461 0.6463 0.51 68
0.6461 0.6461 0.6463 0.6461 0.6461 0.6461 0.6461 0.6461 0.6461 0.6461 0.6461 0.6461 0.6461 0.6461 0.6461 0.6461 0.6461 0.6461 69
0.6461 0.6461 0.362 0.6461 0.643 0.45 0.6461 0.362 0.6465 0.6461 0.34 0.645 0.6461 0.61 0.645 0.6461 0.61 0.61 70
0.6461 0.6461 0.6461 0.6461 0.6463 0.624 0.6461 0.6461 0.6465 0.6463 0.6463 0.6464 0.6461 0.6463 0.6461 0.6461 0.6461 0.642 71
0.6466 0.642 0.6465 0.61 0.362 0.635 0.6461 0.644 0.6463 0.6461 0.6461 0.6464 0.6461 0.6461 0.6461 0.6461 0.6461 0.6461 72
0.6461 0.6463 0.642 0.6461 0.6465 0.6461 0.6465 0.6463 0.6461 0.6464 0.642 0.6461 0.6464 0.645 0.6464 0.6461 0.6461 0.6461 73
0.6461 0.6461 0.642 0.642 0.365 0.361 0.6461 0.642 0.6461 0.6461 0.6464 0.623 0.642 0.6464 0.6465 0.6461 0.6461 0.632 74
0.6461 0.6461 0.645 0.6461 0.6461 0.6461 0.6461 0.6461 0.6461 0.6461 0.6461 0.52 0.6461 0.6461 0.6461 0.6461 0.6461 0.643 75
0.6461 0.6461 0.61 0.6461 0.6463 0.6463 0.6461 0.6463 0.6461 0.6461 0.644 0.6559999999999999 0.6461 0.6461 0.6461 0.6461 0.66 0.6509999999999999 76
0.6461 0.6461 0.6461 0.6463 0.6461 0.6461 0.6464 0.6461 0.6464 0.6461 0.6464 0.66 0.6461 0.6464 0.6464 0.6461 0.6461 0.6559999999999999 77
0.6461 0.6463 0.6463 0.6461 0.362 0.14 0.6461 0.6463 0.6463 0.6465 0.6463 0.6466 0.6461 0.6461 0.6461 0.6461 0.6465 0.33 78
0.6461 0.6463 0.642 0.6463 0.6461 0.6465 0.6461 0.6463 0.622 0.6464 0.6463 0.6461 0.6464 0.6465 0.6461 0.6461 0.6461 0.6461 79
0.6461 0.6464 0.31 0.6464 0.6461 0.42 0.6461 0.61 0.6464 0.6461 0.6464 0.643 0.6461 0.6461 0.6461 0.6461 0.6461 0.643 80
0.6461 0.6461 0.623 0.33 0.6461 0.44 0.6461 0.6463 0.6461 0.6461 0.6461 0.365 0.6461 0.6461 0.6461 0.6461 0.6461 0.66 81
0.6461 0.6465 0.645 0.6465 0.645 0.6463 0.6409999999999999 0.6461 0.6463 0.645 0.6461 0.6463 0.6409999999999999 0.6463 0.6461 0.645 0.6461 0.6461 82
0.6461 0.642 0.6464 0.6463 0.44 0.35 0.642 0.66 0.31 0.642 0.6461 0.654 0.6464 0.6464 0.6461 0.6461 0.6461 0.66 83
0.6461 0.6465 0.6464 0.6463 0.6466 0.644 0.6463 0.6461 0.6464 0.6465 0.6464 0.645 0.6461 0.6461 0.6464 0.6463 0.6461 0.645 84
0.6461 0.6461 0.6463 0.6461 0.6461 0.632 0.6465 0.6461 0.6461 0.6461 0.6461 0.632 0.6461 0.6461 0.6461 0.6461 0.6465 0.6461 85
0.6461 0.6461 0.6463 0.6461 0.6461 0.642 0.6461 0.6465 0.6461 0.6461 0.645 0.645 0.6461 0.6461 0.6461 0.6461 0.645 0.35 86
0.6461 0.6461 0.6463 0.6464 0.632 0.636 0.6461 0.6462 0.6464 0.645 0.61 0.633 0.6463 0.6461 0.645 0.6461 0.364 0.644 87
0.6461 0.6461 0.6461 0.642 0.6461 0.632 0.33 0.6461 0.6461 0.6464 0.6464 0.655 0.6465 0.6461 0.642 0.642 0.6461 0.625 88
0.6461 0.6464 0.621 0.6409999999999999 0.645 0.33 0.6461 0.6461 0.621 0.6461 0.644 0.6461 0.6461 0.6461 0.6461 0.6461 0.6461 0.6461 89
0.6461 0.6461 0.6463 0.6461 0.645 0.362 0.6461 0.362 0.33 0.645 0.6463 0.56 0.6463 0.6461 0.6461 0.6461 0.34 0.6461 90
0.6461 0.6461 0.631 0.6461 0.6461 0.635 0.6461 0.6461 0.6461 0.6463 0.6461 0.6461 0.6461 0.6461 0.6461 0.6461 0.6461 0.6461 91
0.6461 0.6409999999999999 0.6461 0.6465 0.631 0.45 0.6461 0.6463 0.6461 0.6461 0.61 0.52 0.6461 0.6409999999999999 0.642 0.6461 0.6461 0.654 92
0.6461 0.6461 0.6464 0.6461 0.645 0.6461 0.6461 0.6461 0.6461 0.645 0.6463 0.642 0.6461 0.6461 0.6463 0.645 0.6463 0.6509999999999999 93
0.6461 0.645 0.642 0.33 0.6461 0.6461 0.6461 0.6461 0.6463 0.6461 0.6463 0.642 0.6464 0.6463 0.6465 0.6461 0.645 0.642 94
0.6461 0.6463 0.642 0.6461 0.6463 0.644 0.6461 0.6461 0.6463 0.6461 0.622 0.644 0.6461 0.6461 0.6461 0.6461 0.6461 0.6465 95
0.6461 0.6461 0.6464 0.6461 0.6463 0.6461 0.6461 0.6461 0.6461 0.6461 0.642 0.6461 0.6463 0.6461 0.6461 0.6461 0.6461 0.6461 96
0.6461 0.6465 0.6461 0.6461 0.6461 0.6461 0.6461 0.6461 0.6461 0.6461 0.6461 0.6463 0.6461 0.6461 0.6461 0.6461 0.6461 0.6461 97
0.6461 0.6463 0.6464 0.642 0.362 0.6466 0.6465 0.6464 0.6463 0.6461 0.45 0.6461 0.6461 0.6461 0.622 0.6461 0.6465 0.6461 98
0.6461 0.6465 0.6463 0.642 0.6463 0.6461 0.6463 0.645 0.6409999999999999 0.6464 0.6463 0.6461 0.6463 0.6461 0.6463 0.6461 0.643 0.643 99
0.6461 0.6461 0.645 0.6464 0.6461 0.6461 0.6461 0.6461 0.6461 0.6461 0.6461 0.23 0.6461 0.6461 0.6461 0.6461 0.6461 0.66 100
0.6461 0.42 0.626 0.52 0.645 0.44 0.6465 0.655 0.6461 0.642 0.626 0.46 0.11 0.6464 0.6463 0.6461 0.6461 0.6509999999999999 101
0.6461 0.6464 0.6464 0.6463 0.624 0.6461 0.6461 0.6461 0.6461 0.6461 0.622 0.44 0.6461 0.6461 0.6461 0.6461 0.621 0.6461 102
0.6461 0.6461 0.6461 0.635 0.6461 0.6466 0.6461 0.44 0.6465 0.6461 0.6461 0.654 0.6461 0.6461 0.6461 0.6461 0.6462 0.643 103
0.6461 0.6464 0.6463 0.6461 0.632 0.625 0.6463 0.6461 0.6463 0.6463 0.6461 0.45 0.6461 0.6463 0.6463 0.6461 0.6461 0.6461 104
0.6461 0.642 0.6464 0.6461 0.6461 0.6461 0.6463 0.6464 0.6461 0.6461 0.6463 0.6461 0.6465 0.362 0.6461 0.33 0.6461 0.6461 105
0.6461 0.642 0.642 0.6464 0.6466 0.366 0.642 0.6461 0.642 0.31 0.642 0.41 0.6409999999999999 0.645 0.6464 0.6461 0.6463 0.622 106
0.6461 0.6461 0.61 0.6464 0.6461 0.42 0.6465 0.6461 0.6461 0.6461 0.6465 0.53 0.6461 0.6461 0.6461 0.6461 0.6463 0.6462 107
0.6461 0.6463 0.6464 0.6461 0.6463 0.6461 0.6463 0.6461 0.6461 0.6461 0.6464 0.6461 0.6464 0.6464 0.6463 0.6461 0.6461 0.6463 108
0.6461 0.6461 0.6464 0.642 0.6466 0.644 0.6461 0.6465 0.35 0.6461 0.6465 0.6463 0.6461 0.6463 0.6461 0.6461 0.6461 0.6461 109
0.6461 0.6461 0.623 0.61 0.6461 0.44 0.6463 0.6461 0.6461 0.6461 0.33 0.32 0.6461 0.6461 0.6461 0.6461 0.6461 0.362 110
0.6461 0.6461 0.622 0.645 0.45 0.622 0.6463 0.6461 0.6461 0.6461 0.6461 0.51 0.6461 0.642 0.6461 0.6461 0.6461 0.6559999999999999 111
0.6461 0.6461 0.6461 0.6461 0.61 0.626 0.6461 0.6461 0.6461 0.6461 0.6461 0.42 0.6461 0.6461 0.6461 0.6461 0.6463 0.654 112
0.6461 0.6461 0.6461 0.6461 0.645 0.6463 0.6464 0.6461 0.6461 0.6463 0.6461 0.61 0.6461 0.6461 0.6461 0.6461 0.6461 0.6461 113
0.6461 0.6461 0.6461 0.6461 0.645 0.6465 0.6461 0.6461 0.6461 0.6461 0.6461 0.6461 0.6461 0.6461 0.6461 0.6461 0.6461 0.643 114
0.6461 0.6461 0.6461 0.6461 0.34 0.6461 0.6461 0.6463 0.6461 0.6461 0.6461 0.6559999999999999 0.6461 0.6461 0.6461 0.644 0.6461 0.642 115
0.6461 0.6463 0.6464 0.642 0.6463 0.6465 0.6461 0.6461 0.6461 0.6461 0.6461 0.631 0.6463 0.6463 0.6461 0.6461 0.6461 0.6461 116
0.6461 0.6461 0.6461 0.6461 0.6461 0.6559999999999999 0.6461 0.6461 0.6461 0.6461 0.6461 0.654 0.6461 0.6461 0.6461 0.6461 0.6461 0.6461 117
0.6461 0.61 0.34 0.6461 0.33 0.6461 0.6461 0.6461 0.6461 0.6461 0.6461 0.655 0.6461 0.6461 0.6461 0.622 0.6461 0.6461 118
0.6461 0.6464 0.6464 0.624 0.645 0.645 0.6461 0.6461 0.6461 0.6463 0.632 0.21 0.622 0.6465 0.643 0.6461 0.6461 0.42 119
0.6463 0.6464 0.6461 0.6463 0.6461 0.635 0.6461 0.6461 0.622 0.6461 0.6461 0.6466 0.642 0.6463 0.6461 0.6461 0.6461 0.45 120
0.6461 0.645 0.6559999999999999 0.6461 0.6465 0.364 0.6463 0.6461 0.643 0.645 0.66 0.366 0.6461 0.66 0.654 0.6463 0.6463 0.6461 121
0.6461 0.645 0.6465 0.365 0.645 0.6461 0.6461 0.6461 0.642 0.6461 0.42 0.643 0.624 0.642 0.6461 0.6461 0.6461 0.54 122
0.6461 0.6464 0.6461 0.66 0.6461 0.6465 0.6461 0.6461 0.61 0.6461 0.6465 0.54 0.6461 0.6461 0.6461 0.6461 0.6461 0.6461 123
0.6461 0.6461 0.6461 0.6464 0.6463 0.6463 0.6461 0.6461 0.6465 0.6461 0.642 0.6461 0.6461 0.6461 0.6463 0.6463 0.6463 0.6461 124
0.6461 0.6464 0.6461 0.6464 0.6461 0.6463 0.6461 0.642 0.6509999999999999 0.6461 0.6463 0.31 0.6461 0.642 0.6461 0.6461 0.6465 0.361 125
0.6461 0.6461 0.6463 0.6463 0.6463 0.622 0.6461 0.6461 0.6461 0.6461 0.6461 0.626 0.6461 0.6461 0.6461 0.6461 0.6461 0.645 126
0.6461 0.6461 0.6463 0.645 0.621 0.362 0.6463 0.624 0.6463 0.6464 0.6461 0.645 0.6461 0.6463 0.642 0.6463 0.642 0.61 127
0.6461 0.6463 0.6465 0.6461 0.6461 0.6461 0.6465 0.6461 0.6465 0.6461 0.6463 0.6461 0.6461 0.6461 0.6463 0.6461 0.6461 0.6461 128
0.6461 0.6464 0.61 0.6409999999999999 0.362 0.6463 0.6463 0.6461 0.6463 0.6465 0.642 0.642 0.6461 0.6461 0.6461 0.624 0.13 0.6461 129
0.6461 0.6461 0.6463 0.642 0.645 0.631 0.6465 0.6461 0.644 0.645 0.635 0.51 0.6461 0.6465 0.66 0.6463 0.13 0.652 130
0.6461 0.6461 0.642 0.6461 0.6461 0.653 0.642 0.6466 0.6461 0.6461 0.6461 0.52 0.6461 0.6461 0.6461 0.6461 0.35 0.66 131
0.6461 0.6409999999999999 0.6461 0.6463 0.6461 0.644 0.6461 0.6461 0.6461 0.6461 0.6461 0.631 0.6461 0.6463 0.6463 0.6461 0.645 0.6461 132
0.6461 0.6461 0.644 0.6461 0.644 0.653 0.6461 0.61 0.6461 0.6461 0.6461 0.6559999999999999 0.645 0.6463 0.643 0.6465 0.6465 0.6409999999999999 133
0.6461 0.6461 0.6465 0.621 0.6463 0.6461 0.6463 0.6461 0.6465 0.6461 0.61 0.364 0.6461 0.6463 0.6465 0.6463 0.6461 0.14 134
0.6461 0.6463 0.6464 0.6461 0.6463 0.6461 0.645 0.6463 0.631 0.624 0.61 0.6461 0.642 0.6465 0.642 0.642 0.6461 0.33 135
0.6461 0.6465 0.642 0.6465 0.642 0.645 0.6464 0.6463 0.642 0.6464 0.6464 0.644 0.6464 0.6409999999999999 0.642 0.645 0.644 0.6461 136
