$TYPE inputvec
$XDIM 126
$YDIM 1
$VECDIM 36

0.6859999999999999 0.6859999999999999 0.6859999999999999 0.6859999999999999 0.6859999999999999 0.6859999999999999 0.6859999999999999 0.6859999999999999 0.6859999999999999 0.6859999999999999 0.6859999999999999 0.76 0.6859999999999999 0.6859999999999999 0.6859999999999999 0.6859999999999999 0.6859999999999999 0.6859999999999999 0.6859999999999999 0.6859999999999999 0.6859999999999999 0.6859999999999999 0.6859999999999999 0.6859999999999999 0.6859999999999999 0.6859999999999999 0.6859999999999999 0.6859999999999999 0.6859999999999999 0.6859999999999999 0.6859999999999999 0.6859999999999999 0.6859999999999999 0.6859999999999999 0.51 0.687 0
0.6859999999999999 0.6859999999999999 0.6859999999999999 0.6859999999999999 0.6859999999999999 0.6859999999999999 0.6859999999999999 0.6859999999999999 0.6859999999999999 0.6859999999999999 0.6859999999999999 0.6809999999999999 0.6859999999999999 0.6859999999999999 0.6859999999999999 0.6859999999999999 0.6859999999999999 0.63 0.6859999999999999 0.6859999999999999 0.6859999999999999 0.6859999999999999 0.684 0.6859999999999999 0.6859999999999999 0.684 0.6859999999999999 0.6859999999999999 0.6859999999999999 0.6859999999999999 0.6859999999999999 0.688 0.6859999999999999 0.6859999999999999 0.6859999999999999 0.6859999999999999 1
0.6859999999999999 0.6859999999999999 0.6859999999999999 0.682 0.63 0.6859999999999999 0.6859999999999999 0.6859999999999999 0.682 0.6859999999999999 0.682 0.6859999999999999 0.684 0.684 0.6859999999999999 0.684 0.38 0.6859999999999999 0.6859999999999999 0.36 0.6859999999999999 0.6859999999999999 0.6859999999999999 0.6859999999999999 0.6859999999999999 0.6859999999999999 0.6859999999999999 0.65 0.6859999999999999 0.684 0.6859999999999999 0.6859999999999999 0.6859999999999999 0.684 0.6859999999999999 0.6859999999999999 2
0.6859999999999999 0.6809999999999999 0.684 0.6859999999999999 0.6859999999999999 0.6859999999999999 0.684 0.6859999999999999 0.6859999999999999 0.6809999999999999 0.6859999999999999 0.6859999999999999 0.684 0.684 0.6859999999999999 0.6859999999999999 0.6859999999999999 0.6859999999999999 0.6859999999999999 0.6809999999999999 0.6859999999999999 0.6859999999999999 0.6859999999999999 0.6859999999999999 0.684 0.6859999999999999 0.6859999999999999 0.6859999999999999 0.6859999999999999 0.682 0.6859999999999999 0.6859999999999999 0.684 0.6859999999999999 0.6859999999999999 0.6859999999999999 3
0.6859999999999999 0.6859999999999999 0.6859999999999999 0.64 0.684 0.47 0.684 0.6859999999999999 0.6859999999999999 0.6859999999999999 0.6859999999999999 0.91 0.6859999999999999 0.6859999999999999 0.6859999999999999 0.6859999999999999 0.6859999999999999 0.93 0.6859999999999999 0.6859999999999999 0.684 0.6859999999999999 0.16 0.56 0.6859999999999999 0.6829999999999999 0.6859999999999999 0.6859999999999999 0.42 0.6859999999999999 0.6859999999999999 0.6859999999999999 0.6859999999999999 0.6859999999999999 0.6859999999999999 0.45 4
0.6859999999999999 0.6859999999999999 0.6859999999999999 0.6859999999999999 0.6859999999999999 0.6859999999999999 0.6859999999999999 0.6859999999999999 0.6859999999999999 0.6809999999999999 0.51 0.91 0.6859999999999999 0.6859999999999999 0.6859999999999999 0.6859999999999999 0.684 0.95 0.6859999999999999 0.6859999999999999 0.6859999999999999 0.6859999999999999 0.48 0.96 0.6859999999999999 0.6859999999999999 0.6859999999999999 0.6859999999999999 0.688 0.6859999999999999 0.6859999999999999 0.6859999999999999 0.6859999999999999 0.6859999999999999 0.6859999999999999 0.6859999999999999 5
0.6859999999999999 0.684 0.682 0.684 0.55 0.685 0.6859999999999999 0.684 0.55 0.6809999999999999 0.6829999999999999 0.93 0.6859999999999999 0.684 0.65 0.6859999999999999 0.6859999999999999 0.35 0.77 0.36 0.93 0.6829999999999999 0.21 0.6859999999999999 0.62 0.684 0.72 0.97 0.6859999999999999 0.6859999999999999 0.6859999999999999 0.37 0.684 0.65 0.66 0.685 6
0.6859999999999999 0.6859999999999999 0.6859999999999999 0.6859999999999999 0.6859999999999999 0.6859999999999999 0.6859999999999999 0.6859999999999999 0.6859999999999999 0.6859999999999999 0.6859999999999999 0.67 0.6859999999999999 0.6859999999999999 0.6859999999999999 0.6859999999999999 0.6859999999999999 0.6859999999999999 0.6859999999999999 0.6859999999999999 0.6859999999999999 0.6859999999999999 0.6859999999999999 0.46 0.6859999999999999 0.6859999999999999 0.6859999999999999 0.6859999999999999 0.46 0.6859999999999999 0.6859999999999999 0.6859999999999999 0.6859999999999999 0.6859999999999999 0.685 0.6859999999999999 7
0.6859999999999999 0.6859999999999999 0.66 0.54 0.67 0.67 0.6859999999999999 0.44 0.682 0.684 0.684 0.96 0.688 0.6859999999999999 0.6859999999999999 0.684 0.39 0.67 0.93 0.95 0.97 0.64 0.57 0.62 0.55 0.57 0.6809999999999999 0.6859999999999999 0.6859999999999999 0.6859999999999999 0.6859999999999999 0.97 0.6859999999999999 0.6859999999999999 0.6859999999999999 0.6859999999999999 8
0.6859999999999999 0.6859999999999999 0.6859999999999999 0.6859999999999999 0.6859999999999999 0.61 0.6859999999999999 0.688 0.6859999999999999 0.6859999999999999 0.6859999999999999 0.65 0.6859999999999999 0.6859999999999999 0.6859999999999999 0.6859999999999999 0.6859999999999999 0.78 0.6859999999999999 0.64 0.77 0.74 0.685 0.96 0.6859999999999999 0.6859999999999999 0.6859999999999999 0.93 0.67 0.6859999999999999 0.6859999999999999 0.6859999999999999 0.6859999999999999 0.6859999999999999 0.34 0.92 9
0.6859999999999999 0.6859999999999999 0.6859999999999999 0.6859999999999999 0.6859999999999999 0.6859999999999999 0.6859999999999999 0.6829999999999999 0.6859999999999999 0.682 0.6859999999999999 0.6859999999999999 0.6859999999999999 0.6859999999999999 0.6859999999999999 0.684 0.6859999999999999 0.6809999999999999 0.6859999999999999 0.6859999999999999 0.6859999999999999 0.6859999999999999 0.57 0.6859999999999999 0.6859999999999999 0.6859999999999999 0.63 0.684 0.64 0.6859999999999999 0.6859999999999999 0.6859999999999999 0.6829999999999999 0.6859999999999999 0.64 0.6859999999999999 10
0.6859999999999999 0.6859999999999999 0.6859999999999999 0.6859999999999999 0.6859999999999999 0.67 0.6859999999999999 0.6859999999999999 0.6859999999999999 0.6859999999999999 0.6859999999999999 0.95 0.6859999999999999 0.6859999999999999 0.6859999999999999 0.6859999999999999 0.6859999999999999 0.77 0.6859999999999999 0.6859999999999999 0.6859999999999999 0.6859999999999999 0.6859999999999999 0.76 0.6859999999999999 0.6859999999999999 0.6859999999999999 0.6859999999999999 0.6859999999999999 0.6829999999999999 0.6859999999999999 0.6859999999999999 0.6859999999999999 0.6829999999999999 0.66 0.15 11
0.6859999999999999 0.6859999999999999 0.6859999999999999 0.6859999999999999 0.6859999999999999 0.11 0.6859999999999999 0.6859999999999999 0.6859999999999999 0.6859999999999999 0.6859999999999999 0.55 0.6859999999999999 0.6859999999999999 0.6859999999999999 0.6859999999999999 0.6859999999999999 0.6859999999999999 0.6859999999999999 0.6859999999999999 0.6859999999999999 0.6859999999999999 0.12 0.47 0.67 0.6859999999999999 0.6859999999999999 0.66 0.14 0.6859999999999999 0.6859999999999999 0.6859999999999999 0.6859999999999999 0.6859999999999999 0.6859999999999999 0.58 12
0.6859999999999999 0.6859999999999999 0.6859999999999999 0.67 0.66 0.6859999999999999 0.685 0.685 0.6859999999999999 0.6859999999999999 0.685 0.685 0.6859999999999999 0.6859999999999999 0.6859999999999999 0.6859999999999999 0.67 0.67 0.687 0.685 0.6859999999999999 0.687 0.687 0.6859999999999999 0.685 0.687 0.67 0.66 0.685 0.6859999999999999 0.6859999999999999 0.6859999999999999 0.6859999999999999 0.6859999999999999 0.685 0.6859999999999999 13
0.6859999999999999 0.6859999999999999 0.6859999999999999 0.6859999999999999 0.685 0.66 0.6859999999999999 0.684 0.6859999999999999 0.6859999999999999 0.684 0.91 0.6859999999999999 0.684 0.684 0.6859999999999999 0.684 0.62 0.6859999999999999 0.684 0.67 0.97 0.46 0.66 0.6859999999999999 0.6859999999999999 0.6859999999999999 0.6859999999999999 0.6859999999999999 0.6859999999999999 0.6859999999999999 0.6859999999999999 0.6859999999999999 0.6859999999999999 0.6859999999999999 0.6859999999999999 14
0.6859999999999999 0.682 0.65 0.63 0.6859999999999999 0.64 0.6859999999999999 0.6859999999999999 0.93 0.62 0.95 0.62 0.6859999999999999 0.6859999999999999 0.65 0.6859999999999999 0.6859999999999999 0.6859999999999999 0.6829999999999999 0.684 0.6859999999999999 0.6859999999999999 0.6859999999999999 0.684 0.6859999999999999 0.6859999999999999 0.65 0.63 0.682 0.684 0.6859999999999999 0.6859999999999999 0.6859999999999999 0.6859999999999999 0.682 0.6859999999999999 15
0.6859999999999999 0.6829999999999999 0.6809999999999999 0.684 0.6859999999999999 0.65 0.6829999999999999 0.684 0.684 0.6809999999999999 0.64 0.24 0.6859999999999999 0.6829999999999999 0.6859999999999999 0.6859999999999999 0.6859999999999999 0.96 0.6859999999999999 0.6859999999999999 0.6859999999999999 0.6859999999999999 0.6859999999999999 0.33 0.6859999999999999 0.6829999999999999 0.6859999999999999 0.6829999999999999 0.21 0.6829999999999999 0.6859999999999999 0.684 0.6859999999999999 0.684 0.75 0.6859999999999999 16
0.6859999999999999 0.6859999999999999 0.685 0.682 0.6829999999999999 0.35 0.682 0.36 0.61 0.63 0.6859999999999999 0.64 0.6859999999999999 0.684 0.6809999999999999 0.684 0.6859999999999999 0.35 0.6859999999999999 0.6859999999999999 0.6859999999999999 0.682 0.15 0.62 0.6859999999999999 0.6859999999999999 0.63 0.64 0.61 0.6859999999999999 0.6859999999999999 0.63 0.6859999999999999 0.684 0.685 0.6859999999999999 17
0.6859999999999999 0.6859999999999999 0.684 0.684 0.6829999999999999 0.46 0.6859999999999999 0.6859999999999999 0.63 0.6859999999999999 0.6829999999999999 0.64 0.6859999999999999 0.6859999999999999 0.38 0.6859999999999999 0.6859999999999999 0.6859999999999999 0.6859999999999999 0.6859999999999999 0.6859999999999999 0.6859999999999999 0.35 0.66 0.682 0.6829999999999999 0.6859999999999999 0.58 0.55 0.6859999999999999 0.6859999999999999 0.6859999999999999 0.6859999999999999 0.6859999999999999 0.13 0.6859999999999999 18
0.6859999999999999 0.6859999999999999 0.6859999999999999 0.6859999999999999 0.63 0.63 0.6859999999999999 0.63 0.684 0.63 0.62 0.684 0.63 0.682 0.63 0.6859999999999999 0.6859999999999999 0.62 0.6859999999999999 0.6859999999999999 0.6859999999999999 0.63 0.682 0.6859999999999999 0.6859999999999999 0.6859999999999999 0.6859999999999999 0.6859999999999999 0.6859999999999999 0.6859999999999999 0.6859999999999999 0.6859999999999999 0.6859999999999999 0.6859999999999999 0.6859999999999999 0.6859999999999999 19
0.6859999999999999 0.6859999999999999 0.6859999999999999 0.66 0.687 0.39 0.6859999999999999 0.6859999999999999 0.64 0.6859999999999999 0.6859999999999999 0.688 0.6859999999999999 0.6859999999999999 0.6859999999999999 0.6859999999999999 0.6859999999999999 0.6859999999999999 0.6859999999999999 0.6859999999999999 0.6859999999999999 0.6859999999999999 0.95 0.6859999999999999 0.6859999999999999 0.6859999999999999 0.96 0.46 0.54 0.6859999999999999 0.6859999999999999 0.6859999999999999 0.6859999999999999 0.6859999999999999 0.6859999999999999 0.6859999999999999 20
0.6859999999999999 0.6859999999999999 0.62 0.6859999999999999 0.6859999999999999 0.63 0.6859999999999999 0.6859999999999999 0.6859999999999999 0.6859999999999999 0.58 0.63 0.6859999999999999 0.6859999999999999 0.6859999999999999 0.35 0.6859999999999999 0.36 0.6859999999999999 0.6859999999999999 0.36 0.6859999999999999 0.6859999999999999 0.63 0.6859999999999999 0.63 0.6859999999999999 0.15 0.64 0.6859999999999999 0.6859999999999999 0.6859999999999999 0.6859999999999999 0.6859999999999999 0.54 0.49 21
0.6859999999999999 0.6809999999999999 0.684 0.687 0.6859999999999999 0.47 0.684 0.6859999999999999 0.65 0.6809999999999999 0.684 0.95 0.62 0.684 0.6859999999999999 0.6859999999999999 0.684 0.96 0.6859999999999999 0.65 0.6859999999999999 0.71 0.52 0.67 0.688 0.15 0.67 0.6859999999999999 0.65 0.6859999999999999 0.6859999999999999 0.15 0.6859999999999999 0.6829999999999999 0.44 0.6859999999999999 22
0.6859999999999999 0.6859999999999999 0.6859999999999999 0.687 0.63 0.54 0.6859999999999999 0.684 0.6859999999999999 0.6859999999999999 0.67 0.65 0.6829999999999999 0.6859999999999999 0.6859999999999999 0.684 0.6859999999999999 0.64 0.6859999999999999 0.6859999999999999 0.687 0.6829999999999999 0.687 0.6859999999999999 0.6859999999999999 0.6859999999999999 0.6859999999999999 0.64 0.6859999999999999 0.6859999999999999 0.6859999999999999 0.684 0.65 0.6859999999999999 0.67 0.6859999999999999 23
0.6859999999999999 0.6809999999999999 0.685 0.6859999999999999 0.682 0.48 0.684 0.684 0.6859999999999999 0.6859999999999999 0.63 0.6829999999999999 0.35 0.6829999999999999 0.63 0.6859999999999999 0.6829999999999999 0.76 0.6859999999999999 0.6809999999999999 0.6859999999999999 0.6859999999999999 0.93 0.93 0.6859999999999999 0.6859999999999999 0.66 0.687 0.6859999999999999 0.6859999999999999 0.6859999999999999 0.6859999999999999 0.6859999999999999 0.6859999999999999 0.36 0.64 24
0.6859999999999999 0.6859999999999999 0.6859999999999999 0.6829999999999999 0.6859999999999999 0.684 0.6859999999999999 0.6859999999999999 0.684 0.6859999999999999 0.67 0.42 0.6859999999999999 0.6859999999999999 0.6859999999999999 0.6829999999999999 0.6859999999999999 0.72 0.6859999999999999 0.67 0.55 0.54 0.76 0.688 0.6859999999999999 0.6859999999999999 0.6859999999999999 0.15 0.6859999999999999 0.6859999999999999 0.64 0.6859999999999999 0.6859999999999999 0.6859999999999999 0.91 0.6859999999999999 25
0.6859999999999999 0.6859999999999999 0.58 0.57 0.6859999999999999 0.64 0.58 0.6859999999999999 0.64 0.6859999999999999 0.6859999999999999 0.93 0.6859999999999999 0.6859999999999999 0.6859999999999999 0.6859999999999999 0.6859999999999999 0.6829999999999999 0.6859999999999999 0.6859999999999999 0.6859999999999999 0.6859999999999999 0.687 0.6859999999999999 0.67 0.685 0.6829999999999999 0.51 0.6859999999999999 0.67 0.6859999999999999 0.6859999999999999 0.6859999999999999 0.6859999999999999 0.685 0.6859999999999999 26
0.6859999999999999 0.6859999999999999 0.63 0.684 0.6859999999999999 0.49 0.684 0.685 0.6829999999999999 0.6859999999999999 0.6859999999999999 0.65 0.6859999999999999 0.6859999999999999 0.684 0.6859999999999999 0.682 0.688 0.6859999999999999 0.6859999999999999 0.6859999999999999 0.6859999999999999 0.55 0.6859999999999999 0.6859999999999999 0.6859999999999999 0.6859999999999999 0.12 0.6859999999999999 0.6859999999999999 0.6859999999999999 0.6859999999999999 0.6859999999999999 0.6859999999999999 0.91 0.6859999999999999 27
0.6859999999999999 0.62 0.6809999999999999 0.684 0.63 0.38 0.6809999999999999 0.6829999999999999 0.682 0.6859999999999999 0.67 0.63 0.6859999999999999 0.6829999999999999 0.65 0.6859999999999999 0.682 0.77 0.6809999999999999 0.6859999999999999 0.684 0.6859999999999999 0.55 0.6859999999999999 0.98 0.6859999999999999 0.6859999999999999 0.42 0.6859999999999999 0.6859999999999999 0.6859999999999999 0.688 0.684 0.6859999999999999 0.54 0.6859999999999999 28
0.6859999999999999 0.6859999999999999 0.684 0.63 0.6859999999999999 0.684 0.6859999999999999 0.6829999999999999 0.684 0.6859999999999999 0.684 0.6859999999999999 0.6859999999999999 0.684 0.62 0.6859999999999999 0.6859999999999999 0.6859999999999999 0.6859999999999999 0.6859999999999999 0.684 0.684 0.6829999999999999 0.6859999999999999 0.6859999999999999 0.6859999999999999 0.6859999999999999 0.6859999999999999 0.6859999999999999 0.6859999999999999 0.6859999999999999 0.6859999999999999 0.6859999999999999 0.6859999999999999 0.6859999999999999 0.62 29
0.6859999999999999 0.6859999999999999 0.6859999999999999 0.6859999999999999 0.6859999999999999 0.51 0.6859999999999999 0.6859999999999999 0.6859999999999999 0.6859999999999999 0.6859999999999999 0.98 0.6859999999999999 0.6859999999999999 0.6859999999999999 0.6859999999999999 0.6859999999999999 0.6859999999999999 0.6859999999999999 0.6859999999999999 0.6859999999999999 0.6859999999999999 0.6859999999999999 0.73 0.6859999999999999 0.66 0.6859999999999999 0.6859999999999999 0.12 0.6859999999999999 0.6859999999999999 0.6859999999999999 0.6859999999999999 0.6859999999999999 0.6859999999999999 0.6859999999999999 30
0.6859999999999999 0.6859999999999999 0.685 0.62 0.63 0.67 0.6859999999999999 0.63 0.6859999999999999 0.6859999999999999 0.15 0.96 0.6859999999999999 0.37 0.684 0.22 0.6859999999999999 0.21 0.6859999999999999 0.66 0.6859999999999999 0.15 0.91 0.95 0.6859999999999999 0.6859999999999999 0.6859999999999999 0.6859999999999999 0.8 0.6859999999999999 0.6859999999999999 0.6859999999999999 0.6859999999999999 0.6859999999999999 0.687 0.67 31
0.6859999999999999 0.6859999999999999 0.6809999999999999 0.6859999999999999 0.6859999999999999 0.67 0.6859999999999999 0.6859999999999999 0.6859999999999999 0.39 0.682 0.53 0.6859999999999999 0.6859999999999999 0.6859999999999999 0.6859999999999999 0.682 0.6859999999999999 0.684 0.63 0.6859999999999999 0.47 0.96 0.6859999999999999 0.6859999999999999 0.6859999999999999 0.6859999999999999 0.92 0.6859999999999999 0.6859999999999999 0.6859999999999999 0.6859999999999999 0.6859999999999999 0.6859999999999999 0.67 0.6859999999999999 32
0.6859999999999999 0.682 0.6859999999999999 0.6859999999999999 0.6859999999999999 0.37 0.62 0.6859999999999999 0.6859999999999999 0.6859999999999999 0.6859999999999999 0.6859999999999999 0.684 0.6859999999999999 0.6859999999999999 0.6859999999999999 0.6859999999999999 0.6859999999999999 0.6859999999999999 0.6829999999999999 0.6859999999999999 0.6859999999999999 0.6859999999999999 0.6809999999999999 0.6859999999999999 0.6859999999999999 0.6859999999999999 0.36 0.6859999999999999 0.6859999999999999 0.6859999999999999 0.6859999999999999 0.6859999999999999 0.6859999999999999 0.6859999999999999 0.684 33
0.6859999999999999 0.6859999999999999 0.6859999999999999 0.6859999999999999 0.8 0.57 0.6859999999999999 0.6859999999999999 0.6859999999999999 0.6859999999999999 0.6859999999999999 0.63 0.6859999999999999 0.6859999999999999 0.6859999999999999 0.6859999999999999 0.6859999999999999 0.6829999999999999 0.6859999999999999 0.6859999999999999 0.6859999999999999 0.682 0.6859999999999999 0.96 0.6859999999999999 0.6859999999999999 0.6859999999999999 0.6859999999999999 0.92 0.6859999999999999 0.6859999999999999 0.6859999999999999 0.6859999999999999 0.6859999999999999 0.6859999999999999 0.65 34
0.6859999999999999 0.64 0.64 0.6859999999999999 0.6829999999999999 0.36 0.61 0.65 0.65 0.684 0.66 0.72 0.65 0.684 0.6859999999999999 0.6859999999999999 0.61 0.6859999999999999 0.6859999999999999 0.64 0.6859999999999999 0.6859999999999999 0.47 0.66 0.6859999999999999 0.6859999999999999 0.6859999999999999 0.65 0.6859999999999999 0.6859999999999999 0.6859999999999999 0.688 0.55 0.684 0.65 0.684 35
0.6859999999999999 0.6829999999999999 0.6859999999999999 0.6859999999999999 0.46 0.48 0.6859999999999999 0.6859999999999999 0.6859999999999999 0.6859999999999999 0.6859999999999999 0.95 0.6859999999999999 0.6859999999999999 0.6859999999999999 0.684 0.6859999999999999 0.6859999999999999 0.6859999999999999 0.688 0.6859999999999999 0.6859999999999999 0.46 0.72 0.6859999999999999 0.6859999999999999 0.6859999999999999 0.64 0.65 0.6859999999999999 0.6859999999999999 0.688 0.6859999999999999 0.6809999999999999 0.43 0.6859999999999999 36
0.6859999999999999 0.6859999999999999 0.8 0.6859999999999999 0.37 0.38 0.6859999999999999 0.63 0.6859999999999999 0.6859999999999999 0.684 0.96 0.684 0.6829999999999999 0.684 0.6859999999999999 0.6859999999999999 0.45 0.6859999999999999 0.6859999999999999 0.6859999999999999 0.6829999999999999 0.97 0.6859999999999999 0.6859999999999999 0.6859999999999999 0.51 0.59 0.6859999999999999 0.6859999999999999 0.6859999999999999 0.6859999999999999 0.6859999999999999 0.55 0.56 0.97 37
0.6859999999999999 0.6859999999999999 0.6859999999999999 0.61 0.685 0.57 0.67 0.6859999999999999 0.685 0.6859999999999999 0.67 0.66 0.6859999999999999 0.6859999999999999 0.6859999999999999 0.6859999999999999 0.6859999999999999 0.67 0.6859999999999999 0.65 0.6859999999999999 0.687 0.687 0.67 0.6859999999999999 0.6859999999999999 0.6859999999999999 0.65 0.15 0.6859999999999999 0.6859999999999999 0.6859999999999999 0.6859999999999999 0.6859999999999999 0.64 0.6859999999999999 38
0.6859999999999999 0.6859999999999999 0.62 0.36 0.67 0.62 0.6859999999999999 0.6859999999999999 0.6859999999999999 0.6859999999999999 0.684 0.59 0.684 0.6829999999999999 0.6859999999999999 0.6859999999999999 0.6859999999999999 0.76 0.6859999999999999 0.6859999999999999 0.54 0.54 0.6859999999999999 0.54 0.6859999999999999 0.6859999999999999 0.6859999999999999 0.47 0.6859999999999999 0.6859999999999999 0.6859999999999999 0.6859999999999999 0.684 0.65 0.55 0.6859999999999999 39
0.6859999999999999 0.6859999999999999 0.6859999999999999 0.6859999999999999 0.6859999999999999 0.46 0.6859999999999999 0.6859999999999999 0.6859999999999999 0.62 0.6859999999999999 0.6829999999999999 0.6859999999999999 0.6859999999999999 0.684 0.6859999999999999 0.6859999999999999 0.6859999999999999 0.6859999999999999 0.6859999999999999 0.6859999999999999 0.6859999999999999 0.45 0.96 0.6859999999999999 0.6829999999999999 0.6859999999999999 0.6859999999999999 0.94 0.6859999999999999 0.6859999999999999 0.6859999999999999 0.6859999999999999 0.64 0.6859999999999999 0.6859999999999999 40
0.6859999999999999 0.684 0.6829999999999999 0.63 0.6859999999999999 0.37 0.684 0.684 0.684 0.6859999999999999 0.55 0.76 0.684 0.6859999999999999 0.64 0.6859999999999999 0.6829999999999999 0.65 0.56 0.6859999999999999 0.48 0.6859999999999999 0.58 0.6859999999999999 0.6859999999999999 0.6859999999999999 0.684 0.16 0.6859999999999999 0.6859999999999999 0.6859999999999999 0.684 0.685 0.6859999999999999 0.44 0.6859999999999999 41
0.6859999999999999 0.6859999999999999 0.684 0.6859999999999999 0.65 0.14 0.6859999999999999 0.6859999999999999 0.56 0.6859999999999999 0.95 0.6859999999999999 0.684 0.684 0.6859999999999999 0.684 0.6829999999999999 0.76 0.6859999999999999 0.63 0.6859999999999999 0.63 0.16 0.6859999999999999 0.6859999999999999 0.6859999999999999 0.6859999999999999 0.15 0.55 0.682 0.682 0.682 0.682 0.685 0.15 0.96 42
0.6859999999999999 0.685 0.6829999999999999 0.6859999999999999 0.6859999999999999 0.687 0.684 0.6859999999999999 0.93 0.6859999999999999 0.6859999999999999 0.96 0.6859999999999999 0.684 0.6859999999999999 0.684 0.684 0.95 0.6859999999999999 0.66 0.6859999999999999 0.97 0.6859999999999999 0.6859999999999999 0.6859999999999999 0.52 0.6859999999999999 0.95 0.684 0.6859999999999999 0.6859999999999999 0.6859999999999999 0.6859999999999999 0.6859999999999999 0.54 0.67 43
0.6859999999999999 0.684 0.684 0.684 0.6859999999999999 0.6859999999999999 0.6859999999999999 0.6859999999999999 0.6859999999999999 0.6829999999999999 0.6859999999999999 0.6859999999999999 0.6859999999999999 0.6859999999999999 0.96 0.6859999999999999 0.6859999999999999 0.96 0.6859999999999999 0.65 0.684 0.6859999999999999 0.93 0.6859999999999999 0.6859999999999999 0.6859999999999999 0.6809999999999999 0.6859999999999999 0.6859999999999999 0.685 0.6859999999999999 0.6859999999999999 0.6859999999999999 0.6859999999999999 0.6859999999999999 0.6859999999999999 44
0.6859999999999999 0.63 0.36 0.6859999999999999 0.31 0.6859999999999999 0.684 0.6859999999999999 0.6859999999999999 0.6859999999999999 0.6859999999999999 0.6829999999999999 0.684 0.6859999999999999 0.6859999999999999 0.6859999999999999 0.684 0.8 0.6859999999999999 0.6859999999999999 0.6859999999999999 0.6859999999999999 0.67 0.6859999999999999 0.6859999999999999 0.6859999999999999 0.6859999999999999 0.54 0.6859999999999999 0.58 0.6859999999999999 0.6859999999999999 0.66 0.6859999999999999 0.51 0.685 45
0.6859999999999999 0.6859999999999999 0.8 0.61 0.32 0.54 0.6859999999999999 0.684 0.67 0.6859999999999999 0.8 0.31 0.684 0.684 0.63 0.22 0.67 0.8 0.6859999999999999 0.6859999999999999 0.6859999999999999 0.6859999999999999 0.46 0.65 0.6859999999999999 0.684 0.684 0.48 0.66 0.6859999999999999 0.6859999999999999 0.6859999999999999 0.684 0.6859999999999999 0.13 0.67 46
0.6859999999999999 0.6859999999999999 0.6859999999999999 0.6859999999999999 0.6829999999999999 0.35 0.6859999999999999 0.6859999999999999 0.6859999999999999 0.6859999999999999 0.57 0.62 0.6859999999999999 0.6859999999999999 0.6859999999999999 0.6859999999999999 0.6859999999999999 0.688 0.6859999999999999 0.6859999999999999 0.6859999999999999 0.6859999999999999 0.6859999999999999 0.45 0.6859999999999999 0.6859999999999999 0.36 0.54 0.67 0.6859999999999999 0.6859999999999999 0.6859999999999999 0.6859999999999999 0.6859999999999999 0.6859999999999999 0.55 47
0.6859999999999999 0.6809999999999999 0.6859999999999999 0.6859999999999999 0.6859999999999999 0.6859999999999999 0.6859999999999999 0.6859999999999999 0.6859999999999999 0.6859999999999999 0.6859999999999999 0.72 0.6859999999999999 0.6859999999999999 0.6859999999999999 0.6859999999999999 0.6859999999999999 0.65 0.6859999999999999 0.684 0.6859999999999999 0.6859999999999999 0.64 0.6859999999999999 0.6859999999999999 0.6859999999999999 0.6859999999999999 0.64 0.6859999999999999 0.6859999999999999 0.6859999999999999 0.6859999999999999 0.684 0.6859999999999999 0.96 0.64 48
0.6859999999999999 0.6829999999999999 0.6859999999999999 0.6859999999999999 0.6859999999999999 0.58 0.6859999999999999 0.6859999999999999 0.6859999999999999 0.6859999999999999 0.6859999999999999 0.49 0.6859999999999999 0.6859999999999999 0.6859999999999999 0.6859999999999999 0.6859999999999999 0.46 0.6859999999999999 0.6859999999999999 0.6859999999999999 0.6859999999999999 0.685 0.66 0.6859999999999999 0.6859999999999999 0.6859999999999999 0.682 0.47 0.6859999999999999 0.6859999999999999 0.6859999999999999 0.6859999999999999 0.6859999999999999 0.684 0.684 49
0.6859999999999999 0.684 0.6859999999999999 0.684 0.54 0.45 0.38 0.25 0.51 0.684 0.77 0.6859999999999999 0.684 0.6809999999999999 0.65 0.6859999999999999 0.64 0.6859999999999999 0.6859999999999999 0.54 0.65 0.15 0.35 0.6859999999999999 0.6859999999999999 0.6859999999999999 0.6859999999999999 0.91 0.64 0.6859999999999999 0.684 0.6859999999999999 0.55 0.66 0.13 0.6859999999999999 50
0.6859999999999999 0.684 0.51 0.63 0.54 0.35 0.6859999999999999 0.6859999999999999 0.684 0.684 0.76 0.93 0.684 0.6859999999999999 0.684 0.6859999999999999 0.684 0.6859999999999999 0.6859999999999999 0.63 0.6859999999999999 0.6859999999999999 0.65 0.6859999999999999 0.6829999999999999 0.6859999999999999 0.6859999999999999 0.6859999999999999 0.6859999999999999 0.6859999999999999 0.6859999999999999 0.684 0.6859999999999999 0.6859999999999999 0.684 0.6859999999999999 51
0.6859999999999999 0.6859999999999999 0.38 0.6829999999999999 0.685 0.67 0.6859999999999999 0.6859999999999999 0.67 0.6859999999999999 0.6859999999999999 0.65 0.6859999999999999 0.6859999999999999 0.6859999999999999 0.6859999999999999 0.6859999999999999 0.65 0.6859999999999999 0.6859999999999999 0.6859999999999999 0.6859999999999999 0.684 0.64 0.6859999999999999 0.6859999999999999 0.64 0.6859999999999999 0.67 0.6859999999999999 0.6859999999999999 0.6859999999999999 0.45 0.6859999999999999 0.66 0.687 52
0.6859999999999999 0.684 0.6859999999999999 0.63 0.62 0.67 0.6859999999999999 0.684 0.65 0.6859999999999999 0.688 0.67 0.6859999999999999 0.6859999999999999 0.6859999999999999 0.6859999999999999 0.6859999999999999 0.688 0.6859999999999999 0.6859999999999999 0.6859999999999999 0.6859999999999999 0.66 0.54 0.6859999999999999 0.6859999999999999 0.98 0.12 0.72 0.6859999999999999 0.6859999999999999 0.6859999999999999 0.6859999999999999 0.6859999999999999 0.6859999999999999 0.66 53
0.6859999999999999 0.684 0.67 0.6829999999999999 0.6859999999999999 0.55 0.684 0.6809999999999999 0.684 0.6859999999999999 0.687 0.72 0.684 0.684 0.684 0.6859999999999999 0.684 0.92 0.6829999999999999 0.684 0.6859999999999999 0.93 0.15 0.58 0.6859999999999999 0.6859999999999999 0.65 0.13 0.6859999999999999 0.684 0.6859999999999999 0.6859999999999999 0.6859999999999999 0.6859999999999999 0.11 0.6859999999999999 54
0.6859999999999999 0.6829999999999999 0.6859999999999999 0.6859999999999999 0.6859999999999999 0.6859999999999999 0.6859999999999999 0.6859999999999999 0.6859999999999999 0.21 0.688 0.6859999999999999 0.684 0.6859999999999999 0.684 0.6859999999999999 0.6859999999999999 0.64 0.6859999999999999 0.6859999999999999 0.6859999999999999 0.6859999999999999 0.65 0.64 0.6859999999999999 0.6859999999999999 0.6859999999999999 0.22 0.66 0.6859999999999999 0.6859999999999999 0.6859999999999999 0.684 0.6859999999999999 0.66 0.26 55
0.6859999999999999 0.6859999999999999 0.6859999999999999 0.6859999999999999 0.684 0.6859999999999999 0.6859999999999999 0.684 0.6859999999999999 0.6859999999999999 0.6859999999999999 0.687 0.684 0.6859999999999999 0.684 0.6859999999999999 0.6859999999999999 0.684 0.6859999999999999 0.6829999999999999 0.6859999999999999 0.6859999999999999 0.6859999999999999 0.64 0.6859999999999999 0.6859999999999999 0.6859999999999999 0.6859999999999999 0.51 0.6859999999999999 0.6859999999999999 0.684 0.6859999999999999 0.6859999999999999 0.684 0.6859999999999999 56
0.6859999999999999 0.64 0.6859999999999999 0.6859999999999999 0.6859999999999999 0.6859999999999999 0.684 0.684 0.6859999999999999 0.64 0.64 0.93 0.64 0.6859999999999999 0.6859999999999999 0.6859999999999999 0.6859999999999999 0.92 0.6859999999999999 0.6859999999999999 0.6829999999999999 0.6859999999999999 0.684 0.55 0.6859999999999999 0.36 0.682 0.684 0.6859999999999999 0.6859999999999999 0.6859999999999999 0.6859999999999999 0.6859999999999999 0.6859999999999999 0.56 0.6859999999999999 57
0.6859999999999999 0.6859999999999999 0.684 0.15 0.54 0.687 0.6859999999999999 0.682 0.6859999999999999 0.682 0.684 0.22 0.6859999999999999 0.688 0.6859999999999999 0.6859999999999999 0.6859999999999999 0.65 0.6859999999999999 0.684 0.684 0.6859999999999999 0.684 0.31 0.6859999999999999 0.61 0.63 0.38 0.96 0.6859999999999999 0.6859999999999999 0.96 0.6829999999999999 0.6859999999999999 0.96 0.93 58
0.6859999999999999 0.6829999999999999 0.685 0.58 0.67 0.51 0.685 0.6829999999999999 0.6859999999999999 0.8 0.6859999999999999 0.93 0.684 0.65 0.684 0.6859999999999999 0.684 0.72 0.48 0.54 0.6829999999999999 0.6859999999999999 0.65 0.8 0.6809999999999999 0.684 0.6859999999999999 0.57 0.65 0.6859999999999999 0.6859999999999999 0.6829999999999999 0.6829999999999999 0.6859999999999999 0.6859999999999999 0.6859999999999999 59
0.6859999999999999 0.684 0.6829999999999999 0.6859999999999999 0.6859999999999999 0.66 0.6859999999999999 0.62 0.684 0.36 0.6829999999999999 0.76 0.6859999999999999 0.684 0.684 0.6859999999999999 0.6859999999999999 0.96 0.6859999999999999 0.6859999999999999 0.6859999999999999 0.6859999999999999 0.6829999999999999 0.91 0.6859999999999999 0.6859999999999999 0.6809999999999999 0.58 0.8 0.6859999999999999 0.6859999999999999 0.6859999999999999 0.684 0.6859999999999999 0.6829999999999999 0.22 60
0.6859999999999999 0.684 0.6859999999999999 0.6829999999999999 0.6859999999999999 0.65 0.6859999999999999 0.6859999999999999 0.684 0.6859999999999999 0.77 0.6859999999999999 0.684 0.684 0.6859999999999999 0.6859999999999999 0.684 0.76 0.6859999999999999 0.6859999999999999 0.6859999999999999 0.76 0.66 0.6859999999999999 0.6859999999999999 0.6859999999999999 0.6859999999999999 0.685 0.6859999999999999 0.6809999999999999 0.6859999999999999 0.43 0.6859999999999999 0.6859999999999999 0.6859999999999999 0.67 61
0.6859999999999999 0.6859999999999999 0.684 0.6859999999999999 0.6859999999999999 0.6859999999999999 0.6859999999999999 0.6859999999999999 0.6859999999999999 0.6859999999999999 0.6859999999999999 0.685 0.6859999999999999 0.6859999999999999 0.6859999999999999 0.6859999999999999 0.6859999999999999 0.6859999999999999 0.6859999999999999 0.6859999999999999 0.6859999999999999 0.6859999999999999 0.6859999999999999 0.6859999999999999 0.6859999999999999 0.6859999999999999 0.6859999999999999 0.6859999999999999 0.15 0.6859999999999999 0.6859999999999999 0.6859999999999999 0.6859999999999999 0.6859999999999999 0.6859999999999999 0.6859999999999999 62
0.6859999999999999 0.685 0.36 0.6859999999999999 0.67 0.48 0.6859999999999999 0.36 0.6829999999999999 0.6859999999999999 0.61 0.63 0.6859999999999999 0.64 0.63 0.6859999999999999 0.63 0.63 0.6859999999999999 0.63 0.55 0.6859999999999999 0.91 0.54 0.6859999999999999 0.6859999999999999 0.67 0.57 0.6829999999999999 0.6859999999999999 0.6859999999999999 0.6859999999999999 0.682 0.6859999999999999 0.54 0.66 63
0.6859999999999999 0.6859999999999999 0.6859999999999999 0.6859999999999999 0.684 0.62 0.6859999999999999 0.6859999999999999 0.682 0.684 0.684 0.6859999999999999 0.6859999999999999 0.684 0.6859999999999999 0.6859999999999999 0.6859999999999999 0.6809999999999999 0.6859999999999999 0.6859999999999999 0.6859999999999999 0.6859999999999999 0.47 0.6859999999999999 0.6859999999999999 0.6859999999999999 0.64 0.63 0.67 0.6859999999999999 0.6859999999999999 0.63 0.63 0.6859999999999999 0.36 0.6859999999999999 64
0.687 0.684 0.6829999999999999 0.63 0.36 0.57 0.6859999999999999 0.67 0.684 0.6859999999999999 0.6859999999999999 0.6859999999999999 0.6859999999999999 0.6859999999999999 0.6859999999999999 0.6859999999999999 0.6859999999999999 0.6859999999999999 0.6859999999999999 0.6859999999999999 0.6859999999999999 0.6859999999999999 0.67 0.66 0.6859999999999999 0.6859999999999999 0.98 0.67 0.685 0.6859999999999999 0.38 0.6859999999999999 0.685 0.6859999999999999 0.61 0.6859999999999999 65
0.6859999999999999 0.684 0.682 0.6859999999999999 0.6829999999999999 0.6859999999999999 0.6829999999999999 0.684 0.684 0.684 0.684 0.6859999999999999 0.684 0.682 0.684 0.6859999999999999 0.6859999999999999 0.6859999999999999 0.6829999999999999 0.6829999999999999 0.6859999999999999 0.682 0.682 0.6859999999999999 0.63 0.6859999999999999 0.684 0.6829999999999999 0.6859999999999999 0.6859999999999999 0.6859999999999999 0.6829999999999999 0.684 0.6859999999999999 0.684 0.6859999999999999 66
0.6859999999999999 0.6859999999999999 0.6829999999999999 0.682 0.39 0.36 0.684 0.6809999999999999 0.6859999999999999 0.6859999999999999 0.684 0.62 0.684 0.6859999999999999 0.6829999999999999 0.6859999999999999 0.6859999999999999 0.54 0.6859999999999999 0.6809999999999999 0.6859999999999999 0.6859999999999999 0.13 0.67 0.684 0.63 0.6859999999999999 0.46 0.6859999999999999 0.6859999999999999 0.6859999999999999 0.6859999999999999 0.6859999999999999 0.6859999999999999 0.41 0.6859999999999999 67
0.6859999999999999 0.6859999999999999 0.682 0.6859999999999999 0.6859999999999999 0.6859999999999999 0.6859999999999999 0.6859999999999999 0.6859999999999999 0.6859999999999999 0.6859999999999999 0.76 0.6859999999999999 0.6859999999999999 0.6859999999999999 0.6859999999999999 0.6859999999999999 0.64 0.95 0.67 0.52 0.6859999999999999 0.6859999999999999 0.96 0.6859999999999999 0.6859999999999999 0.6859999999999999 0.6859999999999999 0.6859999999999999 0.6859999999999999 0.6859999999999999 0.6859999999999999 0.6859999999999999 0.6859999999999999 0.6859999999999999 0.67 68
0.6859999999999999 0.6859999999999999 0.63 0.6859999999999999 0.684 0.684 0.6859999999999999 0.6829999999999999 0.6859999999999999 0.6859999999999999 0.67 0.65 0.6859999999999999 0.6859999999999999 0.6859999999999999 0.6859999999999999 0.93 0.95 0.6859999999999999 0.65 0.6859999999999999 0.6859999999999999 0.57 0.67 0.6859999999999999 0.63 0.6859999999999999 0.67 0.95 0.6859999999999999 0.6859999999999999 0.63 0.62 0.6859999999999999 0.54 0.685 69
0.6859999999999999 0.684 0.6859999999999999 0.684 0.6859999999999999 0.6859999999999999 0.684 0.6859999999999999 0.6859999999999999 0.6859999999999999 0.6859999999999999 0.93 0.6859999999999999 0.684 0.6859999999999999 0.6859999999999999 0.6859999999999999 0.65 0.6859999999999999 0.6859999999999999 0.47 0.685 0.6859999999999999 0.6859999999999999 0.6859999999999999 0.6859999999999999 0.6859999999999999 0.6859999999999999 0.95 0.6859999999999999 0.6859999999999999 0.6859999999999999 0.6859999999999999 0.6829999999999999 0.6859999999999999 0.6859999999999999 70
0.6859999999999999 0.684 0.684 0.6859999999999999 0.36 0.23 0.6859999999999999 0.684 0.684 0.6829999999999999 0.684 0.687 0.6859999999999999 0.6859999999999999 0.6859999999999999 0.6859999999999999 0.6829999999999999 0.38 0.6859999999999999 0.53 0.6859999999999999 0.6859999999999999 0.6859999999999999 0.6859999999999999 0.6859999999999999 0.6859999999999999 0.6859999999999999 0.6859999999999999 0.6859999999999999 0.6859999999999999 0.6859999999999999 0.6859999999999999 0.6859999999999999 0.6859999999999999 0.6859999999999999 0.6859999999999999 71
0.6859999999999999 0.684 0.684 0.684 0.6859999999999999 0.6829999999999999 0.6859999999999999 0.684 0.63 0.684 0.684 0.6859999999999999 0.684 0.6829999999999999 0.6859999999999999 0.684 0.6859999999999999 0.6859999999999999 0.684 0.6859999999999999 0.6859999999999999 0.22 0.6859999999999999 0.64 0.684 0.6809999999999999 0.6859999999999999 0.6859999999999999 0.63 0.6829999999999999 0.6859999999999999 0.6859999999999999 0.684 0.684 0.6859999999999999 0.6859999999999999 72
0.6859999999999999 0.687 0.61 0.684 0.6859999999999999 0.15 0.6859999999999999 0.61 0.6859999999999999 0.6859999999999999 0.684 0.64 0.6859999999999999 0.6859999999999999 0.6859999999999999 0.6859999999999999 0.6859999999999999 0.64 0.685 0.6859999999999999 0.6859999999999999 0.67 0.6859999999999999 0.6859999999999999 0.6859999999999999 0.6859999999999999 0.6859999999999999 0.6859999999999999 0.687 0.6859999999999999 0.6859999999999999 0.6859999999999999 0.6859999999999999 0.6859999999999999 0.6859999999999999 0.6859999999999999 73
0.6859999999999999 0.6859999999999999 0.63 0.38 0.6859999999999999 0.46 0.6859999999999999 0.684 0.6859999999999999 0.6859999999999999 0.6859999999999999 0.39 0.6859999999999999 0.6859999999999999 0.6859999999999999 0.6859999999999999 0.6859999999999999 0.93 0.6859999999999999 0.687 0.6859999999999999 0.6859999999999999 0.6859999999999999 0.95 0.6859999999999999 0.6859999999999999 0.6859999999999999 0.6829999999999999 0.96 0.6859999999999999 0.6859999999999999 0.6859999999999999 0.6859999999999999 0.6859999999999999 0.59 0.6859999999999999 74
0.6859999999999999 0.6829999999999999 0.63 0.682 0.63 0.684 0.64 0.6859999999999999 0.684 0.63 0.6859999999999999 0.684 0.64 0.684 0.6859999999999999 0.63 0.6859999999999999 0.6859999999999999 0.64 0.64 0.6859999999999999 0.684 0.6859999999999999 0.6859999999999999 0.6859999999999999 0.6859999999999999 0.63 0.6859999999999999 0.64 0.6859999999999999 0.6859999999999999 0.684 0.6859999999999999 0.6859999999999999 0.6859999999999999 0.6859999999999999 75
0.6859999999999999 0.6809999999999999 0.684 0.684 0.43 0.32 0.684 0.96 0.93 0.6829999999999999 0.6859999999999999 0.65 0.684 0.684 0.6859999999999999 0.6859999999999999 0.6859999999999999 0.96 0.6809999999999999 0.6859999999999999 0.6859999999999999 0.6859999999999999 0.6859999999999999 0.6859999999999999 0.6859999999999999 0.682 0.66 0.6859999999999999 0.6859999999999999 0.6859999999999999 0.6859999999999999 0.6859999999999999 0.6829999999999999 0.6859999999999999 0.6859999999999999 0.6859999999999999 76
0.6859999999999999 0.6829999999999999 0.684 0.684 0.67 0.66 0.684 0.6859999999999999 0.684 0.6829999999999999 0.684 0.682 0.6859999999999999 0.6859999999999999 0.684 0.6829999999999999 0.6859999999999999 0.63 0.6859999999999999 0.6809999999999999 0.6859999999999999 0.6829999999999999 0.684 0.97 0.684 0.6859999999999999 0.684 0.6829999999999999 0.51 0.6859999999999999 0.6859999999999999 0.6859999999999999 0.63 0.6859999999999999 0.6829999999999999 0.48 77
0.6859999999999999 0.6859999999999999 0.684 0.6859999999999999 0.6859999999999999 0.54 0.6829999999999999 0.6859999999999999 0.6859999999999999 0.6859999999999999 0.6859999999999999 0.55 0.6859999999999999 0.6859999999999999 0.6859999999999999 0.6859999999999999 0.6829999999999999 0.6859999999999999 0.6859999999999999 0.6859999999999999 0.6859999999999999 0.6859999999999999 0.57 0.6859999999999999 0.6859999999999999 0.6859999999999999 0.6859999999999999 0.682 0.58 0.6859999999999999 0.6859999999999999 0.6859999999999999 0.6859999999999999 0.6859999999999999 0.43 0.6859999999999999 78
0.6859999999999999 0.6859999999999999 0.684 0.684 0.57 0.57 0.684 0.688 0.684 0.682 0.64 0.53 0.6829999999999999 0.6859999999999999 0.63 0.6859999999999999 0.35 0.66 0.6859999999999999 0.51 0.6859999999999999 0.684 0.62 0.53 0.6859999999999999 0.6859999999999999 0.95 0.48 0.55 0.6829999999999999 0.6859999999999999 0.54 0.6859999999999999 0.6859999999999999 0.48 0.58 79
0.6859999999999999 0.6859999999999999 0.6859999999999999 0.6809999999999999 0.6859999999999999 0.55 0.39 0.6859999999999999 0.6859999999999999 0.6829999999999999 0.6829999999999999 0.66 0.6829999999999999 0.6859999999999999 0.684 0.6829999999999999 0.6859999999999999 0.62 0.6859999999999999 0.6829999999999999 0.684 0.6859999999999999 0.47 0.46 0.685 0.6859999999999999 0.6859999999999999 0.64 0.51 0.6859999999999999 0.6859999999999999 0.6859999999999999 0.6859999999999999 0.6859999999999999 0.15 0.51 80
0.6859999999999999 0.684 0.62 0.63 0.63 0.38 0.6859999999999999 0.6859999999999999 0.62 0.6859999999999999 0.67 0.6859999999999999 0.6859999999999999 0.6859999999999999 0.6859999999999999 0.6859999999999999 0.6859999999999999 0.6859999999999999 0.6859999999999999 0.6859999999999999 0.6859999999999999 0.6859999999999999 0.65 0.6859999999999999 0.6859999999999999 0.6859999999999999 0.6859999999999999 0.57 0.6859999999999999 0.6859999999999999 0.6859999999999999 0.6859999999999999 0.6859999999999999 0.6859999999999999 0.6859999999999999 0.6859999999999999 81
0.6859999999999999 0.684 0.684 0.6859999999999999 0.63 0.36 0.684 0.36 0.38 0.682 0.684 0.74 0.684 0.684 0.6859999999999999 0.6859999999999999 0.61 0.6859999999999999 0.684 0.684 0.6859999999999999 0.684 0.94 0.6859999999999999 0.6859999999999999 0.6809999999999999 0.39 0.21 0.6859999999999999 0.6859999999999999 0.6859999999999999 0.6859999999999999 0.6859999999999999 0.6859999999999999 0.32 0.6859999999999999 82
0.685 0.6859999999999999 0.54 0.685 0.6859999999999999 0.57 0.6859999999999999 0.6859999999999999 0.6859999999999999 0.684 0.6859999999999999 0.6859999999999999 0.6859999999999999 0.6859999999999999 0.6859999999999999 0.6859999999999999 0.6859999999999999 0.6859999999999999 0.6859999999999999 0.6859999999999999 0.6859999999999999 0.6859999999999999 0.687 0.55 0.6859999999999999 0.6859999999999999 0.6859999999999999 0.46 0.687 0.6859999999999999 0.6859999999999999 0.55 0.6859999999999999 0.66 0.46 0.6859999999999999 83
0.6859999999999999 0.64 0.6859999999999999 0.682 0.54 0.47 0.6859999999999999 0.684 0.6859999999999999 0.6859999999999999 0.64 0.72 0.6859999999999999 0.63 0.6809999999999999 0.6859999999999999 0.6859999999999999 0.65 0.6859999999999999 0.51 0.67 0.67 0.66 0.54 0.6859999999999999 0.63 0.62 0.48 0.97 0.6859999999999999 0.6859999999999999 0.6859999999999999 0.6859999999999999 0.6859999999999999 0.48 0.52 84
0.6859999999999999 0.6859999999999999 0.684 0.684 0.682 0.6859999999999999 0.6859999999999999 0.6859999999999999 0.6859999999999999 0.63 0.684 0.64 0.6859999999999999 0.6859999999999999 0.684 0.682 0.684 0.95 0.6859999999999999 0.6859999999999999 0.6859999999999999 0.38 0.684 0.64 0.6859999999999999 0.6859999999999999 0.6859999999999999 0.6859999999999999 0.6859999999999999 0.6859999999999999 0.6859999999999999 0.6859999999999999 0.6859999999999999 0.6859999999999999 0.6859999999999999 0.6859999999999999 85
0.6859999999999999 0.63 0.6809999999999999 0.31 0.6859999999999999 0.6859999999999999 0.6859999999999999 0.6859999999999999 0.684 0.6859999999999999 0.684 0.6809999999999999 0.684 0.684 0.6829999999999999 0.6859999999999999 0.63 0.6809999999999999 0.36 0.62 0.6829999999999999 0.6809999999999999 0.62 0.6859999999999999 0.6859999999999999 0.67 0.6859999999999999 0.66 0.67 0.6859999999999999 0.66 0.6859999999999999 0.682 0.6859999999999999 0.58 0.64 86
0.6859999999999999 0.684 0.684 0.6859999999999999 0.684 0.67 0.6859999999999999 0.6859999999999999 0.684 0.6859999999999999 0.63 0.66 0.6859999999999999 0.6859999999999999 0.6859999999999999 0.6859999999999999 0.6859999999999999 0.6829999999999999 0.6859999999999999 0.6859999999999999 0.6859999999999999 0.6859999999999999 0.45 0.14 0.6859999999999999 0.6859999999999999 0.6859999999999999 0.6859999999999999 0.13 0.6859999999999999 0.6859999999999999 0.6859999999999999 0.6859999999999999 0.6859999999999999 0.6829999999999999 0.15 87
0.6859999999999999 0.6859999999999999 0.6859999999999999 0.684 0.684 0.6859999999999999 0.684 0.6859999999999999 0.6859999999999999 0.6859999999999999 0.6809999999999999 0.6859999999999999 0.684 0.6859999999999999 0.6859999999999999 0.6859999999999999 0.6859999999999999 0.6859999999999999 0.6859999999999999 0.684 0.6859999999999999 0.6859999999999999 0.6859999999999999 0.6859999999999999 0.6859999999999999 0.682 0.6859999999999999 0.6859999999999999 0.6859999999999999 0.62 0.6859999999999999 0.63 0.6829999999999999 0.6859999999999999 0.6859999999999999 0.687 88
0.6859999999999999 0.6829999999999999 0.684 0.6859999999999999 0.6859999999999999 0.6859999999999999 0.6859999999999999 0.6859999999999999 0.6859999999999999 0.6859999999999999 0.6859999999999999 0.684 0.6859999999999999 0.6859999999999999 0.6859999999999999 0.6859999999999999 0.6859999999999999 0.6859999999999999 0.6859999999999999 0.682 0.6859999999999999 0.6859999999999999 0.687 0.6859999999999999 0.682 0.6859999999999999 0.6859999999999999 0.67 0.6859999999999999 0.6859999999999999 0.6859999999999999 0.6829999999999999 0.6859999999999999 0.6859999999999999 0.6859999999999999 0.6859999999999999 89
0.6859999999999999 0.684 0.6859999999999999 0.6809999999999999 0.36 0.687 0.6829999999999999 0.6859999999999999 0.684 0.684 0.47 0.685 0.684 0.6859999999999999 0.62 0.6859999999999999 0.6829999999999999 0.6859999999999999 0.6859999999999999 0.6859999999999999 0.6859999999999999 0.682 0.15 0.54 0.6859999999999999 0.6859999999999999 0.684 0.6859999999999999 0.48 0.6859999999999999 0.6859999999999999 0.67 0.6859999999999999 0.6859999999999999 0.48 0.57 90
0.6859999999999999 0.682 0.684 0.6809999999999999 0.684 0.6859999999999999 0.684 0.682 0.64 0.684 0.684 0.6859999999999999 0.684 0.6859999999999999 0.684 0.6859999999999999 0.64 0.64 0.6859999999999999 0.6859999999999999 0.62 0.6859999999999999 0.684 0.66 0.6859999999999999 0.6859999999999999 0.6859999999999999 0.8 0.6859999999999999 0.6859999999999999 0.6859999999999999 0.682 0.6859999999999999 0.6859999999999999 0.63 0.36 91
0.6859999999999999 0.6859999999999999 0.63 0.6859999999999999 0.6859999999999999 0.6859999999999999 0.6859999999999999 0.6859999999999999 0.6859999999999999 0.6859999999999999 0.6859999999999999 0.8 0.6859999999999999 0.6859999999999999 0.6859999999999999 0.6859999999999999 0.6859999999999999 0.96 0.6859999999999999 0.6859999999999999 0.6859999999999999 0.6859999999999999 0.55 0.67 0.6859999999999999 0.6859999999999999 0.684 0.6859999999999999 0.62 0.6859999999999999 0.6859999999999999 0.684 0.684 0.682 0.32 0.63 92
0.6859999999999999 0.15 0.66 0.76 0.63 0.46 0.6829999999999999 0.65 0.6859999999999999 0.6809999999999999 0.66 0.16 0.22 0.684 0.684 0.6859999999999999 0.6859999999999999 0.95 0.6859999999999999 0.58 0.684 0.6859999999999999 0.6859999999999999 0.42 0.6859999999999999 0.6859999999999999 0.6859999999999999 0.6829999999999999 0.12 0.6859999999999999 0.6859999999999999 0.6859999999999999 0.6859999999999999 0.6859999999999999 0.6859999999999999 0.55 93
0.6859999999999999 0.6829999999999999 0.684 0.684 0.62 0.6859999999999999 0.6859999999999999 0.6859999999999999 0.6859999999999999 0.6859999999999999 0.63 0.43 0.6859999999999999 0.6859999999999999 0.6859999999999999 0.6859999999999999 0.62 0.6859999999999999 0.6859999999999999 0.6859999999999999 0.6859999999999999 0.6859999999999999 0.12 0.46 0.6859999999999999 0.6859999999999999 0.6859999999999999 0.11 0.46 0.6859999999999999 0.6859999999999999 0.6859999999999999 0.6859999999999999 0.6859999999999999 0.14 0.6859999999999999 94
0.6859999999999999 0.6859999999999999 0.6859999999999999 0.58 0.685 0.687 0.6859999999999999 0.45 0.6829999999999999 0.6859999999999999 0.6859999999999999 0.65 0.6859999999999999 0.6859999999999999 0.6859999999999999 0.6859999999999999 0.688 0.64 0.6859999999999999 0.6859999999999999 0.6859999999999999 0.6859999999999999 0.45 0.687 0.687 0.684 0.6859999999999999 0.15 0.6859999999999999 0.6859999999999999 0.6859999999999999 0.6859999999999999 0.685 0.6859999999999999 0.76 0.688 95
0.6859999999999999 0.684 0.684 0.6859999999999999 0.55 0.66 0.684 0.6859999999999999 0.6829999999999999 0.6829999999999999 0.6859999999999999 0.48 0.6859999999999999 0.684 0.6829999999999999 0.6859999999999999 0.684 0.6859999999999999 0.63 0.6859999999999999 0.6829999999999999 0.684 0.6859999999999999 0.55 0.6859999999999999 0.6829999999999999 0.6859999999999999 0.6859999999999999 0.47 0.6859999999999999 0.6859999999999999 0.6859999999999999 0.6859999999999999 0.6859999999999999 0.6859999999999999 0.47 96
0.6859999999999999 0.6809999999999999 0.684 0.6859999999999999 0.6859999999999999 0.6859999999999999 0.684 0.684 0.6859999999999999 0.6859999999999999 0.684 0.6859999999999999 0.6829999999999999 0.36 0.6859999999999999 0.37 0.6859999999999999 0.6859999999999999 0.6859999999999999 0.6809999999999999 0.6859999999999999 0.6829999999999999 0.6859999999999999 0.66 0.685 0.63 0.6859999999999999 0.684 0.6859999999999999 0.6859999999999999 0.6859999999999999 0.56 0.23 0.6859999999999999 0.6859999999999999 0.6859999999999999 97
0.6859999999999999 0.6809999999999999 0.6809999999999999 0.6859999999999999 0.687 0.33 0.6809999999999999 0.6859999999999999 0.6809999999999999 0.61 0.6809999999999999 0.12 0.6809999999999999 0.63 0.6829999999999999 0.6859999999999999 0.684 0.63 0.6859999999999999 0.6809999999999999 0.6859999999999999 0.6859999999999999 0.684 0.46 0.6859999999999999 0.684 0.6859999999999999 0.6859999999999999 0.14 0.6829999999999999 0.63 0.684 0.685 0.6859999999999999 0.6829999999999999 0.13 98
0.6859999999999999 0.684 0.63 0.684 0.6859999999999999 0.13 0.682 0.6859999999999999 0.6859999999999999 0.6859999999999999 0.6829999999999999 0.75 0.6859999999999999 0.6859999999999999 0.6859999999999999 0.6859999999999999 0.684 0.688 0.6859999999999999 0.6859999999999999 0.6859999999999999 0.36 0.6859999999999999 0.15 0.6859999999999999 0.6859999999999999 0.6859999999999999 0.58 0.97 0.6859999999999999 0.6859999999999999 0.6859999999999999 0.6859999999999999 0.6859999999999999 0.685 0.48 99
0.6859999999999999 0.6829999999999999 0.684 0.684 0.685 0.6859999999999999 0.684 0.684 0.6859999999999999 0.6859999999999999 0.684 0.6859999999999999 0.6859999999999999 0.6859999999999999 0.684 0.6859999999999999 0.684 0.684 0.6859999999999999 0.6859999999999999 0.6859999999999999 0.6859999999999999 0.6859999999999999 0.6859999999999999 0.6859999999999999 0.684 0.6859999999999999 0.66 0.6859999999999999 0.6859999999999999 0.58 0.682 0.682 0.6859999999999999 0.66 0.6859999999999999 100
0.6859999999999999 0.6859999999999999 0.684 0.682 0.687 0.66 0.6859999999999999 0.6829999999999999 0.94 0.6859999999999999 0.6829999999999999 0.684 0.6859999999999999 0.684 0.6859999999999999 0.6859999999999999 0.6859999999999999 0.6859999999999999 0.6859999999999999 0.6859999999999999 0.6859999999999999 0.6859999999999999 0.66 0.67 0.6859999999999999 0.6859999999999999 0.6829999999999999 0.685 0.6859999999999999 0.6859999999999999 0.6859999999999999 0.6829999999999999 0.6859999999999999 0.6859999999999999 0.14 0.77 101
0.6859999999999999 0.6859999999999999 0.63 0.62 0.6859999999999999 0.45 0.684 0.6859999999999999 0.6859999999999999 0.6859999999999999 0.38 0.37 0.6859999999999999 0.6859999999999999 0.6859999999999999 0.6859999999999999 0.6859999999999999 0.36 0.6859999999999999 0.6859999999999999 0.15 0.6859999999999999 0.6859999999999999 0.49 0.6859999999999999 0.6859999999999999 0.6859999999999999 0.6859999999999999 0.49 0.6859999999999999 0.6859999999999999 0.6859999999999999 0.6859999999999999 0.6859999999999999 0.684 0.14 102
0.6859999999999999 0.6859999999999999 0.63 0.63 0.45 0.63 0.684 0.6859999999999999 0.6859999999999999 0.6859999999999999 0.6859999999999999 0.92 0.6859999999999999 0.6859999999999999 0.6859999999999999 0.6859999999999999 0.6859999999999999 0.65 0.6859999999999999 0.57 0.6859999999999999 0.6859999999999999 0.65 0.6809999999999999 0.6859999999999999 0.6829999999999999 0.6859999999999999 0.51 0.58 0.6859999999999999 0.6859999999999999 0.61 0.6859999999999999 0.6859999999999999 0.6859999999999999 0.51 103
0.6859999999999999 0.6859999999999999 0.6859999999999999 0.6859999999999999 0.64 0.66 0.6859999999999999 0.6859999999999999 0.6859999999999999 0.6859999999999999 0.6859999999999999 0.15 0.6859999999999999 0.6859999999999999 0.6859999999999999 0.6859999999999999 0.684 0.65 0.6859999999999999 0.6859999999999999 0.6859999999999999 0.6859999999999999 0.6859999999999999 0.15 0.6859999999999999 0.6859999999999999 0.6859999999999999 0.6859999999999999 0.46 0.6859999999999999 0.6859999999999999 0.6859999999999999 0.6859999999999999 0.6859999999999999 0.43 0.48 104
0.6859999999999999 0.6859999999999999 0.6859999999999999 0.6859999999999999 0.63 0.6829999999999999 0.6859999999999999 0.6859999999999999 0.6859999999999999 0.6859999999999999 0.6859999999999999 0.6859999999999999 0.6859999999999999 0.6859999999999999 0.6859999999999999 0.6859999999999999 0.6859999999999999 0.64 0.6859999999999999 0.6859999999999999 0.6859999999999999 0.6859999999999999 0.6859999999999999 0.6859999999999999 0.6859999999999999 0.6859999999999999 0.6859999999999999 0.687 0.67 0.6859999999999999 0.6859999999999999 0.6859999999999999 0.6859999999999999 0.6859999999999999 0.67 0.51 105
0.6859999999999999 0.6859999999999999 0.6859999999999999 0.6859999999999999 0.61 0.6859999999999999 0.6859999999999999 0.684 0.6859999999999999 0.6859999999999999 0.6859999999999999 0.65 0.6859999999999999 0.6859999999999999 0.6859999999999999 0.67 0.6859999999999999 0.6809999999999999 0.6859999999999999 0.6859999999999999 0.6859999999999999 0.6859999999999999 0.58 0.687 0.6859999999999999 0.6859999999999999 0.6859999999999999 0.6859999999999999 0.66 0.6859999999999999 0.6859999999999999 0.6859999999999999 0.6859999999999999 0.6859999999999999 0.6859999999999999 0.6859999999999999 106
0.6859999999999999 0.684 0.684 0.6829999999999999 0.684 0.682 0.6859999999999999 0.6859999999999999 0.6859999999999999 0.6859999999999999 0.6859999999999999 0.51 0.684 0.684 0.684 0.6859999999999999 0.6859999999999999 0.6859999999999999 0.6859999999999999 0.6859999999999999 0.6859999999999999 0.6859999999999999 0.684 0.6859999999999999 0.6829999999999999 0.6859999999999999 0.6859999999999999 0.6859999999999999 0.47 0.35 0.6859999999999999 0.6859999999999999 0.6859999999999999 0.6859999999999999 0.6859999999999999 0.6859999999999999 107
0.6859999999999999 0.6859999999999999 0.6859999999999999 0.6859999999999999 0.6859999999999999 0.65 0.6859999999999999 0.6859999999999999 0.6859999999999999 0.6859999999999999 0.6859999999999999 0.65 0.6859999999999999 0.6859999999999999 0.6859999999999999 0.6859999999999999 0.6859999999999999 0.6859999999999999 0.6859999999999999 0.6859999999999999 0.6859999999999999 0.6859999999999999 0.6859999999999999 0.77 0.6859999999999999 0.6859999999999999 0.6859999999999999 0.6859999999999999 0.66 0.6859999999999999 0.6859999999999999 0.6859999999999999 0.6859999999999999 0.6859999999999999 0.6859999999999999 0.75 108
0.6859999999999999 0.63 0.61 0.6859999999999999 0.38 0.685 0.6859999999999999 0.6859999999999999 0.6859999999999999 0.6859999999999999 0.6859999999999999 0.66 0.6859999999999999 0.6859999999999999 0.6859999999999999 0.62 0.684 0.6859999999999999 0.6859999999999999 0.6859999999999999 0.6859999999999999 0.6859999999999999 0.13 0.66 0.6859999999999999 0.6859999999999999 0.6859999999999999 0.685 0.55 0.6859999999999999 0.6859999999999999 0.6859999999999999 0.6859999999999999 0.6859999999999999 0.687 0.6859999999999999 109
0.6859999999999999 0.684 0.6859999999999999 0.62 0.682 0.63 0.6859999999999999 0.6859999999999999 0.6859999999999999 0.684 0.55 0.25 0.63 0.682 0.64 0.6859999999999999 0.6859999999999999 0.15 0.65 0.6859999999999999 0.688 0.65 0.6859999999999999 0.72 0.6859999999999999 0.6859999999999999 0.6859999999999999 0.58 0.685 0.6859999999999999 0.6859999999999999 0.76 0.6859999999999999 0.6859999999999999 0.6859999999999999 0.15 110
0.684 0.684 0.6859999999999999 0.684 0.6859999999999999 0.58 0.6859999999999999 0.6859999999999999 0.63 0.6859999999999999 0.6859999999999999 0.687 0.684 0.684 0.6859999999999999 0.6859999999999999 0.6859999999999999 0.48 0.6859999999999999 0.6859999999999999 0.6859999999999999 0.6859999999999999 0.6859999999999999 0.6859999999999999 0.6859999999999999 0.6859999999999999 0.6859999999999999 0.6859999999999999 0.6859999999999999 0.6859999999999999 0.6859999999999999 0.6859999999999999 0.6859999999999999 0.6859999999999999 0.6859999999999999 0.23 111
0.6859999999999999 0.682 0.65 0.6859999999999999 0.6829999999999999 0.35 0.684 0.6859999999999999 0.64 0.682 0.93 0.33 0.6859999999999999 0.96 0.65 0.684 0.684 0.6859999999999999 0.684 0.95 0.65 0.95 0.93 0.61 0.6859999999999999 0.6859999999999999 0.62 0.95 0.66 0.6859999999999999 0.6859999999999999 0.95 0.6859999999999999 0.65 0.6859999999999999 0.62 112
0.6859999999999999 0.63 0.6829999999999999 0.39 0.682 0.6859999999999999 0.6859999999999999 0.6859999999999999 0.6809999999999999 0.6859999999999999 0.15 0.64 0.62 0.6809999999999999 0.6859999999999999 0.6859999999999999 0.6859999999999999 0.77 0.6859999999999999 0.77 0.6859999999999999 0.685 0.6859999999999999 0.6859999999999999 0.67 0.6859999999999999 0.63 0.67 0.6859999999999999 0.682 0.6859999999999999 0.6859999999999999 0.6859999999999999 0.6859999999999999 0.6859999999999999 0.6859999999999999 113
0.6859999999999999 0.684 0.6859999999999999 0.93 0.6859999999999999 0.6829999999999999 0.6859999999999999 0.6859999999999999 0.64 0.6859999999999999 0.6829999999999999 0.77 0.6859999999999999 0.6859999999999999 0.6859999999999999 0.6859999999999999 0.6859999999999999 0.6859999999999999 0.6859999999999999 0.6859999999999999 0.6859999999999999 0.57 0.6859999999999999 0.6829999999999999 0.6859999999999999 0.682 0.682 0.95 0.6859999999999999 0.63 0.6859999999999999 0.6859999999999999 0.6829999999999999 0.685 0.6809999999999999 0.67 114
0.6859999999999999 0.684 0.6859999999999999 0.684 0.6859999999999999 0.684 0.6859999999999999 0.6809999999999999 0.95 0.6859999999999999 0.684 0.61 0.6859999999999999 0.6809999999999999 0.6859999999999999 0.6859999999999999 0.6829999999999999 0.36 0.6859999999999999 0.6859999999999999 0.6859999999999999 0.6859999999999999 0.57 0.6859999999999999 0.684 0.6859999999999999 0.6859999999999999 0.6859999999999999 0.6859999999999999 0.684 0.6859999999999999 0.684 0.6859999999999999 0.6859999999999999 0.6859999999999999 0.6859999999999999 115
0.6859999999999999 0.6859999999999999 0.684 0.684 0.684 0.63 0.6859999999999999 0.6859999999999999 0.6859999999999999 0.6859999999999999 0.6859999999999999 0.66 0.6859999999999999 0.6859999999999999 0.6859999999999999 0.6859999999999999 0.6859999999999999 0.682 0.6859999999999999 0.6859999999999999 0.6859999999999999 0.63 0.54 0.6859999999999999 0.6859999999999999 0.63 0.6859999999999999 0.6859999999999999 0.66 0.6859999999999999 0.6859999999999999 0.6859999999999999 0.6859999999999999 0.6859999999999999 0.39 0.6859999999999999 116
0.6859999999999999 0.6859999999999999 0.684 0.63 0.62 0.36 0.684 0.62 0.684 0.684 0.6859999999999999 0.63 0.6859999999999999 0.6829999999999999 0.6809999999999999 0.684 0.6859999999999999 0.64 0.6859999999999999 0.684 0.6859999999999999 0.54 0.55 0.6859999999999999 0.6859999999999999 0.684 0.67 0.6829999999999999 0.684 0.684 0.6859999999999999 0.51 0.684 0.6829999999999999 0.66 0.6859999999999999 117
0.6859999999999999 0.685 0.6829999999999999 0.6859999999999999 0.684 0.6859999999999999 0.682 0.6859999999999999 0.6829999999999999 0.6859999999999999 0.6829999999999999 0.6859999999999999 0.684 0.6859999999999999 0.684 0.6859999999999999 0.6859999999999999 0.6859999999999999 0.6859999999999999 0.6859999999999999 0.67 0.62 0.6859999999999999 0.6859999999999999 0.6829999999999999 0.6809999999999999 0.6859999999999999 0.63 0.6859999999999999 0.63 0.6859999999999999 0.63 0.6829999999999999 0.6859999999999999 0.6859999999999999 0.6859999999999999 118
0.6859999999999999 0.684 0.64 0.64 0.36 0.684 0.684 0.6859999999999999 0.684 0.6829999999999999 0.688 0.6809999999999999 0.6859999999999999 0.6859999999999999 0.6859999999999999 0.62 0.37 0.6859999999999999 0.682 0.51 0.57 0.6859999999999999 0.685 0.54 0.684 0.6859999999999999 0.6859999999999999 0.6859999999999999 0.67 0.6859999999999999 0.6859999999999999 0.6829999999999999 0.6859999999999999 0.63 0.14 0.6859999999999999 119
0.6859999999999999 0.6859999999999999 0.6829999999999999 0.684 0.63 0.54 0.6829999999999999 0.6859999999999999 0.67 0.682 0.57 0.91 0.6859999999999999 0.6829999999999999 0.96 0.684 0.21 0.95 0.6859999999999999 0.57 0.6859999999999999 0.6809999999999999 0.64 0.6859999999999999 0.13 0.6859999999999999 0.6859999999999999 0.45 0.67 0.6859999999999999 0.6859999999999999 0.6859999999999999 0.6859999999999999 0.6859999999999999 0.684 0.47 120
0.6859999999999999 0.6859999999999999 0.6809999999999999 0.6859999999999999 0.6859999999999999 0.97 0.6809999999999999 0.67 0.6859999999999999 0.6859999999999999 0.6859999999999999 0.76 0.6859999999999999 0.6859999999999999 0.6859999999999999 0.6859999999999999 0.39 0.96 0.6859999999999999 0.96 0.6859999999999999 0.687 0.22 0.6859999999999999 0.6859999999999999 0.6859999999999999 0.6859999999999999 0.95 0.67 0.6859999999999999 0.6859999999999999 0.6859999999999999 0.6859999999999999 0.6859999999999999 0.92 0.66 121
0.6859999999999999 0.6859999999999999 0.67 0.6859999999999999 0.67 0.97 0.6859999999999999 0.64 0.6859999999999999 0.6859999999999999 0.6859999999999999 0.65 0.682 0.684 0.64 0.6829999999999999 0.6829999999999999 0.6809999999999999 0.684 0.6859999999999999 0.6859999999999999 0.6859999999999999 0.45 0.43 0.6859999999999999 0.46 0.15 0.66 0.67 0.6859999999999999 0.6859999999999999 0.6859999999999999 0.6859999999999999 0.6859999999999999 0.684 0.13 122
0.6859999999999999 0.6859999999999999 0.6829999999999999 0.62 0.684 0.6859999999999999 0.684 0.684 0.6829999999999999 0.6859999999999999 0.61 0.35 0.6859999999999999 0.684 0.6829999999999999 0.684 0.6859999999999999 0.23 0.6859999999999999 0.6859999999999999 0.6859999999999999 0.66 0.6859999999999999 0.36 0.6859999999999999 0.6859999999999999 0.6859999999999999 0.57 0.6859999999999999 0.6859999999999999 0.6859999999999999 0.63 0.6829999999999999 0.6859999999999999 0.6859999999999999 0.37 123
0.6859999999999999 0.6829999999999999 0.6859999999999999 0.6859999999999999 0.684 0.6859999999999999 0.63 0.684 0.51 0.62 0.63 0.6859999999999999 0.6809999999999999 0.6829999999999999 0.6809999999999999 0.6809999999999999 0.6859999999999999 0.37 0.6859999999999999 0.64 0.6859999999999999 0.684 0.6859999999999999 0.6859999999999999 0.63 0.6859999999999999 0.6859999999999999 0.6829999999999999 0.64 0.6859999999999999 0.6859999999999999 0.684 0.6859999999999999 0.6829999999999999 0.47 0.6859999999999999 124
0.6859999999999999 0.6829999999999999 0.684 0.6829999999999999 0.6809999999999999 0.682 0.684 0.684 0.684 0.684 0.684 0.67 0.684 0.6809999999999999 0.6809999999999999 0.63 0.66 0.6859999999999999 0.6859999999999999 0.6829999999999999 0.6859999999999999 0.6809999999999999 0.6829999999999999 0.6859999999999999 0.684 0.684 0.6859999999999999 0.95 0.6859999999999999 0.6859999999999999 0.6859999999999999 0.684 0.6859999999999999 0.6859999999999999 0.6859999999999999 0.685 125
