$TYPE inputvec
$XDIM 137
$YDIM 1
$VECDIM 18

0.234 0.234 0.234 0.234 0.234 0.234 0.234 0.234 0.234 0.234 0.234 0.141 0.234 0.234 0.234 0.234 0.234 0.234 0
0.234 0.234 0.234 0.234 0.234 0.234 0.234 0.234 0.234 0.234 0.234 0.232 0.234 0.234 0.234 0.234 0.234 0.231 1
0.234 0.234 0.234 0.232 0.232 0.234 0.234 0.234 0.232 0.234 0.232 0.234 0.234 0.234 0.234 0.234 0.222 0.234 2
0.234 0.232 0.234 0.234 0.234 0.234 0.234 0.234 0.234 0.234 0.234 0.234 0.234 0.232 0.234 0.234 0.234 0.234 3
0.234 0.234 0.234 0.231 0.234 0.13 0.234 0.234 0.234 0.234 0.234 0.13 0.234 0.234 0.234 0.234 0.234 0.13 4
0.234 0.234 0.234 0.234 0.234 0.234 0.234 0.234 0.234 0.232 0.244 0.14400000000000002 0.234 0.234 0.234 0.234 0.234 0.241 5
0.234 0.234 0.232 0.234 0.11 0.234 0.234 0.234 0.11 0.232 0.234 0.11 0.234 0.234 0.233 0.234 0.234 0.223 6
0.234 0.234 0.234 0.234 0.234 0.234 0.234 0.234 0.234 0.234 0.234 0.233 0.234 0.234 0.234 0.234 0.234 0.234 7
0.234 0.234 0.242 0.243 0.233 0.242 0.234 0.141 0.232 0.234 0.234 0.11 0.234 0.234 0.234 0.234 0.224 0.233 8
0.234 0.234 0.234 0.234 0.234 0.211 0.234 0.232 0.234 0.234 0.234 0.241 0.234 0.234 0.234 0.234 0.234 0.31 9
0.234 0.234 0.234 0.234 0.234 0.234 0.234 0.234 0.234 0.232 0.234 0.234 0.234 0.234 0.234 0.234 0.234 0.232 10
0.234 0.234 0.234 0.234 0.234 0.233 0.234 0.234 0.234 0.234 0.234 0.11 0.234 0.234 0.234 0.234 0.234 0.32 11
0.234 0.234 0.234 0.234 0.234 0.142 0.244 0.243 0.234 0.234 0.234 0.13 0.234 0.234 0.234 0.234 0.234 0.234 12
0.234 0.234 0.234 0.234 0.234 0.33 0.234 0.234 0.234 0.234 0.234 0.11 0.234 0.234 0.234 0.234 0.234 0.234 13
0.234 0.234 0.234 0.242 0.242 0.234 0.234 0.234 0.234 0.234 0.234 0.234 0.234 0.234 0.234 0.234 0.233 0.233 14
0.234 0.234 0.234 0.234 0.234 0.244 0.234 0.234 0.234 0.234 0.234 0.141 0.234 0.234 0.234 0.234 0.234 0.213 15
0.234 0.234 0.234 0.234 0.232 0.234 0.234 0.234 0.232 0.213 0.232 0.41 0.234 0.234 0.234 0.234 0.234 0.233 16
0.234 0.232 0.233 0.231 0.234 0.234 0.234 0.234 0.13 0.212 0.243 0.212 0.234 0.234 0.242 0.234 0.234 0.234 17
0.234 0.231 0.234 0.234 0.234 0.41 0.234 0.234 0.234 0.232 0.234 0.43 0.234 0.234 0.234 0.234 0.234 0.41 18
0.234 0.234 0.234 0.213 0.234 0.212 0.234 0.234 0.234 0.234 0.213 0.43 0.234 0.213 0.234 0.234 0.212 0.211 19
0.234 0.234 0.233 0.232 0.231 0.233 0.234 0.232 0.234 0.234 0.212 0.34 0.43 0.232 0.213 0.234 0.234 0.13 20
0.234 0.234 0.213 0.232 0.231 0.234 0.234 0.232 0.234 0.234 0.214 0.233 0.234 0.234 0.234 0.234 0.41 0.243 21
0.234 0.234 0.232 0.234 0.234 0.244 0.232 0.234 0.234 0.232 0.231 0.44 0.234 0.234 0.234 0.234 0.234 0.11 22
0.234 0.234 0.234 0.232 0.234 0.223 0.232 0.211 0.224 0.231 0.234 0.231 0.234 0.234 0.232 0.234 0.234 0.224 23
0.234 0.234 0.234 0.234 0.232 0.14400000000000002 0.234 0.234 0.231 0.234 0.232 0.233 0.234 0.234 0.222 0.234 0.234 0.234 24
0.234 0.234 0.234 0.234 0.212 0.231 0.234 0.232 0.234 0.231 0.213 0.234 0.232 0.232 0.231 0.234 0.234 0.213 25
0.234 0.234 0.234 0.242 0.234 0.224 0.234 0.234 0.233 0.234 0.234 0.234 0.234 0.234 0.234 0.234 0.234 0.234 26
0.234 0.234 0.213 0.234 0.234 0.232 0.234 0.234 0.234 0.234 0.13 0.232 0.234 0.234 0.234 0.223 0.234 0.223 27
0.234 0.232 0.234 0.234 0.234 0.13 0.234 0.234 0.244 0.232 0.234 0.243 0.213 0.234 0.234 0.234 0.234 0.11 28
0.234 0.234 0.234 0.234 0.231 0.243 0.234 0.234 0.234 0.234 0.233 0.242 0.234 0.234 0.234 0.234 0.234 0.233 29
0.234 0.234 0.234 0.234 0.232 0.141 0.234 0.234 0.234 0.234 0.231 0.234 0.223 0.232 0.231 0.234 0.234 0.142 30
0.234 0.234 0.234 0.232 0.234 0.234 0.234 0.234 0.234 0.234 0.233 0.34 0.234 0.234 0.234 0.234 0.234 0.32 31
0.234 0.234 0.13 0.11 0.234 0.233 0.13 0.234 0.233 0.234 0.234 0.13 0.234 0.234 0.234 0.234 0.234 0.234 32
0.234 0.234 0.231 0.234 0.234 0.13 0.234 0.234 0.232 0.234 0.234 0.244 0.234 0.234 0.234 0.234 0.232 0.234 33
0.234 0.212 0.234 0.234 0.232 0.222 0.232 0.234 0.232 0.234 0.233 0.214 0.234 0.232 0.241 0.234 0.232 0.34 34
0.234 0.234 0.234 0.231 0.234 0.234 0.234 0.232 0.234 0.234 0.234 0.234 0.234 0.234 0.212 0.234 0.234 0.234 35
0.234 0.234 0.234 0.234 0.234 0.243 0.234 0.234 0.234 0.234 0.234 0.12 0.234 0.234 0.234 0.234 0.234 0.234 36
0.234 0.234 0.234 0.212 0.231 0.233 0.234 0.231 0.234 0.234 0.34 0.11 0.234 0.43 0.234 0.44 0.234 0.43 37
0.234 0.234 0.232 0.234 0.234 0.242 0.234 0.234 0.234 0.224 0.232 0.12 0.234 0.234 0.234 0.234 0.232 0.234 38
0.234 0.232 0.234 0.234 0.234 0.43 0.212 0.234 0.234 0.234 0.234 0.234 0.234 0.234 0.234 0.234 0.234 0.234 39
0.234 0.234 0.234 0.234 0.43 0.13 0.234 0.234 0.234 0.234 0.234 0.231 0.234 0.234 0.234 0.234 0.234 0.234 40
0.234 0.231 0.231 0.234 0.234 0.223 0.211 0.244 0.242 0.234 0.244 0.32 0.242 0.234 0.234 0.234 0.213 0.234 41
0.234 0.234 0.234 0.234 0.32 0.141 0.234 0.234 0.234 0.234 0.234 0.244 0.234 0.234 0.234 0.234 0.234 0.234 42
0.234 0.234 0.224 0.234 0.43 0.222 0.234 0.231 0.234 0.234 0.234 0.11 0.234 0.232 0.234 0.234 0.234 0.32 43
0.234 0.234 0.234 0.223 0.234 0.13 0.233 0.234 0.234 0.234 0.233 0.242 0.234 0.234 0.234 0.234 0.234 0.233 44
0.234 0.234 0.213 0.211 0.233 0.211 0.234 0.234 0.234 0.234 0.234 0.12 0.234 0.232 0.234 0.234 0.234 0.141 45
0.234 0.234 0.234 0.234 0.234 0.14400000000000002 0.234 0.234 0.234 0.213 0.234 0.234 0.234 0.234 0.234 0.234 0.234 0.234 46
0.234 0.234 0.234 0.231 0.234 0.43 0.232 0.234 0.234 0.234 0.11 0.141 0.234 0.234 0.212 0.234 0.234 0.242 47
0.234 0.234 0.234 0.234 0.242 0.31 0.234 0.234 0.13 0.234 0.243 0.234 0.234 0.234 0.234 0.234 0.232 0.141 48
0.234 0.234 0.234 0.234 0.234 0.234 0.234 0.234 0.13 0.234 0.234 0.11 0.234 0.234 0.234 0.234 0.234 0.243 49
0.234 0.234 0.234 0.234 0.234 0.34 0.234 0.11 0.234 0.234 0.33 0.13 0.234 0.234 0.234 0.234 0.243 0.232 50
0.234 0.234 0.234 0.234 0.234 0.234 0.234 0.234 0.234 0.234 0.234 0.234 0.234 0.234 0.11 0.234 0.234 0.11 51
0.234 0.231 0.211 0.234 0.221 0.234 0.234 0.234 0.234 0.234 0.234 0.234 0.234 0.234 0.234 0.234 0.234 0.224 52
0.234 0.234 0.41 0.223 0.221 0.11 0.234 0.234 0.233 0.234 0.222 0.12 0.234 0.234 0.212 0.44 0.233 0.43 53
0.234 0.234 0.234 0.234 0.232 0.224 0.234 0.234 0.234 0.234 0.11 0.213 0.234 0.234 0.234 0.234 0.234 0.234 54
0.234 0.232 0.234 0.234 0.234 0.234 0.234 0.234 0.234 0.234 0.234 0.14400000000000002 0.234 0.234 0.234 0.234 0.234 0.233 55
0.234 0.234 0.234 0.234 0.234 0.13 0.234 0.234 0.234 0.234 0.234 0.14300000000000002 0.234 0.234 0.234 0.234 0.234 0.14400000000000002 56
0.234 0.234 0.234 0.234 0.11 0.141 0.222 0.42 0.244 0.234 0.34 0.234 0.234 0.232 0.244 0.234 0.231 0.234 57
0.234 0.234 0.244 0.231 0.11 0.223 0.234 0.234 0.234 0.234 0.141 0.13 0.234 0.234 0.234 0.234 0.234 0.234 58
0.234 0.234 0.222 0.234 0.234 0.233 0.234 0.234 0.233 0.234 0.234 0.244 0.234 0.234 0.234 0.234 0.234 0.244 59
0.234 0.234 0.234 0.231 0.213 0.233 0.234 0.234 0.242 0.234 0.234 0.233 0.234 0.234 0.234 0.234 0.234 0.234 60
0.234 0.234 0.233 0.232 0.234 0.11 0.234 0.232 0.234 0.234 0.232 0.32 0.234 0.234 0.234 0.234 0.234 0.13 61
0.234 0.234 0.234 0.234 0.234 0.234 0.234 0.234 0.234 0.43 0.234 0.234 0.234 0.234 0.234 0.234 0.234 0.234 62
0.234 0.234 0.234 0.234 0.234 0.234 0.234 0.234 0.234 0.234 0.234 0.234 0.234 0.234 0.234 0.234 0.234 0.234 63
0.234 0.231 0.234 0.234 0.234 0.234 0.234 0.234 0.234 0.231 0.232 0.11 0.232 0.234 0.234 0.234 0.234 0.141 64
0.234 0.234 0.234 0.34 0.243 0.234 0.234 0.232 0.234 0.232 0.234 0.44 0.234 0.234 0.234 0.234 0.234 0.242 65
0.234 0.232 0.234 0.13 0.233 0.244 0.234 0.234 0.234 0.41 0.234 0.11 0.234 0.242 0.234 0.234 0.234 0.32 66
0.234 0.234 0.234 0.234 0.234 0.214 0.234 0.212 0.234 0.213 0.234 0.141 0.234 0.234 0.234 0.234 0.234 0.11 67
0.234 0.234 0.234 0.232 0.234 0.242 0.234 0.234 0.234 0.234 0.34 0.234 0.234 0.234 0.234 0.234 0.234 0.141 68
0.234 0.234 0.234 0.234 0.234 0.234 0.234 0.234 0.234 0.234 0.234 0.234 0.234 0.234 0.234 0.234 0.234 0.234 69
0.234 0.234 0.211 0.234 0.233 0.141 0.234 0.211 0.234 0.234 0.213 0.231 0.234 0.212 0.231 0.234 0.212 0.212 70
0.234 0.234 0.234 0.234 0.234 0.213 0.234 0.234 0.232 0.234 0.234 0.234 0.234 0.234 0.234 0.234 0.234 0.232 71
0.234 0.234 0.234 0.212 0.211 0.13 0.234 0.233 0.234 0.234 0.234 0.234 0.234 0.234 0.234 0.234 0.234 0.234 72
0.234 0.234 0.232 0.234 0.232 0.234 0.234 0.234 0.234 0.234 0.234 0.234 0.234 0.232 0.234 0.234 0.234 0.234 73
0.234 0.234 0.232 0.232 0.224 0.223 0.234 0.234 0.234 0.234 0.234 0.212 0.232 0.234 0.232 0.234 0.234 0.11 74
0.234 0.234 0.232 0.234 0.234 0.234 0.234 0.234 0.234 0.234 0.234 0.142 0.234 0.234 0.234 0.234 0.234 0.233 75
0.234 0.234 0.212 0.234 0.234 0.234 0.234 0.234 0.234 0.234 0.233 0.242 0.234 0.234 0.234 0.234 0.13 0.244 76
0.234 0.234 0.234 0.234 0.234 0.234 0.234 0.234 0.234 0.234 0.234 0.11 0.234 0.234 0.234 0.234 0.234 0.233 77
0.234 0.234 0.234 0.234 0.211 0.41 0.234 0.234 0.234 0.232 0.234 0.234 0.234 0.234 0.234 0.234 0.234 0.222 78
0.234 0.234 0.234 0.234 0.234 0.232 0.234 0.234 0.231 0.234 0.234 0.234 0.234 0.232 0.234 0.234 0.234 0.234 79
0.234 0.234 0.224 0.234 0.234 0.34 0.234 0.213 0.234 0.234 0.234 0.233 0.234 0.234 0.234 0.234 0.234 0.233 80
0.234 0.234 0.212 0.222 0.234 0.32 0.234 0.234 0.234 0.234 0.234 0.224 0.234 0.234 0.234 0.234 0.234 0.13 81
0.234 0.234 0.231 0.232 0.232 0.234 0.231 0.234 0.234 0.231 0.234 0.234 0.232 0.234 0.234 0.231 0.234 0.234 82
0.234 0.232 0.234 0.234 0.32 0.221 0.234 0.11 0.12 0.232 0.234 0.242 0.234 0.234 0.234 0.234 0.234 0.11 83
0.234 0.232 0.234 0.234 0.233 0.242 0.234 0.234 0.234 0.232 0.234 0.232 0.234 0.234 0.234 0.234 0.234 0.231 84
0.234 0.234 0.234 0.234 0.234 0.11 0.232 0.234 0.234 0.234 0.234 0.11 0.234 0.234 0.234 0.234 0.234 0.234 85
0.234 0.234 0.234 0.234 0.234 0.232 0.234 0.232 0.234 0.234 0.232 0.232 0.234 0.234 0.234 0.234 0.232 0.222 86
0.234 0.234 0.234 0.234 0.11 0.13 0.234 0.234 0.234 0.232 0.231 0.13 0.234 0.234 0.231 0.234 0.223 0.242 87
0.234 0.234 0.234 0.234 0.234 0.11 0.222 0.234 0.234 0.234 0.234 0.243 0.234 0.234 0.234 0.232 0.234 0.214 88
0.234 0.234 0.212 0.231 0.232 0.222 0.234 0.234 0.212 0.234 0.233 0.234 0.234 0.234 0.234 0.234 0.234 0.234 89
0.234 0.234 0.234 0.234 0.232 0.211 0.234 0.211 0.222 0.232 0.234 0.33 0.234 0.234 0.234 0.234 0.213 0.234 90
0.234 0.234 0.243 0.234 0.234 0.11 0.234 0.234 0.234 0.234 0.234 0.234 0.234 0.234 0.234 0.234 0.234 0.234 91
0.234 0.231 0.234 0.232 0.11 0.13 0.234 0.234 0.234 0.234 0.231 0.32 0.234 0.231 0.232 0.234 0.234 0.242 92
0.234 0.234 0.234 0.234 0.232 0.234 0.234 0.234 0.234 0.231 0.234 0.234 0.234 0.234 0.234 0.232 0.234 0.243 93
0.234 0.231 0.232 0.221 0.234 0.234 0.234 0.234 0.234 0.234 0.234 0.234 0.234 0.234 0.234 0.234 0.232 0.232 94
0.234 0.234 0.234 0.234 0.234 0.233 0.234 0.234 0.234 0.234 0.231 0.242 0.234 0.234 0.234 0.234 0.234 0.234 95
0.234 0.234 0.234 0.234 0.234 0.234 0.234 0.234 0.234 0.234 0.232 0.234 0.234 0.234 0.234 0.234 0.234 0.234 96
0.234 0.234 0.234 0.234 0.234 0.234 0.234 0.234 0.234 0.234 0.234 0.234 0.234 0.234 0.234 0.234 0.234 0.234 97
0.234 0.234 0.234 0.234 0.211 0.234 0.232 0.234 0.234 0.234 0.13 0.234 0.234 0.234 0.212 0.234 0.232 0.234 98
0.234 0.232 0.234 0.232 0.234 0.234 0.234 0.232 0.231 0.234 0.234 0.234 0.234 0.234 0.234 0.234 0.233 0.233 99
0.234 0.234 0.232 0.234 0.234 0.234 0.234 0.234 0.234 0.234 0.234 0.43 0.234 0.234 0.234 0.234 0.234 0.11 100
0.234 0.34 0.241 0.142 0.231 0.14400000000000002 0.232 0.244 0.234 0.232 0.242 0.31 0.44 0.234 0.234 0.234 0.234 0.243 101
0.234 0.234 0.234 0.234 0.213 0.234 0.234 0.234 0.234 0.234 0.231 0.32 0.234 0.234 0.234 0.234 0.212 0.234 102
0.234 0.234 0.234 0.13 0.234 0.234 0.234 0.142 0.234 0.234 0.234 0.242 0.234 0.234 0.234 0.234 0.234 0.233 103
0.234 0.234 0.234 0.234 0.11 0.241 0.234 0.234 0.234 0.234 0.234 0.141 0.234 0.234 0.234 0.234 0.234 0.234 104
0.234 0.232 0.234 0.234 0.234 0.234 0.234 0.234 0.234 0.234 0.234 0.234 0.232 0.211 0.234 0.43 0.234 0.234 105
0.234 0.232 0.232 0.234 0.234 0.12 0.234 0.234 0.232 0.223 0.232 0.31 0.232 0.232 0.232 0.234 0.234 0.231 106
0.234 0.234 0.212 0.234 0.234 0.34 0.232 0.234 0.234 0.234 0.234 0.34 0.234 0.234 0.234 0.234 0.234 0.234 107
0.234 0.234 0.234 0.234 0.234 0.234 0.234 0.234 0.234 0.234 0.234 0.234 0.234 0.234 0.234 0.234 0.234 0.234 108
0.234 0.234 0.234 0.232 0.234 0.242 0.234 0.232 0.12 0.234 0.234 0.234 0.234 0.234 0.234 0.234 0.234 0.234 109
0.234 0.234 0.212 0.213 0.234 0.142 0.234 0.234 0.234 0.234 0.222 0.43 0.234 0.234 0.234 0.234 0.234 0.211 110
0.234 0.234 0.212 0.231 0.141 0.212 0.234 0.234 0.234 0.234 0.234 0.13 0.234 0.234 0.234 0.234 0.234 0.242 111
0.234 0.234 0.234 0.234 0.212 0.242 0.234 0.234 0.234 0.234 0.234 0.34 0.234 0.234 0.234 0.234 0.234 0.242 112
0.234 0.234 0.234 0.234 0.232 0.234 0.234 0.234 0.234 0.234 0.234 0.213 0.234 0.234 0.234 0.234 0.234 0.234 113
0.234 0.234 0.234 0.234 0.232 0.234 0.234 0.234 0.234 0.234 0.234 0.234 0.234 0.234 0.234 0.234 0.234 0.233 114
0.234 0.234 0.234 0.234 0.223 0.234 0.234 0.234 0.234 0.234 0.234 0.214 0.234 0.234 0.234 0.233 0.234 0.234 115
0.234 0.234 0.234 0.232 0.234 0.232 0.234 0.234 0.234 0.234 0.234 0.243 0.234 0.234 0.234 0.234 0.234 0.234 116
0.234 0.234 0.234 0.234 0.234 0.233 0.234 0.234 0.234 0.234 0.234 0.244 0.234 0.234 0.234 0.234 0.234 0.234 117
0.234 0.212 0.213 0.234 0.222 0.234 0.234 0.234 0.234 0.234 0.234 0.244 0.234 0.234 0.234 0.212 0.234 0.234 118
0.234 0.234 0.234 0.213 0.232 0.232 0.234 0.234 0.234 0.234 0.11 0.42 0.212 0.232 0.233 0.234 0.234 0.34 119
0.234 0.234 0.234 0.234 0.234 0.13 0.234 0.234 0.212 0.234 0.234 0.234 0.232 0.234 0.234 0.234 0.234 0.13 120
0.234 0.232 0.242 0.234 0.234 0.223 0.234 0.234 0.233 0.232 0.11 0.221 0.234 0.11 0.244 0.234 0.234 0.234 121
0.234 0.232 0.234 0.224 0.232 0.234 0.234 0.234 0.232 0.234 0.34 0.233 0.213 0.232 0.234 0.234 0.234 0.34 122
0.234 0.234 0.234 0.13 0.234 0.234 0.234 0.234 0.212 0.234 0.234 0.34 0.234 0.234 0.234 0.234 0.234 0.234 123
0.234 0.234 0.234 0.234 0.234 0.234 0.234 0.234 0.232 0.234 0.234 0.234 0.234 0.234 0.234 0.234 0.234 0.234 124
0.234 0.234 0.234 0.234 0.234 0.234 0.234 0.234 0.244 0.234 0.234 0.223 0.234 0.234 0.234 0.234 0.234 0.211 125
0.234 0.234 0.234 0.234 0.234 0.231 0.234 0.234 0.234 0.234 0.234 0.241 0.234 0.234 0.234 0.234 0.234 0.232 126
0.234 0.234 0.234 0.232 0.213 0.211 0.234 0.213 0.234 0.234 0.234 0.231 0.234 0.234 0.234 0.234 0.234 0.212 127
0.234 0.234 0.232 0.234 0.234 0.234 0.232 0.234 0.232 0.234 0.234 0.234 0.234 0.234 0.234 0.234 0.234 0.234 128
0.234 0.234 0.231 0.231 0.211 0.234 0.234 0.234 0.234 0.232 0.234 0.234 0.234 0.234 0.234 0.213 0.43 0.234 129
0.234 0.234 0.234 0.234 0.232 0.11 0.232 0.234 0.233 0.232 0.11 0.142 0.234 0.234 0.11 0.234 0.43 0.243 130
0.234 0.234 0.232 0.234 0.234 0.11 0.232 0.233 0.234 0.234 0.234 0.14300000000000002 0.234 0.234 0.234 0.234 0.222 0.11 131
0.234 0.232 0.234 0.234 0.234 0.242 0.234 0.234 0.234 0.234 0.234 0.243 0.234 0.234 0.234 0.234 0.231 0.234 132
0.234 0.234 0.233 0.234 0.233 0.11 0.234 0.212 0.234 0.234 0.234 0.242 0.232 0.234 0.233 0.234 0.234 0.232 133
0.234 0.234 0.234 0.212 0.234 0.234 0.234 0.234 0.232 0.234 0.213 0.223 0.234 0.234 0.232 0.234 0.234 0.41 134
0.234 0.232 0.234 0.234 0.234 0.234 0.231 0.234 0.12 0.224 0.211 0.234 0.231 0.232 0.232 0.232 0.234 0.41 135
0.234 0.232 0.232 0.232 0.232 0.231 0.232 0.234 0.232 0.232 0.232 0.242 0.232 0.231 0.232 0.231 0.11 0.234 136
