$TYPE inputvec
$XDIM 2466
$YDIM 1
$VECDIM 2

0 0 0
0 156 1
0 198 2
0 208 3
0 176 4
68 478 5
0 192 6
0 92 7
0 184 8
0 166 9
0 168 10
1808 0 11
0 170 12
0 578 13
0 256 14
0 596 15
4616 0 16
0 0 17
0 0 18
0 126 19
0 0 20
0 0 21
0 78 22
0 0 23
0 750 24
0 0 25
6530 2748 26
0 3886 27
136 2520 28
0 0 29
0 406 30
0 238 31
0 234 32
0 286 33
0 0 34
0 14156 35
0 0 36
0 0 37
0 83 38
0 1231 39
0 55 40
0 0 41
0 39 42
0 0 43
0 122 44
0 0 45
0 1832 46
62 3834 47
0 0 48
0 43 49
0 115 50
0 0 51
0 0 52
0 14667 53
0 0 54
0 0 55
1055 0 56
0 0 57
806 0 58
5227 0 59
0 0 60
0 977 61
0 0 62
0 0 63
0 0 64
1963 36 65
0 286 66
0 56 67
737 0 68
0 94 69
0 91 70
0 378 71
0 0 72
0 329 73
0 0 74
0 0 75
0 0 76
1408 0 77
0 0 78
0 0 79
0 0 80
0 0 81
0 0 82
4328 0 83
0 0 84
0 73 85
0 64 86
0 0 87
0 548 88
0 0 89
0 0 90
0 0 91
0 174 92
0 0 93
0 0 94
6846 115 95
0 140 96
576 0 97
0 0 98
0 0 99
0 0 100
13304 4708 101
0 0 102
0 0 103
0 0 104
0 0 105
0 5091 106
4929 40 107
0 0 108
0 0 109
0 48 110
0 52 111
0 286 112
4593 0 113
0 105 114
0 0 115
945 36 116
0 187 117
6873 288 118
14162 1203 119
0 0 120
0 74 121
6327 163 122
0 52 123
0 10259 124
3623 879 125
0 0 126
0 43 127
0 846 128
48 572 129
0 2673 130
0 40 131
0 40 132
0 0 133
37 0 134
0 106 135
165 49 136
0 89 137
0 0 138
0 0 139
0 0 140
0 1585 141
0 8278 142
0 0 143
0 0 144
67 67 145
0 130 146
0 0 147
0 0 148
0 0 149
0 153 150
0 0 151
0 142 152
0 0 153
0 67 154
0 0 155
0 0 156
0 0 157
0 43 158
0 0 159
0 0 160
0 0 161
0 0 162
0 0 163
0 74 164
0 313 165
0 1547 166
0 2828 167
0 33 168
0 1649 169
0 39 170
0 31 171
0 0 172
0 422 173
0 0 174
0 55 175
0 0 176
0 34 177
0 63 178
0 1200 179
0 0 180
0 0 181
0 64 182
0 0 183
0 0 184
86 680 185
0 0 186
0 0 187
0 0 188
0 0 189
0 0 190
2676 517 191
0 0 192
0 0 193
0 0 194
0 0 195
0 0 196
0 153 197
0 0 198
0 0 199
0 0 200
0 0 201
0 0 202
0 32 203
0 0 204
0 48 205
2964 99 206
0 0 207
0 33 208
721 3067 209
0 0 210
0 0 211
0 0 212
0 0 213
0 43 214
0 2778 215
0 0 216
0 0 217
0 0 218
0 0 219
0 38 220
0 0 221
0 0 222
0 0 223
0 171 224
0 0 225
0 36 226
0 0 227
0 0 228
0 0 229
0 82 230
0 0 231
0 0 232
0 0 233
0 0 234
0 0 235
0 0 236
7951 0 237
0 0 238
0 49 239
0 0 240
0 0 241
0 1055 242
0 0 243
0 73 244
21225 0 245
0 0 246
0 0 247
0 0 248
0 0 249
0 0 250
0 0 251
0 0 252
0 281 253
0 81 254
0 4263 255
0 251 256
0 0 257
0 0 258
0 0 259
0 194 260
0 0 261
21800 138 262
727 0 263
0 1940 264
0 160 265
0 0 266
0 0 267
0 0 268
21601 0 269
0 0 270
0 232 271
1546 202 272
0 0 273
0 97 274
0 3262 275
36 35 276
0 0 277
761 0 278
0 199 279
6498 0 280
2481 2899 281
0 0 282
5908 60 283
2512 0 284
0 50 285
0 33 286
0 0 287
0 39 288
0 0 289
0 0 290
0 0 291
0 0 292
7940 0 293
0 0 294
0 0 295
0 993 296
0 0 297
0 0 298
225 34 299
0 140 300
0 0 301
0 0 302
0 0 303
0 0 304
10749 429 305
0 0 306
0 53 307
0 0 308
0 1656 309
0 246 310
0 345 311
0 0 312
0 0 313
0 0 314
0 41 315
5626 104 316
5767 32645 317
0 994 318
0 140 319
874 0 320
0 0 321
0 0 322
25625 0 323
0 0 324
0 1350 325
0 1889 326
0 0 327
0 5851 328
97 0 329
0 0 330
0 0 331
0 0 332
0 0 333
0 0 334
2998 213 335
0 0 336
0 0 337
0 0 338
0 1019 339
0 0 340
0 0 341
0 0 342
0 0 343
0 0 344
0 0 345
0 0 346
1193 0 347
0 0 348
0 0 349
0 0 350
0 0 351
0 0 352
2554 0 353
0 0 354
0 0 355
0 0 356
0 0 357
0 0 358
0 0 359
0 0 360
0 38 361
0 0 362
0 156 363
0 54 364
0 188 365
0 0 366
0 0 367
0 0 368
0 0 369
0 0 370
3424 0 371
0 36 372
0 71 373
0 0 374
0 0 375
0 0 376
0 0 377
0 0 378
0 0 379
0 0 380
0 0 381
0 3539 382
0 0 383
0 0 384
0 41 385
0 0 386
0 0 387
0 0 388
1237 955 389
0 0 390
0 0 391
0 0 392
1162 0 393
0 0 394
0 98 395
0 0 396
0 0 397
0 0 398
0 0 399
0 390 400
0 96 401
0 0 402
0 0 403
0 0 404
0 0 405
0 0 406
0 0 407
0 0 408
0 0 409
0 0 410
0 0 411
0 0 412
454 0 413
0 0 414
0 0 415
0 0 416
0 0 417
0 370 418
0 42 419
0 0 420
0 0 421
0 0 422
0 0 423
0 0 424
0 1583 425
0 0 426
0 0 427
0 0 428
0 0 429
0 0 430
0 0 431
0 0 432
0 0 433
0 0 434
0 0 435
0 1199 436
1574 757 437
0 0 438
0 0 439
0 0 440
0 0 441
0 0 442
20903 106 443
0 0 444
0 0 445
0 0 446
0 0 447
0 0 448
2144 357 449
0 0 450
0 0 451
31 982 452
0 629 453
12878 208 454
0 934 455
0 47 456
0 0 457
0 0 458
0 0 459
0 0 460
11063 84 461
0 0 462
0 60 463
0 0 464
0 0 465
0 0 466
1502 531 467
0 0 468
0 0 469
0 1323 470
0 1897 471
0 0 472
14185 723 473
0 55 474
0 0 475
0 0 476
0 0 477
0 6619 478
0 11195 479
0 0 480
0 0 481
0 0 482
0 0 483
0 0 484
0 2488 485
0 0 486
0 0 487
0 0 488
0 336 489
185 0 490
1487 513 491
0 0 492
0 153 493
4383 2962 494
0 0 495
0 48 496
0 0 497
0 0 498
0 0 499
63 0 500
0 0 501
0 0 502
0 0 503
0 0 504
0 67 505
0 51 506
0 0 507
144 39 508
0 0 509
0 0 510
0 0 511
0 0 512
0 0 513
0 0 514
0 0 515
0 0 516
0 0 517
0 33 518
0 0 519
0 0 520
0 0 521
0 0 522
0 0 523
115 1357 524
0 0 525
0 0 526
25587 0 527
0 154 528
0 0 529
0 0 530
0 0 531
0 0 532
26342 36 533
0 0 534
0 0 535
0 0 536
0 0 537
0 0 538
285 0 539
0 0 540
0 165 541
0 162 542
0 0 543
299 91 544
4630 4114 545
0 92 546
0 0 547
0 203 548
0 3434 549
0 117 550
37684 0 551
0 214 552
0 331 553
0 114 554
0 0 555
0 55 556
0 773 557
0 0 558
0 135 559
0 73 560
0 0 561
0 0 562
0 0 563
0 32 564
0 0 565
0 0 566
0 0 567
0 35 568
0 0 569
0 129 570
0 2617 571
0 0 572
0 7688 573
0 0 574
0 0 575
0 0 576
0 0 577
0 0 578
0 0 579
6162 206 580
2413 1878 581
0 51 582
0 0 583
0 72 584
0 73 585
0 0 586
11692 374 587
0 0 588
0 50 589
0 77 590
0 0 591
0 0 592
0 0 593
0 0 594
0 0 595
0 0 596
8128 0 597
148 0 598
376 0 599
0 0 600
13936 69 601
0 103 602
0 0 603
0 0 604
2085 0 605
0 0 606
0 0 607
0 0 608
0 0 609
124 0 610
723 45 611
0 0 612
0 81 613
0 40 614
0 65 615
0 1838 616
0 0 617
0 0 618
0 0 619
0 0 620
0 0 621
0 866 622
18354 0 623
0 0 624
0 0 625
0 0 626
0 0 627
0 1460 628
0 0 629
0 0 630
21601 0 631
2589 696 632
14732 143 633
374 487 634
15714 204 635
0 109 636
2765 80 637
0 0 638
0 129 639
1768 774 640
31980 0 641
0 21703 642
0 0 643
0 61 644
0 0 645
0 0 646
3910 0 647
0 0 648
0 0 649
0 384 650
0 0 651
0 0 652
0 0 653
0 0 654
0 0 655
0 0 656
0 0 657
0 0 658
980 9866 659
0 0 660
0 0 661
0 0 662
0 0 663
0 0 664
5194 0 665
0 0 666
0 141 667
0 62 668
0 176 669
0 62 670
0 0 671
0 0 672
0 218 673
0 506 674
0 50 675
0 56 676
0 0 677
0 40 678
0 0 679
0 0 680
0 0 681
719 0 682
879 0 683
0 0 684
0 0 685
0 0 686
0 74 687
0 2763 688
229 0 689
0 108 690
0 0 691
0 0 692
0 0 693
10926 0 694
136 0 695
0 0 696
0 0 697
0 1117 698
0 0 699
0 141 700
0 0 701
0 0 702
0 104 703
0 0 704
0 0 705
0 0 706
0 0 707
0 0 708
0 0 709
0 0 710
0 0 711
0 0 712
0 53 713
0 0 714
0 0 715
0 0 716
0 0 717
0 0 718
0 0 719
0 0 720
0 0 721
0 31 722
0 0 723
0 39 724
0 0 725
0 0 726
0 0 727
0 0 728
0 0 729
0 158 730
0 0 731
0 0 732
0 0 733
0 0 734
0 0 735
0 0 736
0 0 737
0 0 738
0 33 739
0 53 740
0 0 741
0 44 742
934 284 743
0 0 744
0 0 745
0 0 746
0 0 747
0 763 748
1479 32 749
0 0 750
0 0 751
0 0 752
0 0 753
0 0 754
0 46 755
0 0 756
0 567 757
0 140 758
3478 4774 759
0 0 760
39 0 761
0 0 762
0 0 763
0 33 764
0 0 765
0 0 766
0 53 767
0 0 768
0 0 769
0 81 770
0 0 771
0 379 772
0 136 773
0 0 774
0 0 775
0 0 776
0 0 777
0 198 778
0 0 779
0 0 780
0 0 781
0 0 782
0 621 783
0 0 784
230 0 785
0 0 786
0 0 787
0 44 788
0 211 789
0 31 790
4355 0 791
0 0 792
64 546 793
0 0 794
0 127 795
4457 68 796
10155 93 797
0 0 798
0 0 799
0 0 800
0 0 801
261 583 802
16972 0 803
0 0 804
0 642 805
0 126 806
0 0 807
0 0 808
2159 0 809
49 0 810
0 0 811
4218 0 812
146 0 813
0 0 814
7034 0 815
0 0 816
0 0 817
0 0 818
0 51 819
0 0 820
0 0 821
0 0 822
0 0 823
0 0 824
0 0 825
0 0 826
0 0 827
0 0 828
0 0 829
0 0 830
0 0 831
0 373 832
0 2709 833
0 0 834
0 2492 835
0 6271 836
0 220 837
0 45 838
43373 1804 839
0 59 840
0 0 841
0 0 842
0 0 843
0 1971 844
0 0 845
0 0 846
0 79 847
0 1381 848
0 515 849
0 355 850
0 6368 851
0 0 852
0 0 853
0 1372 854
0 0 855
867 0 856
0 0 857
0 0 858
0 0 859
0 0 860
0 0 861
0 0 862
0 0 863
0 0 864
0 0 865
0 0 866
0 79 867
0 0 868
6132 0 869
0 5060 870
0 0 871
0 0 872
0 72 873
0 0 874
3492 154 875
0 75 876
0 0 877
0 97 878
0 109 879
0 0 880
1165 1588 881
0 0 882
0 0 883
0 0 884
0 35 885
6688 471 886
7461 1472 887
0 0 888
269 0 889
0 0 890
0 283 891
0 869 892
11245 0 893
0 76 894
0 0 895
0 401 896
0 0 897
0 3729 898
1844 0 899
0 0 900
0 0 901
0 43 902
0 0 903
0 0 904
0 139 905
0 0 906
0 124 907
0 0 908
0 0 909
0 257 910
0 288 911
0 0 912
0 0 913
0 0 914
0 0 915
0 330 916
0 5380 917
0 0 918
0 0 919
0 32 920
0 0 921
0 0 922
4910 0 923
0 119 924
0 0 925
0 0 926
0 0 927
0 0 928
5867 0 929
0 0 930
0 0 931
0 0 932
0 0 933
0 93 934
0 0 935
0 0 936
0 123 937
0 0 938
0 48 939
549 63 940
1570 0 941
0 53 942
0 0 943
0 101 944
0 117 945
0 0 946
71 274 947
0 0 948
0 0 949
0 0 950
0 78 951
0 0 952
0 533 953
0 0 954
0 187 955
0 0 956
0 31 957
17999 115 958
3499 3774 959
0 64 960
4997 0 961
8139 2974 962
0 170 963
0 0 964
2026 0 965
0 0 966
0 0 967
0 0 968
0 0 969
0 0 970
5851 148 971
0 0 972
0 87 973
0 417 974
0 185 975
0 313 976
0 35 977
0 509 978
0 0 979
0 0 980
0 738 981
0 0 982
0 48 983
0 340 984
0 35 985
0 0 986
0 408 987
0 0 988
0 0 989
0 0 990
0 0 991
0 1074 992
0 5845 993
0 0 994
16298 553 995
0 0 996
0 53 997
0 0 998
0 0 999
0 0 1000
98 4489 1001
0 0 1002
0 0 1003
0 0 1004
0 0 1005
0 0 1006
7720 338 1007
0 0 1008
187 66 1009
0 3942 1010
0 33 1011
0 0 1012
22710 473 1013
0 0 1014
48 1488 1015
0 0 1016
0 0 1017
0 37 1018
455 0 1019
0 0 1020
0 0 1021
0 0 1022
0 0 1023
0 0 1024
1203 0 1025
0 0 1026
0 0 1027
0 39 1028
0 54 1029
0 0 1030
0 131 1031
0 0 1032
0 53 1033
0 700 1034
0 31 1035
0 45 1036
0 0 1037
0 34 1038
0 136 1039
0 0 1040
0 0 1041
0 0 1042
0 0 1043
0 0 1044
0 39 1045
0 0 1046
0 0 1047
0 2834 1048
0 13725 1049
0 0 1050
0 0 1051
0 0 1052
0 122 1053
0 0 1054
336 52 1055
0 0 1056
0 0 1057
0 0 1058
0 0 1059
0 80 1060
0 5740 1061
0 0 1062
0 0 1063
0 0 1064
0 0 1065
0 0 1066
0 0 1067
0 35 1068
0 0 1069
0 0 1070
0 0 1071
0 31 1072
6930 64 1073
0 0 1074
0 0 1075
0 0 1076
0 0 1077
0 0 1078
1191 0 1079
0 0 1080
0 0 1081
0 1028 1082
0 0 1083
0 44 1084
0 33 1085
0 0 1086
0 55 1087
0 0 1088
0 0 1089
649 0 1090
1481 0 1091
0 0 1092
0 0 1093
0 0 1094
0 0 1095
7903 0 1096
3270 0 1097
0 0 1098
0 0 1099
0 258 1100
0 0 1101
0 0 1102
0 0 1103
0 0 1104
0 0 1105
0 0 1106
0 0 1107
0 0 1108
14231 0 1109
0 0 1110
0 0 1111
0 0 1112
0 0 1113
0 0 1114
1036 0 1115
0 0 1116
0 0 1117
0 157 1118
0 198 1119
0 4377 1120
0 3292 1121
0 0 1122
0 99 1123
0 0 1124
0 0 1125
0 0 1126
0 1391 1127
0 123 1128
0 0 1129
0 118 1130
0 0 1131
0 0 1132
4814 642 1133
0 0 1134
0 42 1135
0 270 1136
0 0 1137
0 108 1138
0 0 1139
0 98 1140
0 41 1141
0 0 1142
0 32 1143
0 45 1144
0 0 1145
0 41 1146
0 208 1147
0 45 1148
0 0 1149
0 0 1150
0 0 1151
349 0 1152
0 52 1153
0 98 1154
0 1211 1155
0 2927 1156
7339 0 1157
0 0 1158
614 0 1159
0 0 1160
0 0 1161
0 0 1162
0 0 1163
0 0 1164
0 0 1165
0 0 1166
0 0 1167
0 0 1168
0 0 1169
0 0 1170
0 0 1171
0 0 1172
0 0 1173
48 0 1174
0 1912 1175
0 0 1176
0 0 1177
0 174 1178
0 0 1179
0 0 1180
0 35 1181
0 0 1182
0 0 1183
0 0 1184
0 0 1185
0 0 1186
0 140 1187
0 0 1188
123 0 1189
415 2559 1190
0 0 1191
1046 0 1192
12056 575 1193
0 0 1194
0 2715 1195
0 95 1196
0 0 1197
0 2019 1198
444 441 1199
0 0 1200
0 1078 1201
0 408 1202
0 0 1203
0 1450 1204
0 1363 1205
0 0 1206
0 0 1207
0 57 1208
0 0 1209
0 0 1210
0 0 1211
0 0 1212
0 0 1213
0 0 1214
0 0 1215
0 0 1216
46 0 1217
0 0 1218
0 0 1219
0 0 1220
0 0 1221
0 0 1222
0 0 1223
0 0 1224
0 0 1225
0 0 1226
48 106 1227
0 0 1228
1547 0 1229
0 0 1230
0 0 1231
0 33 1232
0 0 1233
21148 226 1234
0 0 1235
0 0 1236
0 0 1237
0 0 1238
0 0 1239
0 55 1240
12908 1176 1241
0 0 1242
0 0 1243
32 83 1244
0 65 1245
0 0 1246
1499 1741 1247
0 0 1248
0 1157 1249
0 58 1250
0 2158 1251
0 88 1252
13201 0 1253
0 0 1254
0 50 1255
0 0 1256
0 0 1257
0 0 1258
4598 42 1259
0 0 1260
0 122 1261
0 0 1262
7848 31 1263
778 32 1264
3118 0 1265
115 97 1266
0 86 1267
0 0 1268
0 12457 1269
0 0 1270
6544 37 1271
0 32 1272
1813 0 1273
0 0 1274
0 0 1275
0 61 1276
16332 0 1277
0 0 1278
0 0 1279
0 0 1280
21601 1489 1281
3853 132 1282
233 0 1283
0 0 1284
0 159 1285
0 0 1286
0 235 1287
0 0 1288
1216 21899 1289
0 0 1290
234 0 1291
0 0 1292
0 0 1293
0 0 1294
1398 157 1295
0 0 1296
0 418 1297
0 0 1298
0 0 1299
0 0 1300
0 0 1301
0 0 1302
0 74 1303
0 0 1304
0 482 1305
0 334 1306
6680 123 1307
0 374 1308
0 0 1309
0 0 1310
0 0 1311
0 0 1312
11356 0 1313
0 0 1314
0 0 1315
0 0 1316
0 0 1317
0 48 1318
0 0 1319
0 0 1320
0 33 1321
0 0 1322
0 0 1323
0 0 1324
186 0 1325
0 31 1326
0 0 1327
0 64 1328
0 0 1329
0 0 1330
0 0 1331
0 0 1332
0 59 1333
0 0 1334
0 0 1335
0 0 1336
0 0 1337
0 0 1338
0 0 1339
0 0 1340
0 11649 1341
202 0 1342
0 0 1343
0 64 1344
0 0 1345
0 33 1346
0 0 1347
0 0 1348
361 0 1349
0 0 1350
0 66 1351
478 0 1352
0 158 1353
0 0 1354
5261 807 1355
0 0 1356
0 189 1357
0 98 1358
0 0 1359
325 331 1360
17675 0 1361
0 46 1362
0 37 1363
0 0 1364
0 0 1365
0 0 1366
10011 0 1367
0 0 1368
0 0 1369
0 0 1370
480 889 1371
0 1753 1372
875 0 1373
0 0 1374
0 62 1375
1898 0 1376
0 0 1377
74 0 1378
802 0 1379
0 0 1380
0 0 1381
0 0 1382
0 0 1383
0 0 1384
153 0 1385
0 0 1386
0 0 1387
0 5256 1388
0 103 1389
151 52 1390
1014 0 1391
0 0 1392
0 0 1393
530 56 1394
0 0 1395
0 0 1396
2589 0 1397
0 0 1398
0 0 1399
0 0 1400
0 0 1401
0 0 1402
2217 0 1403
0 0 1404
0 0 1405
2957 80 1406
231 532 1407
4994 105 1408
0 3319 1409
0 0 1410
0 0 1411
0 0 1412
0 99 1413
12307 0 1414
8597 737 1415
0 34 1416
0 0 1417
0 0 1418
0 0 1419
0 0 1420
0 0 1421
0 0 1422
0 0 1423
0 0 1424
0 0 1425
4503 0 1426
12979 0 1427
0 5662 1428
2353 43311 1429
2875 319 1430
0 0 1431
21601 0 1432
0 0 1433
0 0 1434
0 217 1435
2286 293 1436
0 0 1437
0 897 1438
0 0 1439
0 0 1440
0 74 1441
0 0 1442
0 0 1443
0 0 1444
9163 455 1445
0 0 1446
0 0 1447
0 0 1448
0 0 1449
0 0 1450
14398 3506 1451
0 0 1452
0 0 1453
0 0 1454
0 0 1455
0 0 1456
15168 431 1457
0 0 1458
0 118 1459
0 0 1460
0 0 1461
0 0 1462
0 0 1463
0 0 1464
0 0 1465
0 0 1466
0 0 1467
0 0 1468
16022 0 1469
0 0 1470
0 0 1471
0 0 1472
0 0 1473
0 0 1474
1070 0 1475
0 0 1476
0 0 1477
0 0 1478
0 0 1479
0 127 1480
0 3966 1481
0 0 1482
0 0 1483
0 0 1484
0 0 1485
7250 0 1486
459 1887 1487
0 0 1488
0 0 1489
0 0 1490
0 0 1491
0 0 1492
178 0 1493
0 0 1494
0 0 1495
0 16221 1496
238 3594 1497
2378 4143 1498
4496 1175 1499
0 0 1500
0 47 1501
708 37 1502
0 0 1503
0 6080 1504
5686 5955 1505
0 31 1506
0 0 1507
0 956 1508
198 20086 1509
1185 0 1510
5206 6907 1511
0 0 1512
0 646 1513
0 2394 1514
0 0 1515
3276 5793 1516
0 0 1517
0 0 1518
0 0 1519
0 0 1520
0 0 1521
0 0 1522
0 60 1523
0 34 1524
0 0 1525
0 0 1526
0 0 1527
0 46 1528
0 4366 1529
0 0 1530
0 0 1531
0 60 1532
113 0 1533
0 0 1534
0 0 1535
0 0 1536
0 0 1537
0 0 1538
0 77 1539
0 0 1540
0 0 1541
0 0 1542
0 0 1543
4741 370 1544
0 0 1545
0 0 1546
5435 0 1547
0 0 1548
0 0 1549
0 0 1550
0 0 1551
340 0 1552
20657 0 1553
0 0 1554
5421 0 1555
0 0 1556
310 33 1557
43485 0 1558
9920 0 1559
0 0 1560
33 0 1561
0 0 1562
0 0 1563
3929 799 1564
40 286 1565
0 0 1566
85 33 1567
0 84 1568
0 0 1569
0 0 1570
351 0 1571
0 45 1572
0 0 1573
8349 250 1574
0 0 1575
0 0 1576
4534 61 1577
0 0 1578
0 0 1579
0 0 1580
0 65 1581
0 0 1582
3908 0 1583
0 0 1584
0 0 1585
32 32 1586
0 0 1587
1558 327 1588
30033 0 1589
0 0 1590
0 0 1591
8719 0 1592
0 0 1593
3491 499 1594
0 0 1595
0 0 1596
0 58 1597
0 0 1598
0 42 1599
0 150 1600
12201 75 1601
0 0 1602
0 42 1603
0 78 1604
0 484 1605
0 0 1606
1296 7635 1607
0 118 1608
0 0 1609
0 69 1610
0 31 1611
5819 645 1612
11955 0 1613
0 0 1614
0 0 1615
0 1322 1616
0 0 1617
0 55 1618
1571 0 1619
0 0 1620
0 0 1621
0 0 1622
0 0 1623
0 0 1624
15108 49 1625
0 0 1626
0 0 1627
0 0 1628
0 1674 1629
0 0 1630
0 57 1631
0 0 1632
0 0 1633
0 0 1634
0 0 1635
0 0 1636
0 0 1637
0 0 1638
0 0 1639
0 1727 1640
0 2429 1641
528 94 1642
183 2902 1643
0 0 1644
0 0 1645
0 0 1646
0 0 1647
0 46 1648
8246 3125 1649
0 33 1650
0 109 1651
0 0 1652
0 0 1653
0 0 1654
12868 77 1655
0 0 1656
0 0 1657
0 0 1658
0 3480 1659
82 73 1660
7480 1682 1661
834 93 1662
0 0 1663
45 0 1664
0 0 1665
1050 0 1666
1689 45 1667
0 0 1668
0 0 1669
0 0 1670
0 0 1671
0 0 1672
1280 0 1673
0 0 1674
0 0 1675
0 4593 1676
0 0 1677
0 8814 1678
76 5151 1679
0 0 1680
0 664 1681
47 0 1682
0 0 1683
0 0 1684
6054 0 1685
0 68 1686
0 115 1687
0 33 1688
0 0 1689
0 0 1690
16718 114 1691
0 0 1692
38 84 1693
0 0 1694
0 0 1695
16917 38 1696
12321 0 1697
0 0 1698
0 0 1699
0 0 1700
31 0 1701
0 0 1702
3223 0 1703
0 0 1704
0 0 1705
0 0 1706
0 55 1707
0 0 1708
36 0 1709
0 0 1710
0 907 1711
41 451 1712
0 0 1713
0 89 1714
1081 3428 1715
0 3081 1716
2325 0 1717
1585 0 1718
0 62 1719
2510 367 1720
16436 47 1721
1824 0 1722
0 47 1723
0 0 1724
0 0 1725
69 1643 1726
0 0 1727
0 0 1728
0 0 1729
0 0 1730
0 0 1731
0 7012 1732
7391 0 1733
0 0 1734
0 0 1735
0 0 1736
0 0 1737
0 0 1738
83 406 1739
0 0 1740
0 0 1741
0 0 1742
0 0 1743
0 0 1744
45 51 1745
0 0 1746
32 226 1747
0 0 1748
0 0 1749
0 0 1750
0 9262 1751
0 1446 1752
0 0 1753
0 0 1754
0 0 1755
0 0 1756
0 0 1757
0 0 1758
0 0 1759
0 0 1760
0 0 1761
0 0 1762
0 0 1763
0 0 1764
0 0 1765
0 209 1766
0 0 1767
0 0 1768
1311 0 1769
0 0 1770
0 0 1771
0 0 1772
0 4211 1773
0 202 1774
8659 3013 1775
0 0 1776
0 0 1777
0 0 1778
0 0 1779
0 184 1780
0 0 1781
0 0 1782
0 0 1783
55 42 1784
54 1336 1785
0 547 1786
1118 312 1787
0 0 1788
0 510 1789
0 0 1790
0 0 1791
21601 59 1792
6246 0 1793
0 0 1794
0 8569 1795
0 34 1796
0 20750 1797
0 0 1798
3002 9606 1799
0 0 1800
0 0 1801
0 0 1802
0 0 1803
0 0 1804
3353 0 1805
0 0 1806
0 0 1807
0 0 1808
0 0 1809
0 0 1810
5639 4930 1811
0 0 1812
0 0 1813
0 0 1814
0 0 1815
0 0 1816
0 0 1817
0 0 1818
0 0 1819
0 62 1820
0 651 1821
0 0 1822
0 45 1823
0 0 1824
0 140 1825
0 0 1826
0 0 1827
0 0 1828
0 0 1829
0 0 1830
0 42 1831
0 1316 1832
0 0 1833
0 0 1834
0 0 1835
0 0 1836
0 1043 1837
0 100 1838
0 0 1839
0 305 1840
0 5758 1841
0 323 1842
54 55 1843
0 222 1844
0 0 1845
746 128 1846
585 1009 1847
0 0 1848
0 229 1849
2606 763 1850
0 0 1851
0 186 1852
20590 0 1853
0 0 1854
0 0 1855
0 904 1856
0 0 1857
0 0 1858
10907 3948 1859
0 68 1860
51 0 1861
0 110 1862
0 0 1863
0 0 1864
3003 0 1865
0 0 1866
0 0 1867
0 0 1868
0 0 1869
113 227 1870
305 0 1871
0 0 1872
0 0 1873
9081 32 1874
6662 0 1875
0 0 1876
881 0 1877
7997 0 1878
0 0 1879
601 0 1880
0 0 1881
0 0 1882
8796 0 1883
0 0 1884
0 0 1885
0 0 1886
0 0 1887
0 0 1888
0 0 1889
0 0 1890
0 0 1891
0 0 1892
0 108 1893
0 0 1894
0 0 1895
0 0 1896
0 0 1897
0 0 1898
0 0 1899
1277 0 1900
22684 0 1901
0 0 1902
0 0 1903
0 0 1904
0 91 1905
0 0 1906
18694 272 1907
0 0 1908
0 103 1909
72 81 1910
0 0 1911
0 159 1912
12232 0 1913
0 43 1914
0 0 1915
0 0 1916
0 0 1917
0 512 1918
0 94 1919
0 3761 1920
0 126 1921
0 795 1922
0 0 1923
0 79 1924
14759 0 1925
0 0 1926
0 0 1927
0 0 1928
362 31 1929
0 616 1930
3978 260 1931
0 0 1932
0 38 1933
0 0 1934
0 0 1935
646 0 1936
1681 0 1937
0 87 1938
0 0 1939
0 0 1940
0 0 1941
0 0 1942
421 0 1943
0 0 1944
0 137 1945
0 0 1946
196 0 1947
0 0 1948
10631 1879 1949
0 0 1950
0 0 1951
2362 0 1952
0 302 1953
0 0 1954
4122 0 1955
0 1703 1956
0 45 1957
0 0 1958
0 0 1959
0 0 1960
4930 0 1961
0 0 1962
0 0 1963
0 1855 1964
0 0 1965
0 0 1966
0 373 1967
0 0 1968
0 0 1969
0 0 1970
0 0 1971
8005 57 1972
0 305 1973
0 0 1974
0 0 1975
0 0 1976
0 3585 1977
0 0 1978
0 3649 1979
0 0 1980
0 0 1981
0 0 1982
1721 0 1983
360 0 1984
229 4435 1985
0 0 1986
0 0 1987
614 0 1988
0 0 1989
0 0 1990
278 0 1991
0 0 1992
0 0 1993
0 0 1994
0 0 1995
0 0 1996
0 0 1997
0 0 1998
0 0 1999
0 0 2000
0 0 2001
0 991 2002
0 592 2003
0 0 2004
0 307 2005
0 57 2006
0 411 2007
386 1876 2008
0 38 2009
0 342 2010
0 268 2011
0 595 2012
0 0 2013
0 0 2014
0 1528 2015
0 0 2016
0 0 2017
0 0 2018
0 0 2019
0 105 2020
15948 0 2021
0 0 2022
0 0 2023
0 402 2024
0 0 2025
0 136 2026
490 307 2027
0 0 2028
0 0 2029
0 5457 2030
0 0 2031
0 0 2032
0 0 2033
0 0 2034
0 0 2035
66 35 2036
0 190 2037
0 85 2038
0 3446 2039
0 200 2040
0 2806 2041
0 4127 2042
0 558 2043
0 0 2044
0 426 2045
0 0 2046
0 34 2047
0 169 2048
0 69 2049
0 0 2050
464 4049 2051
0 0 2052
68 54 2053
0 115 2054
0 34 2055
0 0 2056
2269 0 2057
0 129 2058
0 56 2059
0 45 2060
0 328 2061
0 478 2062
15927 23695 2063
0 0 2064
0 58 2065
0 0 2066
0 0 2067
0 0 2068
4459 88 2069
0 0 2070
0 0 2071
0 1495 2072
0 292 2073
211 425 2074
47 0 2075
0 0 2076
0 122 2077
0 0 2078
0 0 2079
845 1047 2080
974 0 2081
0 0 2082
0 0 2083
0 0 2084
0 0 2085
102 14566 2086
3993 0 2087
46 0 2088
0 0 2089
1278 376 2090
0 113 2091
31 456 2092
991 134 2093
0 0 2094
0 289 2095
0 78 2096
0 0 2097
0 1436 2098
25206 920 2099
0 8728 2100
0 366 2101
0 1762 2102
0 0 2103
0 0 2104
8893 954 2105
0 0 2106
0 42 2107
0 0 2108
58 1524 2109
0 0 2110
0 1437 2111
0 0 2112
0 0 2113
0 0 2114
0 0 2115
0 2087 2116
0 7230 2117
0 0 2118
0 1766 2119
0 0 2120
0 0 2121
0 937 2122
0 3005 2123
0 0 2124
0 733 2125
0 0 2126
0 33 2127
0 0 2128
0 16384 2129
0 0 2130
0 76 2131
0 82 2132
0 127 2133
0 0 2134
0 9294 2135
0 0 2136
0 0 2137
0 0 2138
0 0 2139
0 0 2140
0 17282 2141
0 0 2142
0 300 2143
1177 0 2144
0 644 2145
0 0 2146
359 48 2147
0 0 2148
0 0 2149
8294 0 2150
37 1123 2151
3798 1119 2152
255 1390 2153
0 0 2154
0 0 2155
1315 186 2156
0 0 2157
0 0 2158
0 0 2159
0 0 2160
0 0 2161
0 33 2162
0 0 2163
0 131 2164
0 47 2165
0 0 2166
0 0 2167
51 301 2168
0 1561 2169
0 113 2170
0 15097 2171
0 0 2172
0 31 2173
0 41 2174
0 0 2175
0 0 2176
951 79 2177
0 0 2178
0 0 2179
0 0 2180
0 0 2181
142 0 2182
2286 0 2183
0 0 2184
0 0 2185
0 0 2186
0 0 2187
0 39 2188
11865 37 2189
0 0 2190
0 0 2191
0 0 2192
0 0 2193
0 0 2194
153 1666 2195
0 0 2196
0 0 2197
0 0 2198
1317 0 2199
1649 0 2200
0 0 2201
85 0 2202
64 0 2203
0 0 2204
0 0 2205
79 0 2206
118 0 2207
0 0 2208
0 0 2209
0 0 2210
0 0 2211
482 0 2212
489 0 2213
0 0 2214
0 0 2215
0 0 2216
0 0 2217
0 0 2218
51063 33 2219
0 0 2220
0 0 2221
0 0 2222
0 0 2223
0 0 2224
6264 661 2225
0 0 2226
0 0 2227
0 0 2228
0 0 2229
0 0 2230
0 0 2231
0 0 2232
0 0 2233
0 0 2234
0 0 2235
0 0 2236
14882 0 2237
2265 0 2238
4376 0 2239
322 0 2240
0 0 2241
0 0 2242
7723 0 2243
0 0 2244
0 0 2245
0 0 2246
0 0 2247
0 0 2248
244 0 2249
0 0 2250
0 0 2251
0 0 2252
0 0 2253
0 0 2254
796 0 2255
0 0 2256
0 0 2257
0 0 2258
0 0 2259
0 0 2260
4546 0 2261
0 0 2262
0 0 2263
0 0 2264
0 0 2265
0 0 2266
19590 486 2267
0 0 2268
0 0 2269
0 0 2270
0 0 2271
0 0 2272
0 0 2273
0 0 2274
0 75 2275
0 0 2276
0 201 2277
0 0 2278
0 0 2279
0 0 2280
0 0 2281
0 0 2282
0 61 2283
0 0 2284
0 239 2285
0 0 2286
0 0 2287
0 0 2288
0 0 2289
0 0 2290
103 2352 2291
0 0 2292
196 108 2293
34 0 2294
0 0 2295
0 0 2296
2707 651 2297
0 0 2298
0 0 2299
0 0 2300
0 0 2301
0 0 2302
29599 3160 2303
0 0 2304
0 0 2305
1589 310 2306
3938 0 2307
593 0 2308
1340 0 2309
0 0 2310
12712 116 2311
0 203 2312
0 0 2313
0 39 2314
4906 101 2315
240 0 2316
0 0 2317
0 0 2318
37 0 2319
0 4463 2320
792 321 2321
0 0 2322
0 0 2323
0 0 2324
0 0 2325
0 0 2326
0 0 2327
0 0 2328
0 0 2329
0 0 2330
0 0 2331
0 0 2332
444 0 2333
0 0 2334
0 0 2335
0 0 2336
0 0 2337
0 0 2338
0 0 2339
0 0 2340
0 0 2341
0 156 2342
0 43 2343
6185 0 2344
120 0 2345
0 0 2346
0 68 2347
5259 305 2348
0 199 2349
0 86 2350
6728 0 2351
0 0 2352
0 0 2353
1210 35 2354
0 0 2355
0 0 2356
0 3815 2357
0 0 2358
0 0 2359
0 0 2360
0 0 2361
0 0 2362
0 0 2363
0 0 2364
0 0 2365
0 0 2366
0 144 2367
3176 0 2368
15433 0 2369
0 0 2370
0 0 2371
0 0 2372
0 0 2373
0 65 2374
3078 875 2375
0 0 2376
0 0 2377
0 0 2378
0 637 2379
0 0 2380
9337 0 2381
0 41 2382
0 0 2383
0 0 2384
0 0 2385
0 0 2386
11038 253 2387
0 0 2388
0 0 2389
0 0 2390
0 0 2391
0 0 2392
8663 0 2393
0 0 2394
0 254 2395
0 37 2396
0 0 2397
0 0 2398
0 0 2399
0 0 2400
0 0 2401
0 0 2402
0 101 2403
0 0 2404
0 0 2405
0 38 2406
0 115 2407
0 0 2408
0 0 2409
0 0 2410
0 0 2411
0 0 2412
0 0 2413
0 0 2414
0 268 2415
0 371 2416
0 0 2417
0 0 2418
0 0 2419
0 171 2420
0 0 2421
0 181 2422
0 0 2423
0 59 2424
0 53 2425
0 0 2426
0 56 2427
0 5828 2428
0 0 2429
0 0 2430
0 0 2431
0 0 2432
0 0 2433
0 0 2434
0 0 2435
0 0 2436
0 0 2437
0 0 2438
0 0 2439
0 0 2440
0 131 2441
0 0 2442
0 0 2443
0 0 2444
0 0 2445
0 0 2446
0 409 2447
0 0 2448
0 0 2449
0 0 2450
0 0 2451
0 0 2452
0 0 2453
0 0 2454
0 0 2455
0 0 2456
0 0 2457
0 0 2458
12710 0 2459
0 0 2460
0 0 2461
0 0 2462
0 0 2463
0 0 2464
0 0 2465
