0 0 0 0 0 0 0 157 0 0 0 0 0 0 0 0 0 0 0 0 0 0 0 0 0 0 0 0 0 0 0 0 0 0 0 0 0 0 0 0 0 0 0 89 0 0 0 0 0 0 0 0 0 0 0 0 0 0 0 0 0 0 0 0 0 0 20 0 0 0 0 0
0 0 0 17601 38 16444 25 7 22 5 24 17 5 3427 354 630 0 10 10 289 0 0 0 21 0 23 0 0 0 4742 0 0 0 64 0 35 69 0 0 10 93 0 0 0 0 0 0 0 484 3828 221 568 58 477 0 0 0 271 0 0 0 312 0 0 0 28 0 0 0 0 1855 5256
0 19 6555 27 0 8 0 50 0 0 0 0 0 0 0 0 0 3692 0 6 0 0 0 0 0 0 0 0 0 0 0 0 0 0 0 19 0 0 0 0 0 0 0 0 0 0 0 63 0 0 0 29 0 11 0 45 0 0 0 24 0 0 0 0 0 0 0 6 3295 16 0 0
0 0 0 0 0 0 0 26 0 5 0 206 311 681 595 90 0 21 0 0 0 0 0 0 0 46 0 305 0 0 0 0 0 0 0 0 0 0 0 0 0 0 0 0 466 78 0 34 8 0 49 0 65 0 0 0 6 0 33 0 32 0 25 0 103 0 9 0 8 0 1399 0
0 0 0 0 0 0 0 0 0 0 0 0 0 0 0 0 0 0 0 5 115 5856 4304 17999 0 13 0 5 0 22 0 9 0 0 0 0 0 220 0 0 0 0 0 47 426 15927 0 0 0 0 6 0 20 0 6 0 9 0 5 0 2244 12 290 6 51068 33 0 980 9909 10 8 7915
0 0 0 0 12 0 0 0 0 0 0 0 0 0 0 0 0 0 0 0 0 1315 93 0 0 0 0 0 0 0 525 0 0 0 0 0 0 0 0 13 66 0 0 0 0 0 7 17 0 0 674 7 11 18713 418 0 0 0 0 0 77 0 41 0 12426 0 100 0 8 12 0 14
0 0 0 0 0 18 69 0 34 0 13 0 34 24 0 0 0 0 0 0 0 0 0 0 0 0 0 0 0 0 10271 6498 552 0 0 0 0 0 0 0 0 0 0 0 0 0 0 0 0 0 0 0 0 0 0 0 952 10 0 0 0 0 0 0 0 4720 0 27 0 329 0 89
674 8 5 0 454 1602 310 115 58 290 0 0 0 0 0 22 74 0 0 0 1487 3871 9 0 3307 0 369 0 0 162 0 0 0 0 0 0 0 0 0 0 0 116 0 0 0 200 0 0 0 0 0 0 0 0 0 326 0 0 0 6142 0 9 0 55 5626 58 0 30 0 8 0 15
1013 0 0 0 5851 0 0 0 0 0 0 0 0 0 0 0 0 0 0 0 0 0 0 0 0 0 0 0 14 0 32 0 164 0 6 0 0 0 0 0 0 0 0 0 0 0 0 0 0 0 0 1674 0 0 0 0 0 0 0 0 0 0 0 0 0 0 0 0 0 0 0 55
0 0 0 0 0 0 0 0 0 0 0 0 0 0 0 0 0 0 0 0 0 0 0 0 0 0 0 0 0 0 0 0 0 0 0 69 0 0 0 0 0 331 0 13 0 0 0 9 0 61 0 5 0 36 0 0 0 7 0 0 0 9 4485 0 0 0 0 0 0 26 0 108
1153 0 3873 180 0 0 0 0 0 79 0 0 0 0 0 0 0 0 0 0 0 0 0 0 0 0 0 0 0 25 0 35 0 0 0 27 0 0 0 0 0 0 0 0 123 0 0 0 0 0 56 0 6312 0 19 78 5658 20 0 225 20053 14732 0 0 84 0 5 0 0 79 0 0
0 0 0 0 0 0 0 0 0 0 0 0 0 0 89 0 7 0 0 0 0 0 0 0 0 0 0 0 0 0 0 0 0 0 0 0 77 0 0 6 43 6 0 20 0 7 21601 20 8 0 0 0 0 0 0 216 0 8 0 0 0 0 0 0 0 0 0 0 0 0 0 0
6263 0 0 0 0 0 0 0 0 0 11 0 47 0 0 0 11 0 9163 481 0 0 0 0 0 1055 20 6 0 0 0 0 0 0 0 0 18354 26 8 0 0 0 243 0 0 0 0 0 0 40 0 65 0 0 0 2638 0 0 0 50 1703 0 0 0 21 0 0 0 0 0 2566 0
0 0 0 0 919 5 9934 0 112 1813 0 19 0 5 0 0 0 0 0 0 0 0 0 123 0 50 0 235 0 0 0 805 0 0 0 0 0 913 0 0 0 1252 0 0 0 6142 0 0 0 29 0 0 0 60 0 191 1682 309 0 54 699 0 0 0 0 0 0 0 0 0 0 0
0 0 0 0 10 8 15 0 15 0 0 0 0 0 310 0 68 0 5 0 9 29 0 20 0 53 0 0 0 0 0 14 0 0 0 0 0 0 0 0 0 0 0 0 0 0 0 0 78 3265 991 3924 289 0 283 0 0 0 0 19 0 13 0 80 0 12 0 35 18713 0 0 0
369 0 0 0 0 0 0 22 107 0 0 0 10 0 0 0 0 14 0 6 0 11 0 9 0 0 0 11 0 21 0 31 0 0 0 0 0 0 0 0 0 0 0 0 0 0 0 0 0 0 0 0 0 0 0 0 0 0 0 0 0 15 0 98 0 0 0 0 0 0 0 22
243 9 7 0 0 0 12 0 784 54 14628 28 0 9 0 15 0 12 0 11 1579 221 12 815 73 0 10 0 0 0 0 0 0 0 0 0 0 0 0 11 1907 0 27 359 7 0 31 0 7 0 0 10 0 0 0 0 0 31 0 38 43 81 0 12 22 6366 9 37 0 0 0 0
0 0 0 0 0 4598 179 0 0 0 22 0 0 0 6 0 0 0 0 0 0 0 244 39 0 0 3929 5 166 7812 0 0 12056 2286 34 4459 42 0 18 14 0 0 0 0 0 2584 0 0 0 0 0 0 0 0 0 0 0 0 5 0 110 0 0 0 9 0 274 0 7 0 0 0
0 0 0 0 0 0 0 0 0 0 0 0 0 0 13 0 0 0 0 0 0 0 0 0 1036 0 0 0 8 0 312 0 0 0 0 0 0 0 0 0 0 0 0 0 0 0 0 0 0 0 0 0 737 0 35 0 0 0 26 7 0 0 219 0 13 73 0 0 0 0 0 502
0 0 0 0 0 0 0 0 0 0 0 0 0 0 0 0 0 13 0 0 0 0 0 0 0 0 0 806 16 123 12 7 74 0 11 33 0 0 0 0 0 0 0 0 0 0 0 0 0 0 10 0 0 18 593 303 0 22 0 88 0 0 0 0 0 15 0 0 0 0 0 0
0 0 0 0 0 0 0 0 0 0 0 0 0 0 0 1734 150 8 0 20 0 6 0 22 0 20 0 0 0 22 0 20 0 20 0 12907 0 35 0 7 0 53 0 10 0 0 0 21 0 202 0 0 0 0 0 0 0 0 0 0 0 0 0 0 7 0 0 0 0 0 0 0
0 10 0 11 0 0 46 0 1200 0 0 0 0 0 0 0 0 0 0 0 39 2144 99 0 0 0 30 0 412 310 0 0 0 0 0 0 0 333 60 1489 0 0 0 10 0 19 13 0 11 0 67 0 6 0 0 0 0 0 0 319 2875 28 0 0 0 39 0 0 0 11 12 0
63 0 0 0 18 0 31 0 0 0 0 0 0 0 0 0 0 12 469 12 0 30 84 0 70 0 20 0 68 0 6 0 22 0 15 16917 44 0 52 84 6 0 0 0 0 25 0 21601 117 2606 798 0 154 9 52 6 5626 11 30 0 34 39 6142 7 310 0 0 0 52 0 417 0
0 0 0 0 0 0 0 45 0 27 0 0 17 0 7 0 1674 5 8 20 103 0 16 42 0 19 39 97 11 0 7940 0 0 0 0 0 0 83 12 0 95 0 6 0 0 0 0 0 0 2269 22 10 7 0 77 0 0 0 934 2572 0 0 0 0 0 0 0 0 0 0 31 0
0 0 0 0 0 0 0 0 0 0 0 0 0 0 0 0 0 0 0 0 0 0 0 0 0 0 0 88 0 53 0 10 0 0 0 32 1118 874 0 0 39 26 0 0 1200 0 0 0 0 0 0 3013 0 0 0 1096 9 0 19 0 23 0 0 0 33 0 0 0 144 0 64 0
7 26 0 108 0 0 0 0 0 0 0 0 0 0 0 0 0 0 0 0 0 0 0 74 4435 1326 7641 0 0 0 0 0 0 0 0 0 0 0 0 0 0 0 0 0 0 0 0 244 40 0 0 0 369 0 0 0 11 0 12056 17999 0 7 0 32 0 0 0 143 0 0 0 0
0 0 0 0 0 19 8 22 815 0 100 0 10 0 1573 0 58 0 0 0 0 86 0 128 11955 12 0 8259 591 0 110 0 0 0 82 0 0 288 757 0 0 0 0 0 0 0 0 0 0 0 0 0 0 0 0 0 0 0 0 0 0 0 0 0 0 0 0 0 0 0 0 0
0 0 0 0 0 0 0 0 0 82 0 0 0 164 0 0 351 19 271 0 0 0 0 0 0 0 0 0 106 874 6 100 74 0 0 0 59 0 5 0 12 39 552 0 0 0 0 0 0 21 0 0 0 0 0 0 0 0 0 0 0 0 0 0 0 0 60 0 0 0 0 0
0 0 0 0 0 0 0 0 0 0 0 0 0 0 0 0 0 0 0 0 0 0 0 0 0 0 0 0 19 0 0 0 21 0 0 0 0 0 0 0 0 0 0 67 127 48 0 299 0 0 0 1942 6 390 42 0 7699 0 23 0 29 0 0 0 0 0 38 0 8314 6 0 5
0 0 0 0 0 112 0 0 0 0 0 0 0 0 0 0 0 0 1460 0 0 0 0 0 0 0 0 0 0 0 0 0 0 0 0 0 0 0 0 8 0 0 0 0 0 8 0 14 0 489 0 0 0 0 60 19 26 6 0 7 0 33 0 16 0 0 10 0 0 0 51 2512
0 0 0 0 0 0 0 0 0 0 0 0 0 0 0 0 0 0 0 0 0 0 0 0 0 0 0 0 0 0 0 0 0 0 2731 0 10163 93 0 0 0 0 0 0 0 0 0 0 0 0 0 0 0 0 0 0 0 0 0 0 0 0 0 10 0 51 66 0 0 0 0 0
0 0 0 0 0 0 0 0 1524 4468 54 12 29 2269 13 12 32 9 0 0 21 329 0 80 0 0 0 0 0 0 0 0 0 0 0 54 0 285 0 0 0 38 0 0 0 0 0 0 0 0 8 0 3978 265 0 436 0 52 48 27 0 24 0 0 5 0 0 0 0 0 0 0
0 0 0 0 0 0 0 0 0 0 0 14 0 33 0 7045 0 0 0 11 0 25 0 57 0 53 0 13 0 247 299 0 619 0 0 0 0 0 0 0 20668 0 6200 8 5 2585 0 0 0 0 0 0 0 0 0 0 0 0 0 50 0 0 0 0 0 35 0 310 263 0 0 0
0 0 0 0 6 0 0 469 22 11 0 0 12 0 0 0 34 0 55 0 0 0 0 0 0 0 0 0 5 6162 237 0 0 806 16 14 0 0 0 0 0 0 0 0 0 0 0 0 0 0 0 0 0 0 0 0 0 0 0 3841 0 11 0 0 0 0 0 0 0 0 0 0
9344 37 0 0 0 54 6 100 7 54 1336 10 0 41 0 0 0 0 2806 0 0 0 8 0 0 0 22 0 0 34 648 13 0 47 30 36 6 34 1118 4991 9 0 0 0 0 0 0 0 0 0 0 0 0 0 0 0 0 0 0 0 0 0 0 0 0 30 0 0 0 7940 0 0
0 0 0 0 136 15 9 0 5 0 0 0 0 0 0 0 0 0 0 0 52 6 0 25 0 6 0 0 0 5 763 8 0 0 0 0 0 27 0 20 0 268 0 0 0 12 6162 237 57 0 0 0 0 0 0 0 0 0 0 0 0 0 0 0 0 47 0 17 0 0 0 15
0 0 0 0 32 0 0 77 0 0 0 589 152 207 16 22 0 16 0 19 0 144 0 208 0 8 0 34 0 15 0 7 0 9 0 0 0 123 0 0 0 0 0 0 0 0 0 0 0 0 0 0 0 33 23 14 0 0 0 0 0 15 0 0 0 15 0 0 0 0 25 271
793 0 0 0 0 10 0 0 0 5 0 7 0 54 3235 8 9 0 74 0 7089 0 12 0 5194 0 0 0 0 0 0 0 0 0 0 0 0 0 0 0 17 0 31 0 11 0 89 0 12 0 21 0 0 0 205 0 0 0 1066 0 65 0 0 0 31 0 34 0 8 0 1264 0
0 0 0 0 0 0 0 0 0 0 0 0 110 19 26 28 0 0 0 0 0 0 0 0 0 0 0 0 0 27 0 0 0 68 0 128 17999 0 16 0 83 71 0 0 0 13 0 0 0 0 0 0 21 0 0 0 0 0 0 0 0 0 0 0 38 0 0 0 48 0 0 0
0 0 0 0 0 0 0 0 95 0 0 0 0 0 0 0 0 0 0 0 0 0 525 0 0 10 0 7 0 12056 252 0 0 0 0 0 0 0 0 0 0 68 0 0 0 8796 0 81 0 0 737 0 39 4534 20 109 6 17 0 0 0 0 0 333 0 0 0 0 0 0 0 0
2166 0 0 0 0 24 0 0 0 355 107 0 0 0 5 166 1728 2418 8 202 2436 29 0 61 0 0 0 0 0 8 0 19 0 0 103 0 26 0 26 0 0 0 0 0 0 0 7 16332 506 0 0 0 0 0 0 0 0 0 0 0 0 0 0 0 74 0 0 0 29 0 3692 0
0 0 0 0 0 0 7930 0 6 0 0 0 9 0 30 0 0 0 0 0 0 4403 28 127 66 0 0 0 0 0 0 0 0 0 0 0 0 0 0 0 0 0 53 0 0 0 331 0 0 0 0 0 0 0 159 0 0 0 0 0 52 13 0 6 157 0 0 0 31 0 89 0
0 0 0 0 0 0 0 25 0 5 0 0 0 0 0 0 0 0 0 0 71 0 0 0 38 0 0 0 12 0 0 0 0 0 12 0 45 80 180 5 0 0 0 0 0 0 0 0 0 0 0 0 0 0 0 23 0 0 0 278 12 0 19 6140 14 56 0 22 0 0 47 42
0 0 0 0 0 0 0 0 0 0 6 0 6624 0 7 0 45 0 305 0 0 0 0 31 0 0 74 80 1194 30 2589 5819 73 0 17 0 0 0 0 0 0 0 0 0 0 700 0 0 0 0 48 7 1211 3828 36 19 290 4534 19 2506 0 0 0 0 0 0 0 0 0 0 0 0
0 0 0 0 0 416 0 0 0 14 0 1172 0 0 0 0 0 0 0 0 1558 429 0 0 32 0 0 0 0 627 19 516 6 0 12 14 0 0 0 0 0 0 0 0 0 0 20 0 23 0 80 3585 0 0 0 11 0 19 2585 196 24 0 0 0 0 16 0 0 0 0 0 0
0 0 15 2269 4005 1572 0 0 0 0 0 22 0 0 0 64 6 552 0 0 0 34 0 0 0 0 0 0 0 0 0 0 0 0 0 0 635 0 0 0 3307 0 46 0 127 15 39 0 0 0 0 0 0 0 737 0 0 27 3295 37 0 2941 0 17601 115 97 0 0 0 0 0 0
17 116 8 0 15 1191 0 136 0 17 0 0 0 31 0 7215 5 43 57 77 7 3577 0 5 2589 2875 6200 7 5 8 53 5 17 0 54 4304 6926 14628 327 8 869 43 20 6088 123 0 44 0 0 0 11 0 6 776 0 0 10 0 17 0 8355 5 0 64 0 17 0 0 0 12 0 5
0 0 0 0 155 0 0 0 0 0 0 0 0 20 0 25 289 0 68 0 419 0 6 1200 0 21612 1489 186 16 7 0 16 1036 0 0 0 0 0 8 0 247 5450 35 7 0 331 0 9 0 16 240 0 0 0 0 0 0 6 117 58 0 0 0 0 0 0 0 0 0 0 0 0
0 0 0 59 0 0 0 0 0 0 0 0 160 0 0 0 51 7 23 556 449 0 0 0 0 0 0 0 0 0 0 0 0 0 0 0 0 0 0 15130 68 8 0 0 0 0 0 0 0 0 0 0 0 0 720 0 0 0 0 0 0 0 0 0 0 0 0 0 0 0 0 0
0 0 0 0 0 0 0 6687 32 6366 9 0 0 0 0 0 0 0 0 0 0 0 0 0 7 0 5 0 32 0 0 0 84 0 8 0 5 0 0 0 0 0 0 0 0 0 0 0 0 32 0 0 0 0 0 10 0 0 0 8 0 0 0 0 0 61 0 0 0 0 0 52
