13 13 13 13 13 13 13 13 13 13 13 60 13 13 13 13 13 13
13 13 13 13 13 13 13 13 13 13 13 13 13 13 13 13 13 13
13 13 13 13 13 13 13 13 13 13 13 13 13 13 13 13 40 13
13 13 13 13 13 13 13 13 13 13 13 13 13 13 13 13 13 13
13 13 13 12 13 50 13 13 13 13 13 20 13 13 13 13 13 20
13 13 13 13 13 13 13 13 13 13 15 20 13 13 13 13 13 16
13 13 13 13 15 13 13 13 15 13 13 20 13 13 16 13 13 11
13 13 13 13 13 13 13 13 13 13 13 13 13 13 13 13 13 13
13 13 13 15 13 13 13 50 13 13 13 20 13 13 13 13 11 13
13 13 13 13 13 14 13 13 13 13 13 16 13 13 13 13 13 60
13 13 13 13 13 13 13 13 13 13 13 13 13 13 13 13 13 13
13 13 13 13 13 13 13 13 13 13 13 20 13 13 13 13 13 60
13 13 13 13 13 50 13 15 13 13 13 15 13 13 13 13 13 13
13 13 13 13 13 50 13 13 13 13 13 15 13 13 13 13 13 13
13 13 13 13 13 13 13 13 13 13 13 13 13 13 13 13 13 13
13 13 13 13 13 20 20 16 13 13 13 13 20 13 13 13 13 13
13 13 13 13 13 13 13 13 13 13 13 20 13 13 13 13 13 12
13 13 13 13 13 13 13 13 13 12 13 40 13 13 13 13 13 13
13 13 16 13 13 13 13 13 20 12 20 12 13 13 16 13 13 13
13 13 13 13 13 13 13 13 13 13 13 13 13 13 13 13 13 13
13 13 13 13 13 13 13 13 13 13 13 13 13 13 13 13 13 13
13 12 13 13 13 40 13 13 13 13 13 40 13 13 13 13 13 40
13 13 13 14 13 12 13 13 13 13 12 40 13 12 13 13 12 11
13 13 13 13 11 13 13 13 13 13 12 13 13 13 13 13 13 13
13 13 16 13 13 13 13 13 13 13 12 60 40 13 12 13 13 20
13 13 12 13 13 13 13 13 13 13 12 13 13 13 13 13 40 20
13 13 13 40 40 13 13 13 40 13 13 30 13 13 13 13 13 13
13 13 13 13 13 16 13 13 13 13 13 40 13 13 13 13 13 20
13 13 13 13 13 11 13 11 14 13 13 13 13 13 13 13 13 11
13 13 13 13 13 50 13 13 13 13 13 13 13 13 40 13 13 13
13 13 13 13 12 13 13 13 13 13 12 13 13 13 13 13 13 12
13 13 13 13 13 11 13 13 13 13 13 13 13 13 13 13 13 13
13 13 12 13 13 13 13 13 13 13 15 13 13 13 13 11 13 12
13 13 13 13 13 50 13 13 16 13 13 20 12 13 13 13 13 20
13 13 13 13 13 15 13 13 13 13 13 16 13 13 13 13 13 13
13 13 13 13 13 50 13 13 13 13 13 13 11 13 12 13 13 60
13 13 13 13 13 13 13 13 13 13 13 50 13 13 13 13 13 60
13 13 50 15 13 13 15 13 13 13 13 20 13 13 13 13 13 13
13 13 13 13 13 12 15 13 13 13 13 13 13 13 13 13 16 13
13 13 12 13 13 50 13 13 13 13 13 16 13 13 13 13 13 13
13 12 13 13 13 40 13 13 13 13 13 12 13 13 16 13 13 60
13 13 13 13 13 13 13 13 13 13 13 13 13 13 12 13 13 13
13 13 13 13 13 15 13 13 13 13 13 20 13 13 13 13 13 13
13 13 13 12 13 13 13 13 13 13 50 20 13 40 13 40 13 40
13 13 13 13 13 13 13 13 13 11 13 20 13 13 13 13 13 13
13 13 13 13 13 40 12 13 13 13 13 13 13 13 13 13 13 13
13 13 13 13 30 15 13 13 13 13 13 13 13 13 13 13 13 13
13 12 13 13 13 12 14 16 16 13 13 60 16 13 13 13 14 13
13 13 13 13 50 50 13 13 13 13 13 16 13 13 13 13 13 13
13 13 14 13 40 40 13 12 13 13 13 20 13 13 13 13 13 50
13 13 13 14 13 15 13 13 13 13 13 13 13 13 13 13 13 13
13 13 12 11 13 12 13 13 13 13 13 15 13 13 13 13 13 60
13 13 13 13 13 50 13 13 13 12 13 13 13 13 13 13 13 13
13 13 13 13 13 40 13 13 13 13 15 20 13 13 12 13 13 16
13 13 13 13 16 50 13 13 15 13 20 13 13 13 13 13 13 20
13 13 13 13 13 13 13 13 20 13 13 20 13 13 13 13 13 20
13 13 13 13 13 50 13 16 13 13 60 20 13 13 13 13 20 13
13 13 13 13 13 13 13 13 13 13 13 13 13 13 20 13 13 20
13 13 11 13 11 13 13 13 13 13 13 13 13 13 13 13 13 14
13 13 30 14 11 15 13 13 13 13 30 11 13 13 12 40 13 30
13 13 13 13 13 11 13 13 13 13 15 12 13 13 13 13 13 13
13 13 13 13 13 13 13 13 13 13 13 60 13 13 13 13 13 16
13 13 13 13 13 50 13 13 13 13 13 50 13 13 13 13 13 50
13 13 13 13 15 50 40 30 15 13 60 13 13 13 16 13 12 13
13 13 15 13 15 11 13 13 13 13 60 20 13 13 13 13 13 13
13 13 40 13 13 13 13 13 13 13 13 16 13 13 13 13 13 16
13 13 13 12 12 13 13 13 16 13 13 13 13 13 13 13 13 13
13 13 13 13 13 15 13 13 13 13 13 60 13 13 13 13 13 20
13 13 13 13 13 13 13 13 13 40 13 13 13 13 13 13 13 13
13 13 13 13 13 13 13 13 13 13 13 13 13 13 13 13 13 13
13 13 13 13 13 13 13 13 13 13 13 20 13 13 13 13 13 20
13 13 13 13 13 13 13 13 13 13 13 13 16 20 20 13 13 13
13 13 13 50 15 13 13 13 13 13 13 40 13 13 13 13 13 16
13 13 13 15 13 15 13 13 13 30 13 20 13 16 13 13 13 60
13 13 13 13 13 12 13 12 13 12 13 60 13 13 13 13 13 20
13 13 13 13 13 16 13 13 13 13 60 13 13 13 13 13 13 60
13 13 13 13 13 13 13 13 13 13 13 13 13 13 13 13 13 13
13 13 11 13 13 50 13 11 13 13 14 13 13 12 13 13 12 12
13 13 13 13 13 12 13 13 13 13 13 13 13 13 13 13 13 13
13 13 13 12 11 15 13 13 13 13 13 13 13 13 13 13 13 13
13 13 13 13 13 13 13 13 13 13 13 13 13 13 13 13 13 13
13 13 13 13 11 11 13 13 13 13 13 12 13 13 13 13 13 15
13 13 13 13 13 13 13 13 13 13 13 60 13 13 13 13 13 16
13 13 12 13 13 13 13 13 13 13 13 16 13 13 13 13 20 20
13 13 13 13 13 13 13 13 13 13 13 20 13 13 13 13 13 16
13 13 13 13 11 40 13 13 13 13 13 13 13 13 13 13 13 40
13 13 13 13 13 13 13 13 13 13 13 13 13 13 13 13 13 13
13 13 14 13 13 50 13 12 13 13 13 13 13 13 13 13 13 16
13 13 12 40 13 50 13 13 13 13 13 11 13 13 13 13 13 20
13 13 13 13 13 13 13 13 13 12 13 13 13 13 13 13 13 13
13 13 13 13 50 11 13 20 20 13 13 16 13 13 13 13 13 20
13 13 13 13 13 13 13 13 13 13 13 13 13 13 13 13 13 13
13 13 13 13 13 15 13 13 13 13 13 15 13 13 13 13 13 13
13 13 13 13 13 13 13 13 13 13 13 13 13 13 13 13 13 11
13 13 13 13 15 15 13 13 13 13 12 20 13 13 13 13 11 13
13 13 13 13 13 15 40 13 13 13 13 16 13 13 13 13 13 12
13 13 12 13 13 40 13 13 12 13 13 13 13 13 13 13 13 13
13 13 13 13 13 11 13 11 40 13 13 60 13 13 13 13 14 13
13 13 15 13 13 15 13 13 13 13 13 13 13 13 13 13 13 13
13 13 13 13 15 50 13 13 13 13 13 60 13 12 13 13 13 16
13 13 13 13 13 13 13 13 13 13 13 13 13 13 13 13 13 20
13 13 13 11 13 13 13 13 13 13 13 13 13 13 13 13 13 13
13 13 13 13 13 13 13 13 13 13 12 13 13 13 13 13 13 13
13 13 13 13 13 13 13 13 13 13 13 13 13 13 13 13 13 13
13 13 13 13 13 13 13 13 13 13 13 13 13 13 13 13 13 13
13 13 13 13 11 13 13 13 13 13 50 13 13 13 12 13 13 13
13 13 13 13 13 13 13 13 13 13 13 13 13 13 13 13 13 13
13 13 13 13 13 13 13 13 13 13 13 30 13 13 13 13 13 20
13 50 12 60 13 50 13 16 13 13 12 50 40 13 13 13 13 20
13 13 13 13 12 13 13 13 13 13 12 50 13 13 13 13 12 13
13 13 13 15 13 13 13 50 13 13 13 16 13 13 13 13 13 13
13 13 13 13 15 12 13 13 13 13 13 50 13 13 13 13 13 13
13 13 13 13 13 13 13 13 13 13 13 13 13 11 13 40 13 13
13 13 13 13 13 11 13 13 13 14 13 50 13 13 13 13 13 12
13 13 12 13 13 50 13 13 13 13 13 60 13 13 13 13 13 13
13 13 13 13 13 13 13 13 13 13 13 13 13 13 13 13 13 13
13 13 13 13 13 13 13 13 20 13 13 13 13 13 13 13 13 13
13 13 12 12 13 50 13 13 13 13 40 40 13 13 13 13 13 11
13 13 12 13 50 12 13 13 13 13 13 20 13 13 13 13 13 16
13 13 13 13 12 12 13 13 13 13 13 50 13 13 13 13 13 16
13 13 13 13 13 13 13 13 13 13 13 14 13 13 13 13 13 13
13 13 13 13 13 13 13 13 13 13 13 13 13 13 13 13 13 13
13 13 13 13 14 13 13 13 13 13 13 16 13 13 13 13 13 13
13 13 13 13 13 13 13 13 13 13 13 15 13 13 13 13 13 13
13 13 13 13 13 16 13 13 13 13 13 16 13 13 13 13 13 13
13 12 14 13 40 13 13 13 13 13 13 16 13 13 13 12 13 13
13 13 13 12 13 13 13 13 13 13 15 30 12 13 13 13 13 50
13 13 13 13 13 15 13 13 12 13 13 13 13 13 13 13 13 50
13 13 16 13 13 11 13 13 13 13 20 11 13 20 16 13 13 13
13 13 13 11 13 13 13 13 13 13 50 13 12 13 13 13 13 60
13 13 13 20 13 13 13 13 12 13 13 60 13 13 13 13 13 13
13 13 13 13 13 13 13 13 13 13 13 13 13 13 13 13 13 13
13 13 13 13 13 13 13 13 16 13 13 14 13 13 13 13 13 11
13 13 13 13 13 13 13 13 13 13 13 13 13 13 13 13 13 13
13 13 13 13 12 11 13 12 13 13 13 13 13 13 13 13 13 12
13 13 13 13 13 13 13 13 13 13 13 13 13 13 13 13 13 13
13 13 12 13 11 13 13 13 13 13 13 13 13 13 13 12 40 13
13 13 13 13 13 15 13 13 13 13 15 20 13 13 20 13 40 20
13 13 13 13 13 20 13 13 13 13 13 60 13 13 13 13 11 20
13 13 13 13 13 13 13 13 13 13 13 15 13 13 13 13 13 13
13 13 13 13 13 20 13 12 13 13 13 16 13 13 13 13 13 13
13 13 13 12 13 13 13 13 13 13 14 11 13 13 13 13 13 40
13 13 13 13 13 13 13 13 15 12 12 13 13 13 13 13 13 40
13 13 13 13 13 13 13 13 13 13 13 13 13 13 13 13 13 13
