$TYPE inputvec
$XDIM 137
$YDIM 1
$VECDIM 2

9.0 55 0
14.0 91 1
15.0 77 2
23.5 99 3
10.0 74 4
7.5 66 5
13.0 83 6
12.0 71 7
17.5 89 8
7.5 56 9
12.5 81 10
4.0 33 11
6.5 53 12
9.0 67 13
17.0 92 14
7.5 63 15
3.0 33 16
24.0 99 17
23.0 99 18
22.5 99 19
17.5 78 20
6.5 48 21
14.5 55 22
16.5 83 23
13.5 80 24
25.0 96 25
15.5 84 26
7.5 65 27
13.0 61 28
23.0 94 29
5.5 66 30
13.5 78 31
14.0 80 32
9.0 67 33
12.0 77 34
9.5 72 35
6.0 47 36
13.5 68 37
4.5 41 38
19.5 88 39
10.0 57 40
6.5 67 41
18.0 87 42
15.0 83 43
16.0 90 44
13.0 64 45
1.0 32 46
17.5 92 47
21.5 99 48
22.5 99 49
8.5 58 50
7.5 73 51
19.5 93 52
4.5 64 53
16.0 68 54
11.0 76 55
7.5 68 56
16.0 83 57
20.5 99 58
22.5 99 59
20.0 99 60
21.5 91 61
13.5 84 62
20.5 94 63
14.0 90 64
7.5 70 65
23.0 95 66
11.5 66 67
20.0 90 68
8.5 66 69
24.5 99 70
10.5 68 71
18.5 92 72
24.5 99 73
15.5 87 74
4.5 62 75
1.0 60 76
12.0 72 77
12.5 62 78
22.0 99 79
8.5 56 80
10.5 65 81
23.0 97 82
17.0 72 83
18.5 96 84
10.5 60 85
7.5 49 86
20.0 76 87
13.0 73 88
15.0 90 89
22.0 99 90
15.5 83 91
8.5 85 92
23.5 99 93
16.5 89 94
13.0 67 95
21.0 92 96
21.5 99 97
14.5 74 98
7.5 82 99
14.5 70 100
23.5 99 101
20.5 80 102
16.5 79 103
8.5 80 104
21.0 82 105
17.0 83 106
19.5 92 107
24.5 96 108
7.5 66 109
4.0 42 110
10.5 53 111
5.0 75 112
0.0 50 113
1.0 62 114
8.5 69 115
23.5 99 116
6.0 32 117
19.5 87 118
9.5 62 119
8.0 64 120
20.5 85 121
15.0 91 122
20.0 90 123
6.0 56 124
10.0 60 125
8.5 65 126
18.5 94 127
19.0 81 128
13.5 86 129
16.5 81 130
9.5 78 131
22.5 96 132
25.0 99 133
7.0 67 134
20.5 94 135
15.5 98 136
