$TYPE inputvec
$XDIM 144
$YDIM 1
$VECDIM 18

0.5521 0.5521 0.5521 0.5521 0.5521 0.5521 0.5521 0.5521 0.5521 0.5521 0.5521 0.233 0.5521 0.5521 0.5521 0.5521 0.5521 0.5521 0
0.5521 0.5521 0.5521 0.5521 0.5521 0.5521 0.5521 0.5521 0.5521 0.5521 0.5521 0.5524 0.5521 0.5521 0.5521 0.5521 0.5521 0.556 1
0.5521 0.5521 0.5521 0.556 0.556 0.5521 0.5521 0.5521 0.5526 0.5521 0.5526 0.5521 0.5522 0.5522 0.5521 0.5522 0.322 0.5521 2
0.5521 0.5529999999999999 0.5521 0.5521 0.5521 0.5521 0.5522 0.5521 0.5521 0.5524 0.5521 0.5521 0.5522 0.5524 0.5521 0.5521 0.5521 0.5521 3
0.5521 0.5521 0.5521 0.5529999999999999 0.5522 0.43 0.5522 0.5521 0.5521 0.5521 0.5521 0.24 0.5521 0.5521 0.5521 0.5521 0.5521 0.24 4
0.5521 0.5521 0.5521 0.5521 0.5521 0.5521 0.5521 0.5521 0.5521 0.5524 0.53 0.24 0.5521 0.5521 0.5521 0.5521 0.5524 0.56 5
0.5521 0.5521 0.5526 0.5522 0.41 0.5523 0.5521 0.5522 0.41 0.5529999999999999 0.5526 0.51 0.5521 0.5522 0.56 0.5521 0.5521 0.522 6
0.5521 0.5521 0.5521 0.5521 0.5521 0.5521 0.5521 0.5521 0.5521 0.5521 0.5521 0.5539999999999999 0.5521 0.5521 0.5521 0.5521 0.5521 0.5521 7
0.5521 0.5521 0.53 0.41 0.5539999999999999 0.53 0.5521 0.46 0.556 0.5522 0.5522 0.51 0.551 0.5521 0.5521 0.5524 0.524 0.5539999999999999 8
0.5521 0.5521 0.5521 0.5521 0.5521 0.63 0.5521 0.5525 0.5521 0.5521 0.5521 0.56 0.5521 0.5521 0.5521 0.5521 0.5521 0.22 9
0.5521 0.5521 0.5521 0.5521 0.5521 0.5521 0.5521 0.5526 0.5521 0.5526 0.5521 0.5521 0.5521 0.5521 0.5521 0.5522 0.5521 0.5529999999999999 10
0.5521 0.5521 0.5521 0.5521 0.5521 0.5539999999999999 0.5521 0.5521 0.5521 0.5521 0.5521 0.51 0.5521 0.5521 0.5521 0.5521 0.5521 0.22 11
0.5521 0.5521 0.5521 0.5521 0.5521 0.12 0.53 0.41 0.5523 0.5521 0.5521 0.42 0.5521 0.5521 0.5521 0.5521 0.5521 0.551 12
0.5521 0.5521 0.5521 0.5521 0.5521 0.13 0.5521 0.5521 0.5521 0.5521 0.5521 0.41 0.5521 0.5521 0.5521 0.5521 0.5521 0.5521 13
0.5521 0.5521 0.5521 0.53 0.53 0.5521 0.5523 0.5523 0.5521 0.5521 0.5523 0.5523 0.5521 0.5521 0.5521 0.5521 0.5539999999999999 0.5539999999999999 14
0.5521 0.5521 0.5521 0.5521 0.5521 0.51 0.24 0.56 0.5521 0.5521 0.5521 0.5521 0.24 0.5521 0.5521 0.56 0.5525 0.5521 15
0.5521 0.5521 0.5521 0.5521 0.5523 0.53 0.5521 0.5521 0.5521 0.5521 0.5522 0.24 0.5521 0.5522 0.5522 0.5521 0.5522 0.54 16
0.5521 0.5521 0.5522 0.5521 0.5526 0.5522 0.5521 0.5521 0.556 0.555 0.5526 0.31 0.5521 0.5522 0.5522 0.5521 0.5522 0.56 17
0.5521 0.556 0.56 0.556 0.5521 0.551 0.5521 0.5521 0.24 0.54 0.51 0.54 0.5521 0.5521 0.56 0.5521 0.5521 0.5521 18
0.5521 0.5521 0.5521 0.5521 0.5521 0.5521 0.5521 0.5521 0.5521 0.5521 0.5521 0.5521 0.5521 0.5521 0.5521 0.5521 0.5521 0.5521 19
0.5521 0.556 0.5521 0.5521 0.5521 0.5521 0.5521 0.5521 0.5521 0.5522 0.5521 0.5521 0.5521 0.5521 0.5521 0.5521 0.5522 0.5521 20
0.5521 0.5529999999999999 0.5521 0.5522 0.5521 0.31 0.5521 0.5522 0.5526 0.5526 0.5522 0.324 0.5521 0.5521 0.5521 0.5521 0.5521 0.31 21
0.5521 0.5522 0.5521 0.555 0.5521 0.54 0.5521 0.5521 0.5521 0.5521 0.54 0.324 0.5521 0.54 0.5521 0.5521 0.54 0.523 22
0.5521 0.556 0.5522 0.556 0.523 0.5523 0.5521 0.54 0.556 0.556 0.54 0.5521 0.5521 0.5522 0.5524 0.5529999999999999 0.5522 0.5522 23
0.5521 0.5521 0.56 0.5526 0.556 0.53 0.5521 0.556 0.5522 0.5521 0.54 0.232 0.321 0.556 0.54 0.5521 0.5521 0.24 24
0.5521 0.5521 0.54 0.556 0.556 0.5521 0.5521 0.5524 0.5521 0.5521 0.54 0.551 0.5521 0.5521 0.5521 0.5521 0.31 0.51 25
0.5521 0.5521 0.5521 0.525 0.322 0.53 0.5521 0.5521 0.322 0.556 0.5521 0.62 0.5521 0.5521 0.5521 0.5521 0.5521 0.5521 26
0.5521 0.5522 0.5524 0.5522 0.5521 0.56 0.5526 0.5522 0.5524 0.5529999999999999 0.5529999999999999 0.33 0.5521 0.5526 0.5521 0.5521 0.5521 0.51 27
0.5521 0.5521 0.5522 0.5526 0.5522 0.522 0.5526 0.523 0.63 0.556 0.5521 0.5529999999999999 0.5521 0.5522 0.5529999999999999 0.5522 0.5521 0.522 28
0.5521 0.5521 0.5521 0.5522 0.5526 0.12 0.5521 0.5521 0.556 0.5521 0.5526 0.551 0.5521 0.5521 0.525 0.5521 0.5521 0.5521 29
0.5521 0.5521 0.5521 0.5521 0.54 0.556 0.5521 0.556 0.5522 0.556 0.54 0.5522 0.556 0.556 0.556 0.5521 0.5521 0.54 30
0.5521 0.5521 0.5521 0.53 0.5539999999999999 0.524 0.5521 0.5521 0.551 0.5521 0.5521 0.551 0.5521 0.5521 0.5521 0.5521 0.5521 0.5521 31
0.5521 0.5521 0.54 0.5521 0.5521 0.556 0.5521 0.5521 0.5521 0.5521 0.43 0.556 0.5521 0.5521 0.5521 0.522 0.5521 0.54 32
0.5521 0.5524 0.5524 0.5523 0.5521 0.46 0.5522 0.5521 0.56 0.5529999999999999 0.5522 0.51 0.54 0.5524 0.5521 0.5521 0.5522 0.51 33
0.5521 0.5521 0.5521 0.5539999999999999 0.556 0.41 0.5521 0.5522 0.5521 0.5521 0.5539999999999999 0.56 0.5522 0.5521 0.5521 0.5521 0.5521 0.551 34
0.5521 0.5524 0.5524 0.5521 0.5526 0.46 0.5522 0.5522 0.5521 0.5521 0.556 0.5526 0.522 0.5526 0.54 0.5521 0.5522 0.231 35
0.5521 0.5521 0.5521 0.5526 0.5521 0.5522 0.5521 0.5521 0.5522 0.5521 0.53 0.11 0.5521 0.5521 0.5521 0.5522 0.5521 0.22 36
0.5521 0.5521 0.43 0.43 0.5521 0.551 0.43 0.5521 0.551 0.5521 0.5521 0.24 0.5521 0.5521 0.5521 0.5521 0.5521 0.5526 37
0.5521 0.5521 0.5521 0.5521 0.5521 0.54 0.53 0.5521 0.5521 0.5521 0.5521 0.5521 0.5521 0.5521 0.5521 0.5521 0.56 0.5521 38
0.5521 0.5521 0.54 0.5522 0.5521 0.45 0.5522 0.5521 0.5526 0.5521 0.5521 0.56 0.5521 0.5521 0.5522 0.5521 0.556 0.551 39
0.5521 0.54 0.5524 0.5522 0.556 0.322 0.5529999999999999 0.5522 0.556 0.5521 0.5539999999999999 0.54 0.5521 0.5526 0.56 0.5521 0.5526 0.22 40
0.5521 0.5521 0.5522 0.556 0.5521 0.5522 0.5521 0.5526 0.5521 0.5521 0.5522 0.5521 0.5521 0.5522 0.54 0.5521 0.5521 0.5521 41
0.5521 0.5521 0.5521 0.5521 0.5521 0.53 0.5521 0.5521 0.5521 0.5521 0.5521 0.61 0.5521 0.5521 0.5521 0.5521 0.5521 0.5521 42
0.5521 0.5521 0.5524 0.54 0.556 0.53 0.5521 0.556 0.5521 0.5521 0.14 0.51 0.5521 0.321 0.5522 0.31 0.5521 0.32299999999999995 43
0.5521 0.5521 0.5529999999999999 0.5521 0.5521 0.53 0.5521 0.5521 0.5521 0.524 0.556 0.42 0.5521 0.5521 0.5521 0.5521 0.5526 0.5525 44
0.5521 0.556 0.5521 0.5521 0.5521 0.324 0.54 0.5521 0.5521 0.5521 0.5521 0.5521 0.5522 0.5521 0.5521 0.5521 0.5521 0.5521 45
0.5521 0.5521 0.5521 0.5521 0.64 0.43 0.5521 0.5521 0.5521 0.5521 0.5521 0.556 0.5521 0.5521 0.5521 0.5521 0.5521 0.5526 46
0.5521 0.555 0.5529999999999999 0.5521 0.5522 0.54 0.63 0.56 0.56 0.5522 0.53 0.231 0.56 0.5522 0.5521 0.5521 0.555 0.5521 47
0.5521 0.5526 0.5521 0.5521 0.12 0.46 0.5521 0.5521 0.5521 0.5521 0.5521 0.56 0.5521 0.5521 0.5521 0.5522 0.5521 0.5525 48
0.5521 0.5521 0.63 0.5521 0.321 0.525 0.5521 0.54 0.5521 0.5521 0.5522 0.51 0.5522 0.5522 0.5521 0.5521 0.5521 0.12 49
0.5521 0.5521 0.5521 0.63 0.5526 0.43 0.53 0.5521 0.5523 0.5521 0.53 0.53 0.5521 0.5521 0.5521 0.5521 0.5521 0.53 50
0.5521 0.5521 0.54 0.523 0.5539999999999999 0.54 0.5521 0.5521 0.5521 0.5521 0.5522 0.45 0.5522 0.5526 0.5521 0.5521 0.5521 0.233 51
0.5521 0.5521 0.5521 0.5521 0.5521 0.12 0.5521 0.5521 0.5521 0.54 0.5521 0.5526 0.5521 0.5521 0.5521 0.5521 0.5521 0.5521 52
0.5521 0.5522 0.5526 0.556 0.5521 0.321 0.5522 0.5522 0.5524 0.5521 0.41 0.233 0.5522 0.5521 0.555 0.5521 0.5526 0.56 53
0.5521 0.5521 0.5524 0.5521 0.56 0.14 0.5521 0.5521 0.42 0.5521 0.51 0.5521 0.5521 0.5522 0.5521 0.5522 0.5526 0.233 54
0.5521 0.5523 0.5522 0.5521 0.5521 0.5539999999999999 0.5522 0.5521 0.24 0.5521 0.5521 0.51 0.5521 0.5522 0.5521 0.5522 0.5522 0.51 55
0.5521 0.5521 0.5521 0.5521 0.5539999999999999 0.14 0.5521 0.53 0.5521 0.551 0.21 0.24 0.5521 0.5521 0.5521 0.5521 0.51 0.556 56
0.5521 0.5521 0.5522 0.5525 0.5521 0.5521 0.5521 0.5521 0.5521 0.5522 0.5521 0.5521 0.5521 0.5521 0.51 0.5521 0.5521 0.51 57
0.5521 0.556 0.54 0.5521 0.44 0.5521 0.5521 0.5521 0.5521 0.5521 0.5521 0.5526 0.5522 0.5521 0.5521 0.5521 0.5522 0.63 58
0.5521 0.5521 0.326 0.63 0.524 0.41 0.5521 0.5522 0.5539999999999999 0.5521 0.64 0.44 0.5522 0.5522 0.54 0.31 0.5539999999999999 0.61 59
0.5521 0.5521 0.5521 0.5521 0.5526 0.522 0.5521 0.5521 0.5521 0.5521 0.43 0.54 0.5521 0.5521 0.5521 0.5521 0.5521 0.5525 60
0.5521 0.5524 0.5521 0.5521 0.5521 0.5521 0.5521 0.5521 0.5521 0.5521 0.5521 0.231 0.5521 0.5521 0.5521 0.5521 0.5521 0.56 61
0.5521 0.5522 0.5521 0.5521 0.5521 0.43 0.5521 0.5521 0.5521 0.5521 0.5521 0.12 0.5521 0.5521 0.5521 0.5521 0.5521 0.12 62
0.5521 0.5522 0.5521 0.5522 0.41 0.46 0.322 0.34 0.53 0.5521 0.22 0.5521 0.5522 0.5529999999999999 0.56 0.5521 0.555 0.5521 63
0.5521 0.5521 0.53 0.556 0.41 0.522 0.5521 0.5521 0.5521 0.5524 0.233 0.24 0.5522 0.5521 0.5521 0.5521 0.5521 0.5521 64
0.5521 0.5521 0.525 0.5526 0.5523 0.53 0.5521 0.5521 0.5539999999999999 0.5521 0.5521 0.56 0.5521 0.5521 0.5521 0.5521 0.5521 0.56 65
0.5521 0.5522 0.5521 0.54 0.54 0.53 0.5521 0.5522 0.56 0.5521 0.5525 0.5539999999999999 0.5521 0.5521 0.5521 0.5521 0.5521 0.5525 66
0.5521 0.5524 0.5539999999999999 0.5526 0.5521 0.41 0.5522 0.5529999999999999 0.5524 0.5521 0.5529999999999999 0.231 0.5522 0.5522 0.5522 0.5521 0.5521 0.24 67
0.5521 0.5522 0.5521 0.5521 0.5521 0.5521 0.5521 0.5521 0.5521 0.32299999999999995 0.5525 0.5521 0.5522 0.5521 0.5522 0.5521 0.5521 0.551 68
0.5521 0.5521 0.5521 0.5521 0.5522 0.5521 0.5521 0.5522 0.5521 0.5521 0.5521 0.5523 0.5522 0.5521 0.5522 0.5521 0.5521 0.5522 69
0.5521 0.5529999999999999 0.5521 0.5521 0.5521 0.5521 0.5521 0.5522 0.5521 0.5529999999999999 0.5529999999999999 0.51 0.5529999999999999 0.5521 0.5521 0.5521 0.5521 0.24 70
0.5521 0.5521 0.5521 0.5521 0.5521 0.5521 0.5521 0.5521 0.5521 0.5521 0.5521 0.5521 0.56 0.51 0.24 0.5521 0.5521 0.5521 71
0.5521 0.5521 0.5522 0.14 0.41 0.5523 0.5521 0.5526 0.5521 0.556 0.5522 0.31 0.5521 0.551 0.5521 0.5521 0.5521 0.56 72
0.5521 0.5522 0.5521 0.43 0.5539999999999999 0.53 0.5523 0.5526 0.5521 0.62 0.5521 0.51 0.5522 0.56 0.5522 0.5521 0.5522 0.231 73
0.5521 0.5521 0.5526 0.5524 0.5521 0.53 0.5521 0.54 0.5522 0.54 0.5526 0.233 0.5521 0.5522 0.5522 0.5521 0.5521 0.51 74
0.5521 0.5521 0.5521 0.5526 0.5521 0.56 0.5521 0.5521 0.5522 0.5521 0.22 0.5521 0.5521 0.5522 0.5521 0.5521 0.5522 0.233 75
0.5521 0.5521 0.5522 0.5521 0.5521 0.5521 0.5521 0.5521 0.5521 0.5521 0.5521 0.5521 0.5521 0.5521 0.5521 0.5521 0.5521 0.5521 76
0.5521 0.5523 0.523 0.5521 0.5539999999999999 0.46 0.5521 0.523 0.5526 0.5521 0.555 0.556 0.5521 0.555 0.556 0.5521 0.54 0.54 77
0.5521 0.5521 0.5521 0.5521 0.5522 0.54 0.5521 0.5521 0.5526 0.5522 0.5522 0.5524 0.5521 0.5522 0.5521 0.5521 0.5521 0.5529999999999999 78
0.5539999999999999 0.5524 0.5526 0.5529999999999999 0.523 0.43 0.5521 0.5539999999999999 0.5521 0.5521 0.5521 0.5521 0.5521 0.5521 0.5521 0.5521 0.5521 0.5521 79
0.5521 0.5522 0.5526 0.5521 0.5526 0.5521 0.5526 0.5522 0.5521 0.5522 0.5524 0.5521 0.5522 0.556 0.5522 0.5521 0.5521 0.5521 80
0.5521 0.5521 0.5526 0.5526 0.524 0.523 0.5521 0.5524 0.5521 0.5521 0.5521 0.54 0.5522 0.5521 0.5526 0.5521 0.5521 0.41 81
0.5521 0.5521 0.556 0.5521 0.5521 0.5521 0.5521 0.5521 0.5521 0.5521 0.5521 0.233 0.5521 0.5521 0.5521 0.5521 0.5521 0.56 82
0.5521 0.5521 0.5529999999999999 0.5521 0.5522 0.5522 0.5521 0.5522 0.5521 0.5521 0.5539999999999999 0.56 0.5521 0.5521 0.5521 0.5521 0.24 0.51 83
0.5521 0.5521 0.5521 0.5522 0.5521 0.5521 0.5521 0.5521 0.5521 0.5521 0.5521 0.51 0.5521 0.5522 0.5521 0.5521 0.5521 0.56 84
0.5521 0.5522 0.5522 0.5521 0.523 0.31 0.5521 0.5522 0.5522 0.5526 0.5522 0.5523 0.5521 0.5521 0.5521 0.5521 0.5526 0.322 85
0.5521 0.5522 0.5524 0.5522 0.5521 0.5526 0.5521 0.5522 0.54 0.5522 0.5522 0.5521 0.5522 0.5526 0.5521 0.5521 0.5521 0.5521 86
0.5521 0.5523 0.63 0.5522 0.5521 0.14 0.5521 0.555 0.5521 0.5521 0.5522 0.551 0.5521 0.5521 0.5521 0.5521 0.5521 0.56 87
0.5521 0.5521 0.54 0.322 0.5521 0.12 0.5521 0.5522 0.5521 0.5521 0.5521 0.524 0.5521 0.5521 0.5521 0.5521 0.5521 0.24 88
0.5521 0.5526 0.556 0.5526 0.556 0.5522 0.5529999999999999 0.5521 0.5521 0.556 0.5521 0.5522 0.5529999999999999 0.5522 0.5521 0.556 0.5521 0.5521 89
0.5521 0.5529999999999999 0.5522 0.5522 0.12 0.521 0.5524 0.51 0.24 0.5526 0.5521 0.56 0.5522 0.5522 0.5521 0.5521 0.5521 0.51 90
0.5521 0.5526 0.5522 0.5522 0.5539999999999999 0.53 0.5522 0.5521 0.5522 0.5526 0.5522 0.556 0.5521 0.5521 0.5522 0.5522 0.5521 0.556 91
0.5521 0.5521 0.5522 0.5521 0.5521 0.41 0.5526 0.5521 0.5521 0.5521 0.5521 0.41 0.5521 0.5521 0.5521 0.5521 0.5526 0.5521 92
0.5521 0.5521 0.5522 0.5521 0.5521 0.5526 0.5521 0.5526 0.5521 0.5521 0.556 0.556 0.5521 0.5521 0.5521 0.5521 0.556 0.526 93
0.5521 0.5521 0.5522 0.5521 0.43 0.43 0.5521 0.551 0.5521 0.556 0.555 0.42 0.5522 0.5521 0.556 0.5521 0.522 0.53 94
0.5521 0.5521 0.5521 0.5524 0.5521 0.41 0.525 0.5521 0.5521 0.5522 0.5522 0.53 0.5526 0.5521 0.5522 0.5524 0.5521 0.54 95
0.5521 0.5522 0.54 0.5529999999999999 0.556 0.322 0.5521 0.5521 0.54 0.5521 0.53 0.5521 0.5521 0.5521 0.5521 0.5521 0.5521 0.5521 96
0.5521 0.5521 0.5521 0.5521 0.556 0.523 0.5521 0.523 0.322 0.556 0.5522 0.21 0.5522 0.5521 0.5521 0.5521 0.555 0.5521 97
0.5521 0.5521 0.41 0.5523 0.5521 0.43 0.5521 0.5521 0.5521 0.5522 0.5521 0.5521 0.5521 0.5521 0.5521 0.5521 0.5521 0.5521 98
0.5521 0.5529999999999999 0.5521 0.5526 0.41 0.46 0.5521 0.5522 0.5521 0.5521 0.5529999999999999 0.231 0.5521 0.5529999999999999 0.5524 0.5521 0.5521 0.56 99
0.5521 0.5521 0.5521 0.5521 0.556 0.5521 0.5521 0.5521 0.5521 0.556 0.5522 0.551 0.5521 0.5521 0.5522 0.556 0.5522 0.51 100
0.5521 0.556 0.5524 0.44 0.5521 0.5521 0.5521 0.5521 0.5522 0.5521 0.5522 0.5524 0.5524 0.5522 0.5526 0.5521 0.556 0.5524 101
0.5521 0.5522 0.5524 0.5521 0.5522 0.53 0.5521 0.5521 0.5522 0.5521 0.54 0.53 0.5521 0.5521 0.5521 0.5521 0.5521 0.5526 102
0.5521 0.5521 0.5521 0.5521 0.5522 0.5521 0.5521 0.5521 0.5521 0.5521 0.5529999999999999 0.5521 0.5521 0.5521 0.5521 0.5521 0.5521 0.5521 103
0.5521 0.5526 0.5521 0.5521 0.5521 0.5521 0.5521 0.5521 0.5521 0.5521 0.5521 0.5522 0.5521 0.5521 0.5521 0.5521 0.5521 0.5521 104
0.5521 0.5522 0.5521 0.5524 0.523 0.5523 0.5526 0.5521 0.5522 0.5521 0.46 0.5523 0.5521 0.5521 0.54 0.5521 0.5526 0.5521 105
0.5521 0.5526 0.5522 0.5524 0.5522 0.5521 0.5522 0.556 0.5529999999999999 0.5522 0.5522 0.5521 0.5522 0.5521 0.5522 0.5521 0.551 0.56 106
0.5521 0.5521 0.556 0.5521 0.5521 0.5521 0.5521 0.5521 0.5521 0.5521 0.5521 0.62 0.5521 0.5521 0.5521 0.5521 0.5521 0.51 107
0.5521 0.14 0.53 0.231 0.556 0.12 0.5526 0.56 0.5521 0.5524 0.53 0.11 0.31 0.5522 0.5522 0.5521 0.5521 0.51 108
0.5521 0.5522 0.5522 0.5522 0.54 0.5521 0.5521 0.5521 0.5521 0.5521 0.54 0.12 0.5521 0.5521 0.5521 0.5521 0.54 0.5521 109
0.5521 0.5521 0.5521 0.43 0.5523 0.5539999999999999 0.5521 0.12 0.5526 0.5521 0.5521 0.56 0.5521 0.5521 0.5521 0.5521 0.5525 0.551 110
0.5521 0.5522 0.5522 0.5521 0.41 0.53 0.5522 0.5521 0.5522 0.5522 0.5521 0.46 0.5521 0.5522 0.5522 0.5521 0.5521 0.5521 111
0.5521 0.5524 0.5522 0.5521 0.5521 0.5521 0.5522 0.5522 0.5521 0.5521 0.5522 0.5521 0.5526 0.523 0.5521 0.321 0.5521 0.5521 112
0.5521 0.5524 0.5524 0.5521 0.5539999999999999 0.521 0.5524 0.5521 0.5529999999999999 0.63 0.5524 0.13 0.5529999999999999 0.556 0.5522 0.5521 0.5522 0.54 113
0.5521 0.5521 0.54 0.5522 0.5521 0.14 0.5526 0.5521 0.5521 0.5521 0.5526 0.232 0.5521 0.5521 0.5521 0.5521 0.5522 0.551 114
0.5521 0.5522 0.5522 0.5521 0.5523 0.5521 0.5522 0.5521 0.5521 0.5521 0.5521 0.5521 0.5521 0.5521 0.5522 0.5521 0.5521 0.5522 115
0.5521 0.5521 0.5522 0.5529999999999999 0.5523 0.53 0.5521 0.5526 0.51 0.5521 0.5526 0.5522 0.5521 0.5522 0.5525 0.5521 0.5521 0.5521 116
0.5521 0.5521 0.54 0.54 0.5521 0.12 0.5522 0.5521 0.5521 0.5521 0.322 0.325 0.5521 0.5521 0.5521 0.5521 0.5521 0.523 117
0.5521 0.5521 0.54 0.556 0.46 0.54 0.5522 0.5521 0.5521 0.5521 0.5521 0.24 0.5521 0.5524 0.5521 0.5521 0.5521 0.56 118
0.5521 0.5521 0.5521 0.5521 0.555 0.53 0.5521 0.5521 0.5521 0.5521 0.5521 0.14 0.5521 0.5521 0.5521 0.5521 0.5522 0.56 119
0.5521 0.5521 0.5521 0.5521 0.556 0.5522 0.5521 0.5521 0.5521 0.5522 0.5521 0.555 0.5521 0.5521 0.5521 0.5521 0.5521 0.5521 120
0.5521 0.5521 0.5521 0.5521 0.556 0.5526 0.5521 0.5521 0.5521 0.5521 0.5521 0.5521 0.5521 0.5521 0.5521 0.5521 0.5521 0.551 121
0.5521 0.5521 0.5521 0.5521 0.54 0.5521 0.5521 0.5522 0.5521 0.5521 0.5521 0.56 0.5521 0.5521 0.5521 0.53 0.5521 0.5524 122
0.5521 0.5522 0.5522 0.5526 0.5522 0.5526 0.5521 0.5521 0.5521 0.5521 0.5521 0.41 0.5522 0.5522 0.5521 0.5521 0.5521 0.5521 123
0.5521 0.5521 0.5521 0.5521 0.5521 0.56 0.5521 0.5521 0.5521 0.5521 0.5521 0.56 0.5521 0.5521 0.5521 0.5521 0.5521 0.5521 124
0.5521 0.54 0.555 0.5521 0.322 0.5523 0.5521 0.5521 0.5521 0.5521 0.5521 0.53 0.5521 0.5521 0.5521 0.54 0.5521 0.5521 125
0.5521 0.5522 0.5521 0.54 0.556 0.556 0.5521 0.5521 0.5521 0.5522 0.41 0.34 0.54 0.5526 0.551 0.5521 0.5521 0.14 126
0.5522 0.5522 0.5521 0.5522 0.5521 0.43 0.5521 0.5521 0.54 0.5521 0.5521 0.5523 0.5524 0.5522 0.5521 0.5521 0.5521 0.46 127
0.5521 0.556 0.56 0.5521 0.5526 0.522 0.5522 0.5521 0.551 0.556 0.51 0.521 0.5521 0.51 0.56 0.5522 0.5522 0.5521 128
0.5521 0.556 0.5526 0.524 0.556 0.5521 0.5521 0.5521 0.5524 0.5521 0.14 0.551 0.54 0.5529999999999999 0.5521 0.5521 0.5521 0.22 129
0.5521 0.5522 0.5521 0.24 0.5521 0.5526 0.5521 0.5521 0.555 0.5521 0.5526 0.22 0.5521 0.5521 0.5521 0.5521 0.5521 0.5521 130
0.5521 0.5521 0.5521 0.5521 0.5522 0.5522 0.5521 0.5521 0.5526 0.5521 0.5524 0.5521 0.5521 0.5521 0.5522 0.5522 0.5522 0.5521 131
0.5521 0.5522 0.5521 0.5521 0.5521 0.5522 0.5521 0.5524 0.56 0.5521 0.5522 0.63 0.5521 0.5524 0.5521 0.5521 0.5526 0.523 132
0.5521 0.5521 0.5522 0.5521 0.5522 0.54 0.5521 0.5521 0.5521 0.5521 0.5521 0.53 0.5521 0.5521 0.5521 0.5521 0.5521 0.556 133
0.5521 0.5521 0.5522 0.556 0.54 0.523 0.5522 0.54 0.5522 0.5522 0.5521 0.556 0.5521 0.5522 0.5524 0.5522 0.5524 0.555 134
0.5521 0.5522 0.5526 0.5521 0.5521 0.5521 0.5526 0.5521 0.5526 0.5521 0.5522 0.5521 0.5521 0.5521 0.5522 0.5521 0.5521 0.5521 135
0.5521 0.5522 0.555 0.5529999999999999 0.523 0.5522 0.5522 0.5521 0.5522 0.5526 0.5525 0.5524 0.5521 0.5521 0.5521 0.54 0.321 0.5521 136
0.5521 0.5521 0.5522 0.5524 0.556 0.41 0.5526 0.5521 0.53 0.556 0.43 0.24 0.5521 0.5526 0.51 0.5522 0.32299999999999995 0.51 137
0.5521 0.5521 0.5524 0.5521 0.5521 0.42 0.5524 0.5539999999999999 0.5521 0.5521 0.5521 0.234 0.5521 0.5521 0.5521 0.5521 0.526 0.51 138
0.5521 0.5529999999999999 0.5521 0.5522 0.5521 0.53 0.5521 0.5521 0.5521 0.5521 0.5521 0.41 0.5521 0.5522 0.5522 0.5521 0.556 0.5521 139
0.5521 0.5521 0.53 0.5521 0.5539999999999999 0.51 0.5521 0.555 0.5521 0.5521 0.5521 0.56 0.556 0.5522 0.551 0.5526 0.5522 0.5529999999999999 140
0.5521 0.5521 0.5526 0.54 0.5522 0.5521 0.5522 0.5521 0.5526 0.5521 0.555 0.522 0.5521 0.5522 0.5526 0.5522 0.5521 0.31 141
0.5521 0.5522 0.5521 0.5521 0.5522 0.5521 0.556 0.5522 0.53 0.54 0.54 0.5521 0.5529999999999999 0.5526 0.5524 0.5524 0.5521 0.322 142
0.5521 0.5526 0.5524 0.5526 0.5524 0.556 0.5524 0.5522 0.5524 0.5522 0.5522 0.53 0.5522 0.5529999999999999 0.5524 0.556 0.53 0.5521 143
