3042 1247 246 3887 4333 1946 40 4000 2306 2713 1222 4900 1065 1664 670 998 3041 798 1883 2359
4736 4758 119 390 3007 829 3532 1506 2848 4184 1504 2205 245 597 2951 3020 3819 933 4489 4909
2286 572 3007 1697 4447 4957 1883 1291 183 4875 2436 1092 939 2454 4666 4422 257 2465 2454 1667
137 1439 568 390 4000 3312 4480 4266 799 4217 1728 165 1413 2531 1888 1539 1815 1809 3075 2709
4175 2553 3607 3067 4214 92 640 4197 3503 3745 4234 1089 3224 73 1445 2374 866 4776 2848 4809
3788 4597 449 2760 3466 2921 40 3739 3540 3604 4324 4615 3835 1187 3872 65 2514 1465 3856 2688
3078 2766 4342 1802 969 4532 2967 4152 884 4127 2878 3311 4639 184 4681 3125 381 3823 417 719
2496 3112 1116 1413 1861 1820 2541 2081 825 1407 2985 3268 1226 4101 2469 2865 2306 2437 4373 1949
3866 2127 1897 136 774 1299 1664 4640 417 333 2136 4571 3120 2223 2436 4170 2047 1098 3424 4068
1972 3430 3888 1256 4014 2139 1668 621 4308 2465 4103 299 1545 2948 3844 2943 3049 1105 3695 586
3918 2047 2890 3865 1222 390 2989 1252 3706 2338 1666 4440 3240 1767 4240 556 278 3066 1620 1987
2985 367 4163 1735 1092 2084 646 646 1664 3930 1757 2839 2568 2693 2278 568 1465 1030 606 76
40 540 1839 2058 2985 1088 4664 285 4519 309 2831 1859 3528 2744 4480 1724 2748 728 1275 1787
163 1108 601 4105 2578 3521 3120 276 2970 4373 780 4723 2537 1147 998 4274 1989 3738 973 4620
1457 4730 2015 4443 2588 2411 4037 2345 333 4526 1300 3211 4896 3976 329 1955 840 2354 2051 2665
4435 1210 4006 4639 4954 3494 3131 1472 1827 4391 1144 882 165 1938 2531 4571 2512 1664 173 2486
4743 480 3540 3981 644 3865 3309 3362 954 4906 2961 4101 1217 3874 3380 4323 3887 4484 3262 1160
4477 3917 4460 2598 4432 165 4752 3604 1328 2661 2234 861 1360 818 3835 855 3158 3786 373 3601
2236 468 545 107 180 989 403 3483 2643 2798 3349 1758 176 2451 342 3066 3643 2911 3852 874
354 4063 3596 816 2068 2068 2068 2068 2068 2068 2068 4768 2068 2068 2068 3005 948 4710 1422 1409
3205 2571 4175 1914 2663 719 4990 2630 4571 2612 4686 4608 3164 2820 2953 396 3303 1709 4607 2389
4175 2297 737 2494 4391 4103 3158 2921 2306 2990 3166 838 90 3286 4710 3874 3596 2760 3767 2101
3607 1897 1252 1251 3169 646 4677 754 3439 4686 4538 2940 1809 2751 1154 1847 1501 748 1209 3805
2671 163 2036 1436 4359 2013 2402 2612 1897 1286 1888 3256 695 4163 3976 488 3785 44 2359 403
3918 3426 1097 2729 86 2861 1057 4068 4363 1322 4477 1482 1692 4538 1664 2865 4931 4008 3969 4618
2146 752 2436 2729 1957 3852 1459 2945 617 3194 4462 2947 378 914 1465 646 1982 646 3535 333
3981 48 2701 2854 1303 2253 3504 1664 2359 3919 3399 3508 780 2961 1333 756 245 4136 2367 2889
139 364 1750 1234 3346 1309 526 2900 4013 4014 3887 323 3261 4000 413 3537 1597 4544 4618 4842
3918 693 1146 2657 430 1365 321 3870 2511 313 4832 1090 2727 2305 4108 1629 4103 2148 3285 4103
2811 433 1858 4769 586 973 2720 2851 506 1036 4271 3770 1787 3285 1032 727 889 2465 3416 419
4598 2135 971 4227 2436 4063 1469 4582 1881 3835 3460 1403 4136 2709 2631 4218 2672 731 2544 48
752 686 998 998 1339 4504 3238 2810 3874 1167 687 3874 1970 4993 3134 2947 3592 3005 4577 4542
838 313 315 2665 1360 4947 3874 2385 3502 1165 3590 2680 3083 1026 1252 1792 2053 2764 210 930
2943 1576 356 4586 3601 3972 4000 291 1549 4710 4538 3206 3138 971 663 2943 3132 3607 1575 3499
3676 4730 891 1416 646 518 4505 867 4020 3648 2073 4900 4981 3747 3918 1033 712 2817 3984 4895
163 4970 3233 163 2686 4163 1648 1812 4572 3786 4673 2450 3070 2 3309 2278 396 696 4727 3079
2108 2263 3497 3315 1767 3250 2451 939 4727 182 3984 2851 1865 4000 1840 836 3008 718 2531 2602
2236 1297 3136 287 3601 4051 4008 315 2580 2782 3597 2306 656 3930 3786 2120 130 2707 560 2222
4715 2274 378 4849 1163 1438 4832 517 4161 2796 3321 2444 2494 719 2313 2611 930 2865 2820 1597
3066 2657 4421 2369 487 4714 349 640 616 3146 2514 1758 1633 1474 2695 3556 1184 4358 4571 1272
135 1057 3507 1550 2495 2897 3802 4587 1108 1950 3362 780 3887 3727 3749 209 3430 3241 90 106
2146 1597 2970 4900 3776 734 2546 1994 2230 4723 1908 3515 4345 724 3025 64 1716 64 3984 3745
1481 1416 478 2478 1053 3150 4855 2786 1898 4785 4987 302 1937 169 3984 2451 173 2011 1508 3771
2662 2056 92 8 546 4554 4752 1972 1795 3068 2839 2191 4458 4853 3370 3390 3005 2950 631 2861
1698 4963 4614 3200 3192 2709 4296 2716 938 2593 3548 617 1669 1800 1967 1561 226 3763 3683 4195
829 356 450 609 2465 66 4224 2278 4000 2657 1168 1438 3574 2624 279 252 2089 3872 2691 1933
4519 1987 683 1989 3977 3292 3315 4830 2799 2571 3395 2831 1063 2436 4801 4834 938 2435 4900 3026
2844 381 4127 4219 458 3984 544 322 644 1203 578 3991 3502 4307 3984 1502 1769 4144 3471 2205
2135 1626 764 2554 3431 3067 491 787 3682 2305 3284 314 173 2894 2473 1165 3601 526 4803 1627
131 913 4566 3280 2534 2372 1739 3504 1619 3350 1778 4895 4571 2431 2510 2571 4357 2707 823 775
4127 2054 2349 3523 2894 2249 4528 3344 1098 1419 409 1920 4942 2710 4152 2472 3969 2633 3879 1952
3821 1981 3120 1643 3887 276 636 3865 110 3056 3826 1327 1349 3070 2719 3504 1058 3494 2710 86
2068 3918 1913 4707 3430 1523 2263 176 1766 2113 874 2375 4132 1817 230 718 1814 2696 3504 2693
1175 209 730 4243 2465 4264 624 2947 1919 2014 516 4432 1787 3123 3874 2465 1088 1989 1312 3874
2610 1545 2947 4061 1065 4447 356 1424 4572 4900 4905 2499 4752 789 3285 1757 2790 1981 3811 1026
4736 3153 2726 2306 1352 1111 4730 866 3120 3872 1578 4766 696 4597 4890 3959 3079 2436 4987 4996
4697 4609 2519 3265 2236 1486 1410 4252 2108 1893 3233 1417 2289 3931 4518 2338 2465 1564 2451 629
163 4758 4082 4524 780 3285 2370 3514 2179 3778 1381 1067 1897 2602 1800 4658 1210 1529 2000 4874
2345 809 3946 4127 4586 1888 4062 1211 4124 321 173 2305 3976 3337 2729 2610 2527 1545 4852 1888
1451 3876 449 2346 3824 3826 3822 823 3481 823 44 677 1887 3521 790 4865 390 3874 4055 2286
508 1698 1130 2918 2486 3430 4245 314 1088 4161 2465 4542 1230 2789 1283 4191 396 3629 593 897
922 4754 1946 4051 4668 3869 325 3123 1088 2866 321 2610 1981 4000 938 2607 3984 568 3460 136
4464 3425 1097 3306 1856 1088 3729 3206 717 3810 742 1941 1664 4141 4464 4039 3891 3303 4099 3786
3656 3730 768 2205 2703 2705 136 3335 4057 838 4983 4712 1768 3390 3858 2629 3285 3874 2305 2750
