620 686 684 688 686 686 684 682 684 686 130 686 686 450 682 686 686 360 630 686 686 650 686 686 686 686 686 682 686 686 686 686 686 686 620 960
630 686 686 686 684 470 686 682 686 686 620 686 686 740 686 630 686 686 686 686 686 686 686 686 380 684 470 650 610 686 686 686 686 686 686 682
620 686 687 684 686 686 686 686 380 684 686 686 686 682 686 682 910 760 686 686 686 686 686 686 684 684 686 686 686 950 686 150 650 630 686 684
682 680 686 686 682 682 684 686 686 686 686 686 686 686 686 650 686 540 450 686 686 686 510 686 687 686 686 686 630 680 686 686 920 686 640 760
150 686 682 640 686 680 686 686 620 682 684 686 686 686 650 950 620 650 150 686 686 686 430 686 660 350 686 686 686 630 686 686 610 686 670 686
620 686 686 686 684 686 686 550 686 686 686 686 686 640 682 686 686 686 580 686 686 570 686 390 686 682 686 630 686 686 686 686 686 930 686 686
686 686 686 570 682 686 630 520 670 682 686 130 440 686 684 686 420 760 760 686 640 686 686 686 686 686 684 686 682 686 686 350 610 682 220 684
684 220 686 686 686 686 686 682 686 684 682 660 970 686 686 510 540 686 686 370 686 687 686 686 686 686 686 684 686 130 686 686 360 682 686 686
682 686 686 630 682 686 960 682 686 684 980 682 686 684 650 686 682 670 684 686 686 680 686 380 686 686 682 210 686 684 686 686 686 630 686 686
750 684 686 686 686 687 380 620 686 630 684 686 686 550 686 686 684 688 686 686 630 650 686 686 686 686 150 684 686 686 686 686 610 686 686 682
620 660 686 686 640 686 686 686 682 682 686 350 630 670 686 686 686 686 686 686 550 686 650 470 686 682 686 360 686 686 686 686 684 686 686 686
680 360 684 686 686 686 684 686 490 686 640 684 686 686 450 670 686 686 686 686 686 688 684 686 640 686 686 682 960 760 650 686 686 510 686 682
630 686 686 630 686 640 686 670 684 682 686 686 686 686 684 686 686 686 660 686 686 682 686 686 686 686 686 686 620 686 380 686 686 686 686 686
684 686 950 590 360 686 684 686 686 684 550 310 684 680 686 686 370 684 620 686 540 686 684 685 686 130 686 510 750 610 686 686 686 680 360 686
650 686 686 686 686 686 684 686 620 670 686 686 684 630 550 686 686 686 687 686 686 686 686 686 650 686 686 686 960 540 686 682 684 684 686 580
640 686 686 686 686 680 686 684 540 686 684 686 682 684 686 610 686 682 686 686 684 686 686 360 350 686 686 686 920 686 684 686 684 640 686 684
686 650 470 760 686 686 685 680 686 686 686 684 686 687 686 686 540 686 360 686 684 686 684 610 686 686 670 686 684 686 682 686 150 686 630 940
220 684 630 686 682 650 686 686 686 686 686 686 686 686 370 686 686 650 800 684 640 686 686 682 430 660 686 684 684 686 686 686 686 686 686 682
540 686 686 686 150 686 510 684 686 686 686 686 686 686 684 686 686 686 686 686 670 450 686 580 686 686 760 682 686 688 686 686 650 686 686 686
684 650 686 686 686 640 960 686 685 630 688 686 686 686 686 686 686 682 684 150 510 684 686 686 460 686 686 686 686 720 686 686 570 686 686 510
550 686 684 640 686 686 686 686 686 686 686 686 686 680 686 140 686 684 688 686 686 684 686 680 480 686 630 686 686 620 686 680 640 460 686 686
960 686 684 686 686 640 682 684 684 686 460 686 630 686 684 510 686 310 686 686 686 686 630 680 686 686 686 684 686 686 684 610 686 920 686 680
680 684 630 684 686 686 686 686 686 686 686 684 686 610 686 370 686 686 670 686 686 686 686 530 686 930 686 686 686 350 686 686 640 684 686 686
684 682 686 120 686 950 350 686 686 686 686 380 686 630 450 686 686 682 686 640 686 682 686 684 686 686 150 686 800 630 686 360 686 686 686 684
684 650 630 960 670 686 686 450 686 686 686 686 686 686 686 910 620 686 684 686 687 684 910 682 686 686 682 686 688 686 686 686 686 686 686 682
684 686 680 686 950 686 686 684 686 686 686 686 684 680 370 686 686 950 630 686 686 686 686 390 686 980 686 630 760 684 686 680 686 686 450 686
630 682 686 686 684 682 360 686 360 680 686 360 930 686 686 684 686 686 686 970 680 686 686 686 682 660 682 682 950 540 630 686 686 686 686 686
686 686 686 686 685 686 686 686 686 688 686 210 682 660 930 686 480 684 686 686 686 630 686 686 550 570 686 630 684 684 686 686 760 684 686 686
684 686 470 684 686 686 686 686 960 686 686 620 150 480 684 686 686 686 686 450 686 686 686 630 686 686 684 686 680 680 686 686 686 686 686 686
684 686 686 686 686 684 686 686 686 640 686 686 686 682 686 682 686 650 686 686 930 686 490 686 510 630 260 686 686 686 686 686 686 684 510 684
960 540 682 686 686 350 686 686 686 682 686 684 684 686 686 150 682 686 686 686 686 540 686 686 686 686 686 686 682 686 686 684 950 686 630 687
684 682 630 550 686 640 686 686 686 540 670 760 686 150 370 480 686 686 686 686 680 686 660 682 686 686 686 684 686 686 686 630 390 685 686 686
686 640 686 510 686 686 685 686 686 686 686 684 686 686 686 640 686 686 686 686 480 686 686 686 685 686 630 686 686 686 660 686 686 686 686 686
630 682 685 960 620 687 686 682 686 550 686 686 686 686 686 660 686 380 682 686 686 686 686 686 686 350 686 682 684 686 686 570 684 686 686 686
660 686 686 686 686 686 686 686 640 686 686 510 684 686 686 684 686 686 684 686 684 686 686 580 686 210 686 686 686 686 650 686 684 686 620 686
330 670 686 110 686 660 686 686 686 686 684 686 760 686 684 686 686 370 686 130 580 686 686 686 684 686 686 620 686 686 684 686 684 640 686 686
352 570 470 686 686 686 686 800 320 120 686 686 684 686 686 686 230 650 686 686 686 370 684 960 630 686 686 686 680 686 686 687 684 686 686 686
687 686 686 682 686 670 650 686 686 686 686 550 800 684 684 686 686 684 550 720 450 686 686 684 686 686 510 686 684 682 686 684 686 686 686 686
686 630 682 686 686 682 640 680 686 686 686 630 682 686 686 686 686 686 686 650 686 640 686 670 650 686 682 686 686 550 684 660 620 684 686 570
684 686 800 686 686 686 686 686 686 682 430 910 686 686 686 360 684 650 685 686 684 684 670 684 686 686 686 686 686 686 686 686 682 686 684 686
460 980 686 682 650 686 686 686 686 686 680 686 686 686 686 686 380 684 682 684 686 684 684 684 686 686 686 682 680 686 686 686 686 686 684 686
650 460 686 684 686 682 687 684 686 686 686 680 682 630 686 686 684 684 686 686 650 686 660 686 686 686 950 260 686 682 686 686 686 686 684 686
684 684 620 970 686 684 686 686 680 620 686 250 510 685 650 686 630 686 650 686 686 686 684 686 686 686 686 390 686 686 686 686 684 686 686 686
686 760 684 686 460 686 686 686 686 686 686 686 684 686 686 687 684 686 686 686 560 686 686 686 684 450 640 682 686 682 686 686 684 460 686 610
684 682 350 686 682 686 640 686 640 390 686 686 686 686 686 686 686 686 960 686 686 682 684 686 686 686 150 686 686 684 630 686 686 686 686 686
640 686 686 430 686 686 686 686 685 360 686 960 682 685 686 680 630 540 686 650 686 686 686 686 688 686 360 686 682 684 686 660 686 684 684 686
630 510 660 686 687 686 480 684 686 686 686 686 660 670 450 686 684 684 686 684 687 686 682 686 682 686 640 686 686 686 686 920 686 684 686 686
686 686 686 670 320 630 686 680 686 684 684 686 686 686 684 686 686 686 686 686 686 310 686 686 670 950 686 686 686 686 686 686 686 686 686 686
686 686 620 686 686 682 550 650 670 686 684 686 450 686 686 686 660 686 686 686 682 686 510 686 686 686 686 686 686 686 640 610 686 686 684 686
682 686 686 686 684 660 686 686 686 686 686 687 686 684 684 684 686 686 684 684 686 150 686 686 684 210 630 660 686 930 686 680 660 686 686 686
620 686 686 682 620 580 680 684 640 682 686 686 640 686 310 686 686 686 686 686 686 686 686 686 680 686 684 682 686 670 686 686 686 470 686 686
540 686 684 686 686 686 920 685 682 686 684 680 686 684 686 686 686 686 686 688 686 682 686 686 140 686 686 686 360 640 686 550 686 686 686 686
510 686 686 686 687 686 686 684 920 686 686 682 686 684 686 686 390 686 682 682 686 150 686 686 130 686 670 560 682 686 640 686 686 686 686 620
140 686 686 686 686 686 686 510 670 686 684 360 686 770 970 686 686 686 686 682 686 686 686 460 686 660 220 685 684 684 687 682 686 580 684 686
686 610 686 640 686 686 685 680 686 686 686 686 360 686 686 686 686 684 686 686 686 686 686 686 684 390 686 686 686 686 686 610 686 640 686 550
550 686 620 686 684 640 686 684 684 630 686 686 686 686 686 686 686 686 682 670 630 640 910 688 686 580 686 460 950 686 686 686 686 950 686 686
686 960 686 686 686 686 670 686 650 684 670 686 686 684 150 220 686 686 686 960 686 670 684 550 686 686 687 686 770 670 686 684 686 686 686 684
620 800 686 686 686 630 210 686 686 510 682 686 686 610 684 660 686 686 540 686 686 686 686 682 686 686 686 686 686 686 682 686 686 750 682 680
686 686 686 686 686 686 686 460 686 686 480 684 686 150 680 684 930 686 550 682 686 550 380 686 686 686 686 630 650 686 686 686 684 686 684 686
686 686 910 686 686 686 680 360 686 684 686 685 686 770 686 686 684 550 950 682 686 686 686 682 930 686 686 686 686 686 686 770 686 686 550 686
684 686 684 670 686 630 686 686 550 686 686 686 686 686 686 686 686 686 684 620 684 682 684 686 130 686 682 510 686 684 670 686 682 686 686 686
680 680 110 360 686 684 686 460 686 540 360 686 686 670 685 684 686 360 686 686 686 686 680 160 660 686 682 686 686 670 686 686 686 686 620 684
684 686 686 686 480 684 686 940 570 686 686 686 686 682 686 686 686 686 630 686 682 686 682 686 960 686 686 680 686 686 670 640 670 670 686 686
620 686 686 686 686 686 686 686 686 686 688 630 686 560 930 686 686 686 630 686 686 682 686 210 686 686 684 580 684 686 686 686 686 686 686 686
686 686 686 682 686 350 686 686 686 510 684 330 660 380 960 686 686 686 686 684 682 686 950 682 540 630 686 686 950 686 684 680 686 686 686 686
686 684 684 684 680 686 685 540 686 670 620 682 686 684 686 620 686 684 450 684 660 686 970 670 682 630 686 630 686 620 686 682 686 760 686 686
686 620 686 686 950 682 687 620 650 670 650 686 686 686 686 686 650 686 686 686 686 380 686 686 682 630 684 686 686 684 686 620 684 686 800 630
686 686 686 686 660 686 682 686 684 686 686 530 630 682 686 686 660 686 686 686 684 686 686 686 686 685 686 686 686 150 950 686 686 686 686 686
510 686 686 950 110 684 630 685 686 686 686 686 684 686 686 686 686 686 686 510 686 686 686 686 686 682 686 686 686 686 686 686 686 686 686 686
686 686 686 680 686 682 686 686 680 686 686 660 580 686 684 760 630 686 686 686 686 687 686 686 682 686 686 686 686 630 686 640 686 686 440 682
686 684 686 687 120 686 800 686 670 670 686 630 510 686 686 686 686 910 684 684 686 684 686 686 686 688 650 684 686 686 686 570 684 630 686 670
686 686 686 684 686 686 686 686 686 686 670 686 686 670 684 686 960 686 686 686 684 682 686 682 686 686 686 686 686 686 686 684 686 686 686 686
910 610 150 686 686 686 686 686 682 686 670 686 682 686 686 120 686 150 686 685 686 686 620 686 686 686 686 640 686 686 686 686 686 686 686 686
770 760 686 686 684 686 685 686 686 686 686 686 686 686 684 686 686 670 686 540 686 684 684 920 686 686 684 686 685 682 686 686 686 686 682 686
684 670 686 960 686 686 686 684 686 686 686 686 686 686 684 686 686 660 686 686 686 686 686 684 686 670 686 660 150 686 686 682 686 686 470 510
480 686 680 540 684 630 920 686 750 682 686 686 682 630 630 510 150 686 686 570 686 687 620 460 686 686 686 686 686 640 686 686 660 670 686 580
682 686 686 685 684 686 686 686 686 686 686 686 686 686 686 140 640 670 686 686 630 684 380 680 686 684 686 686 686 620 686 684 686 686 684 686
686 686 460 670 686 686 510 686 930 686 686 686 910 686 686 630 686 686 686 686 686 686 686 686 686 570 684 686 682 686 682 682 686 686 686 686
480 686 686 686 686 686 682 630 686 620 686 686 650 686 684 686 910 580 680 490 680 630 686 686 460 680 684 686 120 686 686 630 350 684 686 682
686 686 684 684 686 620 686 686 685 686 760 686 684 680 684 686 682 686 950 686 686 686 686 670 686 684 686 660 686 686 686 686 682 686 686 686
950 660 920 686 686 686 686 680 686 682 686 686 684 686 686 686 970 686 686 686 686 686 686 684 686 640 620 682 640 120 686 686 680 687 686 686
686 686 110 360 686 686 686 670 686 686 960 686 686 686 686 686 686 686 686 460 686 684 720 686 682 950 686 686 620 686 686 350 686 686 682 688
684 660 130 686 640 684 686 684 620 686 686 686 686 684 686 580 686 686 686 210 684 686 686 684 686 686 684 630 630 686 686 684 686 686 150 640
686 686 686 686 686 686 682 686 686 540 686 686 686 687 686 685 380 130 686 686 686 686 686 686 686 686 686 686 686 682 686 570 686 686 686 686
682 682 686 686 670 686 686 686 684 686 760 680 686 460 930 686 682 686 686 686 684 686 670 687 682 682 682 686 686 680 686 686 686 686 686 684
720 640 460 686 686 680 660 686 686 686 686 670 682 360 686 420 686 687 682 680 686 480 686 686 686 686 686 687 540 580 660 686 682 686 620 684
682 684 686 686 686 686 686 686 620 660 686 686 686 686 686 686 686 390 686 686 260 686 684 660 686 686 685 682 686 610 686 680 930 686 684 686
360 650 570 686 686 230 640 510 686 686 686 686 686 686 660 686 686 686 650 686 686 684 686 686 686 684 686 686 450 360 684 650 480 140 687 800
630 686 630 686 684 686 686 686 688 686 686 682 660 390 684 970 684 686 686 686 686 686 686 686 686 684 684 590 686 686 686 686 360 686 686 250
684 680 686 640 760 686 685 682 686 620 630 686 686 687 686 686 720 686 682 686 682 470 686 686 630 686 686 570 687 650 960 390 370 490 686 682
110 670 686 686 686 480 686 686 686 686 684 680 640 686 670 686 686 686 686 686 686 686 680 686 687 686 910 686 684 640 686 686 684 686 686 360
670 686 682 686 686 686 130 430 686 390 686 686 686 680 686 682 680 686 686 686 480 686 682 686 686 686 684 960 750 760 684 686 686 686 684 684
670 686 686 682 580 686 686 684 686 686 770 686 686 686 688 686 686 686 770 686 686 682 686 686 686 686 686 686 670 684 650 686 540 686 684 680
686 686 682 620 686 684 420 686 686 680 230 684 684 640 686 770 640 686 360 640 150 686 686 686 688 950 684 610 770 686 686 686 950 510 686 570
450 686 686 684 630 660 680 684 684 686 686 640 686 684 686 380 684 686 630 686 682 686 686 360 686 686 130 682 686 684 630 970 630 640 686 960
686 686 686 687 686 580 686 686 686 686 686 686 682 686 686 686 670 686 682 682 686 684 640 686 710 360 686 670 686 686 686 686 686 686 686 686
686 684 686 540 620 686 684 680 950 686 686 686 680 686 684 688 650 682 684 686 684 630 686 620 686 686 686 686 670 686 686 684 686 686 686 686
684 686 684 686 686 686 680 686 550 686 686 686 686 686 684 686 686 540 684 686 686 686 620 684 930 540 686 682 686 686 682 960 686 686 686 686
686 686 684 686 686 686 686 686 684 686 684 686 686 686 684 510 630 686 686 682 686 682 682 686 686 684 686 686 686 686 686 687 682 670 686 380
685 686 682 686 680 686 686 682 686 686 520 686 670 686 686 620 686 686 686 686 686 686 630 686 684 686 686 686 686 580 686 686 682 686 686 360
686 470 686 686 686 686 686 740 686 682 686 686 686 686 684 686 686 684 686 686 686 682 686 686 686 620 684 686 682 686 660 686 670 686 685 682
686 670 686 660 682 686 686 670 610 686 686 686 686 640 930 570 686 686 686 684 686 686 686 686 686 682 660 220 686 620 630 686 350 950 686 686
660 530 380 682 682 650 686 686 686 630 540 686 684 770 684 686 686 682 550 686 686 510 686 686 686 686 480 684 150 686 684 800 686 670 686 682
686 686 686 686 686 720 686 687 686 770 686 684 686 686 684 682 686 686 540 686 682 684 686 686 686 230 686 684 686 686 620 686 686 686 686 686
686 686 686 686 686 640 686 686 686 630 682 210 470 686 686 686 686 480 686 686 686 685 686 640 684 686 320 686 686 686 686 686 686 686 686 686
682 686 686 686 686 686 686 686 686 686 686 684 930 686 686 686 688 686 686 686 686 686 686 686 686 686 682 360 650 686 686 686 686 686 380 686
686 130 686 510 686 684 760 682 686 930 686 684 150 682 684 760 686 950 684 686 686 670 686 686 686 686 686 686 686 460 686 685 686 686 684 684
510 686 686 686 685 682 686 686 684 686 686 686 686 686 682 680 630 686 686 686 640 686 682 686 684 686 686 460 686 686 686 686 686 670 686 460
670 686 686 682 680 686 686 686 682 686 686 686 460 640 686 686 670 685 660 686 677 686 686 682 686 686 686 686 686 686 684 686 620 686 682 686
650 686 686 930 130 684 686 220 682 686 684 686 920 570 686 686 686 686 684 686 686 684 350 686 686 670 650 660 686 686 686 686 682 684 480 540
720 380 686 684 682 686 686 950 686 686 686 920 686 686 330 650 684 686 686 684 682 686 686 682 684 686 686 686 640 686 686 686 684 686 720 670
686 686 470 686 682 686 686 670 686 684 620 686 686 688 682 686 950 684 682 684 686 682 640 684 630 686 686 686 686 686 685 380 686 687 686 684
630 370 686 686 650 684 684 686 682 670 686 686 684 686 650 686 686 640 684 530 686 686 686 686 686 350 686 630 630 620 930 640 670 686 684 390
640 686 686 660 686 684 686 630 686 684 150 770 780 686 686 684 686 686 686 686 684 686 140 686 682 686 660 686 684 686 686 684 660 686 686 686
686 380 682 684 360 686 640 686 686 686 686 686 686 684 686 686 686 686 450 686 684 670 686 686 684 540 686 686 660 640 686 686 686 686 650 686
150 686 150 686 686 686 550 684 686 686 580 686 686 686 686 660 580 684 682 686 686 686 686 684 687 684 686 650 686 687 360 686 630 686 686 686
686 682 686 560 686 660 686 686 686 686 686 686 686 630 630 686 570 686 686 687 686 686 684 686 686 640 670 685 686 686 686 684 686 686 686 686
540 686 686 686 430 686 686 684 686 684 684 684 686 686 686 686 686 630 686 686 686 686 684 686 684 686 686 686 686 686 686 686 640 360 686 686
560 684 686 686 720 686 686 686 686 686 686 640 686 686 686 688 686 686 686 686 140 686 670 684 686 684 686 750 686 686 470 686 686 686 686 686
660 460 660 620 610 360 930 686 686 230 686 686 630 686 686 686 686 687 686 686 686 686 630 684 684 684 686 686 684 630 686 686 686 686 510 150
240 682 650 686 686 682 686 910 686 687 686 686 686 687 686 686 684 686 686 686 686 680 686 686 380 686 686 684 686 686 630 686 685 686 640 686
650 686 686 686 682 684 686 684 686 686 720 670 686 686 686 686 686 686 687 684 686 686 684 682 686 686 686 686 540 540 686 686 682 670 686 686
760 686 560 686 686 684 682 530 686 682 684 686 684 686 686 660 686 670 686 380 560 684 686 420 670 686 682 686 686 686 686 686 686 686 686 682
686 686 686 630 630 150 686 684 686 686 686 540 682 684 660 630 686 930 684 680 686 686 950 686 682 686 686 686 686 610 686 670 686 686 686 686
950 350 682 684 686 686 686 684 686 686 910 670 360 460 686 686 686 686 686 686 686 686 682 390 450 686 686 686 390 680 686 686 620 686 686 686
760 490 686 686 686 686 686 682 686 684 686 686 682 686 560 682 630 686 630 630 686 686 684 686 686 686 686 610 686 540 620 686 686 686 680 686
640 450 686 686 686 630 686 684 686 686 686 682 686 686 686 686 620 686 685 670 686 686 800 686 686 686 686 686 630 686 686 640 686 640 686 684
682 686 686 460 630 687 480 350 686 686 630 684 630 686 686 686 684 650 686 930 640 686 630 550 686 682 670 686 640 660 686 684 150 686 685 684
686 686 686 686 950 686 684 684 686 660 686 686 640 970 682 684 450 686 686 686 686 686 686 630 686 660 686 686 686 686 480 686 686 640 686 970
580 510 686 686 686 686 686 686 686 686 686 660 686 686 686 685 685 930 686 686 686 684 670 670 686 686 684 760 684 680 686 682 350 686 686 686
540 680 686 800 686 686 686 686 686 686 380 640 686 682 670 686 682 640 682 686 684 630 686 686 686 580 686 686 686 686 686 686 686 686 920 686
686 684 630 670 920 670 330 686 684 686 670 550 686 130 686 684 686 686 960 686 620 686 686 130 686 670 686 682 684 686 910 686 686 770 685 686
800 686 686 660 910 680 684 682 686 682 686 686 686 686 620 686 686 687 480 650 684 910 684 686 686 360 686 686 960 686 686 686 686 684 686 686
260 686 686 686 684 686 684 686 686 686 684 630 686 686 610 770 686 686 950 682 686 686 686 686 684 686 686 630 630 686 670 686 640 684 670 686
670 686 686 686 686 685 686 686 686 686 630 686 684 686 470 580 686 550 684 682 686 686 686 686 686 684 686 686 660 688 684 682 620 670 684 800
686 684 686 686 630 420 650 682 686 640 684 630 686 686 682 680 686 684 684 686 470 686 686 682 580 686 686 686 430 684 686 650 686 686 686 630
720 680 684 686 360 686 686 684 686 650 686 686 460 460 686 560 686 686 686 510 686 686 682 686 960 480 686 686 682 686 682 686 686 686 686 686
770 630 686 620 682 686 630 686 630 686 686 684 686 610 640 460 930 686 660 686 686 883 686 686 686 686 686 686 686 570 686 686 686 540 640 682
920 686 470 684 550 685 630 686 686 686 686 686 686 670 686 686 950 686 686 950 686 360 686 686 686 650 686 682 686 630 686 684 684 686 684 686
684 630 650 686 670 630 686 686 686 843 686 686 580 960 686 687 960 686 686 686 686 686 686 684 510 686 682 686 688 682 686 380 686 686 687 686
686 686 650 686 150 686 686 686 920 686 686 682 686 686 686 686 160 670 687 686 686 686 686 760 660 686 686 650 686 684 686 360 684 686 686 686
950 684 650 686 686 686 686 686 687 620 686 686 686 630 686 686 686 680 686 686 686 686 686 686 510 470 686 684 684 686 686 686 670 686 686 670
720 682 686 510 686 686 686 686 680 686 686 686 686 686 360 650 686 682 686 686 686 686 686 686 685 686 490 686 686 686 686 686 686 670 686 660
670 630 686 686 682 686 684 570 680 686 540 684 686 686 686 660 660 682 686 686 686 686 686 682 686 540 686 687 686 686 640 670 684 670 682 682
685 686 686 510 760 686 686 686 686 686 686 686 686 110 640 688 630 686 686 686 686 686 686 650 686 682 610 687 686 682 760 950 685 686 686 660
940 310 682 686 686 686 920 686 686 686 770 686 682 610 686 687 660 610 686 684 686 682 760 686 670 670 686 686 620 686 684 686 682 686 686 688
390 686 687 660 480 686 686 960 686 350 686 640 686 150 686 680 686 920 686 686 684 686 686 686 684 686 686 110 540 650 686 684 660 250 660 686
686 686 686 540 686 686 686 670 640 686 610 686 686 630 630 686 685 684 686 686 680 684 686 684 686 750 630 686 686 630 686 686 686 686 686 686
640 686 686 686 686 640 686 686 686 682 686 950 686 686 930 682 684 682 670 686 420 682 520 686 686 650 682 686 686 686 686 686 682 550 684 686
688 686 684 682 682 686 686 686 686 630 686 686 682 140 960 686 650 540 650 686 686 686 620 686 684 686 686 686 686 686 686 684 684 686 960 684
686 686 686 686 580 682 686 686 686 686 960 686 686 687 686 684 686 686 685 360 130 682 686 540 684 480 682 686 686 770 682 684 686 680 686 686
682 686 684 210 670 686 686 686 670 686 686 686 686 684 160 686 685 686 686 686 650 687 686 684 686 686 684 230 680 686 686 686 686 630 684 686
670 650 682 970 686 684 686 686 684 350 950 640 680 684 686 686 686 686 685 670 686 680 686 686 684 150 684 686 686 430 686 686 470 510 684 686
650 686 682 670 470 686 510 686 686 684 610 686 686 490 450 686 686 686 920 684 686 630 960 686 686 682 684 686 686 686 684 686 680 686 686 550
540 950 686 686 682 686 686 670 220 686 550 684 686 950 686 686 686 684 684 650 686 686 684 210 686 686 685 686 686 620 686 686 686 686 684 686
685 684 684 800 970 685 686 686 920 686 686 686 684 686 682 684 684 230 150 686 684 687 650 684 686 686 686 640 686 686 686 950 680 686 686 630
686 684 684 686 540 686 686 686 920 470 686 310 680 686 950 686 686 686 686 686 686 684 686 686 686 686 684 686 686 686 686 650 686 682 686 660
686 686 684 686 920 686 370 670 687 686 684 684 686 682 686 686 680 680 686 580 686 686 660 686 686 680 684 686 682 510 686 540 686 684 684 650
686 686 640 540 686 686 686 686 680 680 686 686 760 490 650 350 682 684 686 680 686 686 720 686 686 686 684 686 686 686 686 686 630 630 686 682
450 686 686 684 686 686 686 686 686 686 680 686 686 640 686 640 686 685 684 686 684 682 686 686 680 686 684 686 686 686 686 686 920 686 686 686
450 686 650 684 686 686 686 684 686 686 686 620 686 686 630 686 630 680 630 682 686 650 660 686 650 686 684 684 684 650 686 684 686 684 686 686
760 686 686 460 650 686 686 310 460 650 686 684 686 682 684 686 686 686 684 686 682 686 686 640 684 686 686 686 630 686 686 686 682 686 686 686
686 686 686 686 686 686 685 230 686 686 686 380 150 686 680 686 686 360 150 684 684 682 686 686 650 640 682 686 686 686 686 686 686 960 686 685
670 686 686 686 686 686 686 686 686 686 686 686 684 686 686 680 686 686 980 686 684 687 686 686 686 510 684 686 682 686 686 686 610 686 686 630
686 686 686 120 686 686 686 686 686 682 720 686 686 686 686 620 686 640 682 686 686 686 650 686 686 686 686 682 682 686 686 684 750 686 686 684
660 686 686 684 686 686 686 686 686 670 686 686 686 630 686 686 770 686 684 685 684 686 686 686 630 350 686 686 686 686 910 682 686 686 686 684
540 684 686 686 684 686 684 688 660 686 686 686 610 686 686 686 686 686 640 686 686 686 950 686 686 800 686 686 686 685 686 686 686 684 686 360
685 630 686 686 390 686 686 686 686 682 686 686 686 686 686 686 680 450 720 686 686 686 930 686 684 684 682 684 686 684 684 686 686 686 686 686
684 682 686 686 686 686 686 684 770 686 686 686 684 682 350 686 686 686 684 686 684 680 686 460 686 686 686 686 686 687 686 580 686 686 686 686
686 684 686 686 686 540 686 686 460 686 686 686 640 686 686 686 686 686 684 686 780 130 682 686 686 360 686 686 686 686 686 686 686 960 686 686
686 685 686 686 684 686 510 686 684 686 686 960 686 682 686 686 686 686 682 684 686 686 684 686 686 686 686 682 684 682 686 686 686 684 686 686
686 686 686 930 685 686 682 650 670 682 686 686 682 684 210 686 686 686 682 686 686 740 682 660 687 686 686 682 480 686 686 686 686 686 110 686
686 686 650 150 684 684 686 630 686 650 620 686 680 686 686 682 960 686 684 686 686 686 684 686 686 686 686 450 686 686 686 684 684 686 686 686
910 682 684 686 684 680 686 686 686 687 686 160 686 687 682 686 686 686 510 620 686 686 686 686 650 686 684 684 670 686 686 350 686 686 686 670
760 686 686 686 687 686 686 686 686 686 686 640 650 686 720 670 686 684 760 686 150 686 684 686 686 686 686 686 686 650 686 720 684 686 380 686
685 686 686 686 686 350 930 686 686 630 682 686 686 685 686 686 686 686 686 630 686 686 686 686 680 686 686 800 686 686 686 520 686 686 640 686
686 310 686 686 630 686 450 686 686 686 686 686 686 980 686 630 630 686 686 686 682 380 680 686 686 682 686 682 686 650 682 682 686 686 684 910
630 910 686 686 686 686 686 686 620 686 682 682 684 686 685 340 686 686 450 686 686 686 684 686 686 686 680 686 686 670 470 684 686 686 686 686
686 630 686 686 450 686 684 550 686 310 684 686 670 684 686 686 686 686 360 470 150 682 530 970 686 510 682 686 686 688 686 630 684 680 686 686
686 950 686 686 630 686 686 686 684 686 682 682 686 684 686 686 686 684 685 682 620 686 684 630 686 684 620 686 684 686 686 684 550 684 686 680
350 760 686 686 360 686 686 760 686 684 686 360 686 686 686 686 686 686 686 630 686 684 686 686 686 686 686 685 686 680 686 684 686 686 687 686
684 686 684 620 686 686 686 682 686 682 686 480 686 684 686 686 686 684 686 686 682 686 686 686 686 686 580 650 530 640 760 620 686 630 684 686
686 686 686 686 685 630 570 686 950 686 960 570 686 800 686 686 686 460 686 682 960 682 550 570 686 686 686 682 630 686 686 680 460 150 686 686
380 686 686 686 686 380 580 310 682 684 470 686 686 686 686 670 670 670 686 686 650 220 686 580 686 630 682 686 670 686 686 630 684 686 540 686
686 540 686 680 980 686 570 950 686 680 630 682 686 686 682 686 686 150 686 686 650 686 686 150 150 686 620 686 687 960 684 686 686 684 686 682
620 380 682 970 670 686 686 686 686 686 684 686 350 686 680 686 686 686 760 630 710 620 686 686 570 684 686 910 686 686 686 670 686 686 686 686
684 350 686 570 686 680 684 360 420 460 686 760 686 450 686 686 686 686 686 686 650 630 686 684 686 686 686 686 686 686 680 685 670 686 686 680
686 670 686 686 686 686 660 980 686 686 640 686 686 686 686 686 686 686 720 370 680 686 684 686 686 686 686 640 686 684 685 684 686 686 970 640
684 160 682 570 685 686 686 960 686 686 686 670 686 686 360 686 686 686 682 686 540 640 580 720 686 950 686 686 686 686 686 686 370 686 686 686
210 686 685 650 686 686 686 686 686 686 686 680 686 686 682 650 686 686 686 686 686 686 630 620 684 650 686 686 550 682 686 686 686 684 686 686
680 686 686 686 686 682 684 686 670 686 686 686 800 686 686 686 686 686 686 684 686 686 686 550 670 686 684 686 800 686 686 686 684 640 140 686
686 590 686 686 686 686 610 686 686 686 684 684 686 360 686 686 684 150 660 680 686 686 686 686 686 210 686 686 686 686 686 640 682 686 686 686
684 686 686 684 686 686 686 682 680 686 684 686 686 686 686 686 686 684 686 684 630 686 686 686 686 686 686 686 684 686 686 686 630 686 450 684
686 686 630 686 686 686 630 686 682 684 686 686 686 686 686 686 686 686 686 680 710 670 684 686 686 686 686 686 686 510 650 640 686 686 686 910
150 630 686 686 670 686 686 340 686 686 686 686 680 686 684 660 684 686 682 682 686 682 686 686 686 680 686 950 686 686 686 686 682 684 686 686
686 670 686 684 950 520 630 686 686 682 686 682 686 130 686 686 686 686 686 686 540 686 686 686 686 686 682 686 682 620 686 686 686 686 360 630
130 686 950 685 684 660 686 684 682 640 686 686 684 685 540 686 686 685 686 686 930 686 686 640 750 684 686 686 686 670 684 684 686 670 686 686
44 670 670 686 640 570 620 470 686 686 680 682 686 686 682 650 950 686 686 670 685 684 684 686 686 620 686 390 510 682 360 970 920 686 686 686
686 686 684 686 686 684 686 686 686 684 760 686 686 686 686 620 686 686 686 686 686 650 688 640 686 550 686 686 960 640 686 686 686 685 686 686
686 686 686 630 686 686 686 686 686 682 680 460 684 686 686 686 570 686 510 686 686 686 684 360 684 686 686 686 686 684 570 670 650 686 686 650
686 680 686 686 660 686 650 360 650 686 670 686 684 650 685 640 686 540 686 682 686 686 686 682 686 686 686 684 682 686 686 686 540 686 686 686
550 686 160 686 770 686 684 686 686 682 686 960 650 686 460 686 686 686 686 686 630 686 682 686 686 686 682 686 686 920 686 686 686 130 686 686
910 682 686 686 686 630 684 686 686 580 686 650 686 630 550 686 686 682 580 686 686 640 686 686 686 686 686 360 686 686 682 684 660 686 684 686
686 686 686 450 220 685 640 684 686 686 686 686 684 682 686 685 686 686 686 684 686 686 686 950 686 686 686 686 620 800 570 980 686 430 980 686
130 686 930 686 686 686 686 686 686 686 686 686 686 687 686 684 686 682 684 686 686 580 684 686 686 920 686 670 660 686 630 688 686 685 460 360
686 684 686 686 510 684 120 686 686 660 686 630 686 686 686 686 686 684 686 230 380 684 686 684 686 686 686 686 684 686 686 686 684 686 580 686
686 540 630 670 630 770 960 640 682 682 686 686 684 140 686 686 770 686 686 686 480 682 686 686 686 686 686 682 686 686 686 686 686 686 686 540
686 650 685 686 686 682 687 630 686 686 686 370 580 686 684 630 686 686 684 686 686 686 686 686 686 686 686 684 970 580 686 686 682 682 686 686
686 510 480 560 320 686 380 686 682 686 682 682 686 684 682 920 686 540 686 650 686 686 684 686 630 680 580 686 660 684 640 630 684 686 686 420
140 480 682 686 686 686 620 684 686 686 430 682 686 682 686 550 930 686 630 686 780 686 686 670 720 684 640 686 686 686 686 686 687 686 686 684
686 686 686 686 630 684 684 686 684 686 686 686 686 910 686 686 686 686 686 686 680 620 684 686 682 686 650 670 686 686 686 684 686 360 686 686
360 686 686 640 360 686 686 686 686 686 670 620 686 686 686 686 686 686 686 686 630 686 686 686 686 686 686 630 682 686 686 740 680 686 630 682
460 960 686 460 686 686 686 686 686 686 686 686 686 390 686 686 685 687 686 686 686 686 682 684 686 682 686 684 682 980 686 686 686 684 670 684
460 686 686 686 686 686 685 682 950 686 686 688 520 684 720 686 684 686 686 686 960 686 686 630 684 684 686 686 640 686 920 684 684 686 686 686
760 410 686 686 686 684 686 682 686 686 686 684 684 670 686 684 686 682 686 686 640 686 686 686 430 682 686 686 684 950 680 684 686 660 686 686
686 686 682 686 686 686 686 686 686 686 686 686 686 686 630 320 640 686 670 686 686 686 682 684 640 686 684 686 684 686 686 686 670 686 686 686
682 686 350 686 687 686 686 686 686 684 686 686 670 686 684 682 686 120 686 480 686 684 740 686 686 682 682 686 686 760 660 686 686 760 686 686
684 640 684 686 480 686 686 686 686 686 670 686 687 650 682 630 686 684 680 684 684 686 686 686 686 490 686 686 686 685 760 684 682 640 686 686
686 686 720 980 650 684 684 686 686 686 686 686 670 686 684 684 684 620 686 680 630 620 686 686 686 687 682 960 660 680 686 686 686 682 360 686
150 660 686 620 686 684 686 686 550 390 684 686 686 686 680 686 686 686 682 686 684 686 684 686 684 686 540 686 660 686 686 686 686 686 920 686
750 686 686 360 686 686 686 686 686 686 686 560 686 684 686 550 140 684 686 630 686 686 680 686 686 686 684 686 686 686 680 686 686 360 686 682
682 686 540 684 630 686 686 686 686 686 450 910 686 686 686 686 684 686 682 686 650 686 684 686 570 684 670 910 686 686 640 686 540 686 686 680
682 686 684 686 682 686 686 682 686 684 686 686 686 684 686 686 680 686 630 686 686 686 570 680 688 686 686 220 950 686 686 686 686 620 686 686
686 682 684 686 684 686 686 686 670 686 686 686 686 682 680 670 686 686 480 686 686 320 686 686 670 670 682 686 685 684 670 686 686 510 686 684
680 686 686 686 685 686 686 680 686 684 686 685 950 570 684 686 686 684 780 670 686 686 686 682 686 686 686 950 686 686 686 684 682 686 686 686
686 686 686 684 540 686 686 686 685 686 685 686 686 684 686 686 670 686 685 686 684 686 686 686 660 684 684 686 670 686 686 686 686 686 686 686
686 686 686 686 686 686 650 686 686 630 960 686 686 686 686 686 460 686 686 686 686 686 684 686 550 686 686 630 680 630 686 686 760 684 686 686
470 686 670 686 684 686 150 682 686 682 686 686 682 686 686 686 686 682 686 686 686 682 684 684 684 686 686 510 686 680 686 686 686 530 686 770
640 686 686 540 660 686 684 430 630 684 686 380 686 686 686 686 620 686 686 686 686 687 670 686 684 682 684 520 686 380 686 686 510 686 686 686
590 686 684 580 687 360 686 686 686 680 470 686 686 687 686 510 686 686 686 640 686 680 684 682 686 686 682 686 684 630 682 660 686 686 686 686
686 660 686 950 950 420 686 686 580 686 686 686 640 640 650 686 686 686 686 684 686 686 686 684 686 686 682 686 686 930 686 686 680 686 686 686
686 660 650 686 686 682 686 684 684 682 686 684 686 686 686 686 800 686 760 950 460 660 686 580 686 684 686 686 686 130 410 686 686 686 686 640
620 686 686 682 684 686 686 682 686 684 630 910 686 684 686 660 620 670 640 686 660 550 680 980 686 686 686 150 684 686 686 686 686 686 686 686
360 686 360 687 620 684 686 686 686 686 620 160 670 620 686 686 684 930 686 686 670 686 686 630 686 682 686 450 686 670 686 630 686 686 684 686
540 686 686 686 682 684 686 686 686 686 686 686 930 686 686 686 686 686 310 450 686 686 686 684 640 510 540 684 686 686 686 660 686 686 686 686
684 686 686 686 686 640 686 682 960 480 686 686 686 686 682 684 686 685 686 686 686 682 684 684 680 686 686 682 686 684 686 670 684 686 960 686
640 630 686 686 686 684 686 686 686 686 686 686 686 686 670 686 686 560 686 686 686 686 610 686 686 682 686 685 686 686 650 140 686 686 686 680
460 686 686 682 686 684 670 686 686 770 686 686 686 686 510 686 686 686 680 686 686 686 950 686 686 630 686 686 640 686 686 684 686 685 685 686
685 686 685 686 686 686 686 686 686 686 380 684 680 350 686 686 470 660 650 682 310 686 686 770 686 360 686 686 686 682 450 684 686 930 960 470
686 686 686 640 686 686 686 686 686 950 686 686 682 670 686 686 686 686 686 682 680 686 686 550 686 686 720 686 684 686 686 684 640 540 686 630
950 682 686 686 686 460 686 684 686 686 686 686 686 686 686 686 682 686 682 685 686 640 684 682 686 686 686 686 686 685 150 686 686 684 684 686
686 920 684 686 760 684 684 550 686 686 682 684 686 684 686 686 686 480 550 686 686 684 686 686 684 680 686 684 687 686 686 684 686 686 686 684
630 670 450 620 686 686 686 660 684 682 630 686 686 686 684 686 685 686 686 686 686 686 686 686 687 686 682 440 760 650 686 686 686 686 660 620
510 686 684 686 682 682 686 360 686 686 686 686 640 686 360 685 686 680 685 682 686 910 686 684 686 650 686 686 684 686 686 670 684 570 686 686
630 686 686 686 686 687 570 686 684 682 686 684 686 686 686 686 686 660 686 686 640 686 686 686 686 682 686 686 920 684 682 670 684 686 660 630
630 686 686 686 670 686 460 682 686 686 670 682 670 686 560 650 686 682 686 687 686 670 682 670 686 686 686 686 686 684 687 686 686 686 684 686
686 670 686 686 686 682 686 650 220 950 550 686 686 686 686 686 687 686 686 686 686 686 680 686 684 686 620 680 686 390 686 686 670 686 686 686
920 684 684 686 686 686 686 686 686 682 686 686 686 682 686 686 686 686 686 686 686 686 682 550 684 686 630 685 670 687 686 686 610 640 682 686
686 960 686 682 682 670 686 682 686 684 686 686 770 684 686 686 686 686 650 680 686 686 686 686 686 686 686 686 686 686 686 684 684 686 686 684
970 686 686 686 686 480 686 640 686 684 960 688 686 680 686 686 686 686 686 686 686 970 686 686 686 682 686 686 686 686 686 670 686 684 680 670
686 686 682 650 684 150 686 460 760 686 686 620 620 550 686 640 686 686 686 686 684 670 686 686 680 686 686 686 650 684 686 680 686 686 686 680
770 686 686 686 630 630 620 686 686 686 686 682 686 430 682 686 630 682 686 686 760 686 686 686 660 686 686 686 670 490 686 680 682 686 686 670
686 686 650 370 150 686 460 686 620 686 910 570 686 688 686 686 686 682 686 686 350 686 686 686 686 686 686 686 350 686 686 680 686 686 686 686
686 150 686 686 682 685 684 685 140 310 670 686 380 686 684 610 686 682 620 360 650 686 686 686 687 686 686 686 650 686 686 470 686 684 686 684
686 686 686 686 550 686 686 950 686 540 430 686 682 686 610 686 640 686 686 686 686 686 684 684 686 686 686 686 686 680 686 686 684 150 682 680
687 684 682 685 686 686 950 684 686 686 684 680 430 686 682 686 686 686 640 686 686 940 510 686 682 686 682 686 685 686 686 686 684 686 660 685
490 686 686 685 686 686 686 686 686 630 686 550 686 687 684 630 686 682 686 686 686 686 686 686 686 684 686 570 420 686 540 686 686 650 686 686
550 687 650 550 686 686 560 930 686 550 686 686 960 650 686 686 684 550 550 686 682 684 686 686 686 686 686 686 684 686 682 686 686 686 686 610
360 686 670 686 686 684 520 686 940 684 686 686 686 684 686 430 520 686 640 686 686 686 684 620 684 540 682 686 686 686 686 660 686 686 686 686
686 686 686 686 686 150 682 686 686 685 686 686 686 686 470 686 684 682 210 686 684 686 684 684 686 670 350 686 686 686 686 686 620 686 686 630
686 686 682 686 470 686 140 680 686 685 686 682 686 686 686 686 684 686 686 686 686 686 684 686 686 687 686 720 686 686 686 686 450 686 686 686
640 686 684 686 686 686 686 686 682 686 686 686 686 686 686 686 686 640 670 360 686 686 686 640 686 360 686 686 686 686 686 960 686 686 680 450
685 686 686 686 686 686 620 686 686 686 460 460 610 682 480 686 640 682 686 350 686 686 686 686 684 686 682 686 670 682 686 686 684 950 550 686
684 686 686 684 686 686 686 686 686 650 684 682 688 686 684 686 686 686 686 686 682 686 688 686 684 686 686 686 950 686 686 630 686 350 686 686
687 684 684 682 686 686 682 686 682 680 687 660 684 630 686 920 682 686 620 686 686 686 686 686 370 686 686 680 684 686 684 686 686 685 686 686
686 684 686 686 686 540 686 630 686 686 686 680 686 682 687 686 685 686 682 660 686 686 684 510 682 686 684 686 686 686 686 686 686 686 510 684
686 686 686 686 686 687 684 686 686 800 686 686 686 686 686 684 686 686 686 686 686 680 686 686 682 770 686 686 686 540 685 686 686 686 650 686
686 682 686 670 800 550 687 686 686 682 686 960 684 684 684 688 686 686 684 686 688 210 686 130 630 686 684 684 540 686 686 930 686 684 686 686
686 630 684 686 685 686 610 686 630 686 686 960 686 684 686 684 686 686 686 620 686 640 686 630 686 686 686 686 640 570 686 684 630 686 550 686
686 684 686 630 150 686 684 650 686 620 682 686 686 570 686 682 686 686 686 800 682 686 686 686 680 686 685 686 686 686 686 686 686 686 686 686
640 686 686 686 686 670 686 686 686 800 686 684 550 686 686 360 684 686 670 684 686 686 630 720 686 686 630 620 684 686 686 930 686 800 682 670
250 686 686 686 682 630 686 684 686 686 686 684 686 686 684 684 684 630 686 686 686 686 686 640 686 686 686 620 682 686 686 686 686 686 686 686
570 686 686 686 686 110 684 510 684 686 686 686 686 686 680 686 686 560 686 710 686 686 686 686 686 940 686 686 684 121 686 686 682 680 686 686
686 686 686 682 684 686 686 686 686 686 682 686 686 686 686 686 480 682 686 630 684 540 684 686 685 686 686 686 630 686 686 682 686 684 686 686
686 686 686 686 685 686 687 620 686 630 686 610 686 686 686 770 686 650 682 682 686 620 685 686 686 685 686 686 686 630 686 684 686 684 684 686
360 550 670 682 610 686 684 360 610 686 630 686 682 686 510 686 350 682 650 684 630 670 686 686 686 670 686 380 950 682 686 686 686 686 686 684
640 740 670 682 686 630 684 740 800 686 686 686 684 686 682 670 686 682 650 684 686 610 686 682 686 680 310 686 686 650 686 686 686 686 686 770
530 150 686 686 670 686 682 650 686 686 686 686 800 630 640 686 686 686 686 684 686 686 660 686 686 686 686 686 684 686 686 682 720 686 686 640
920 684 680 686 686 685 686 520 688 686 590 686 686 684 686 684 686 610 686 686 686 686 686 686 686 686 686 686 630 682 686 686 950 140 310 686
640 686 540 686 630 686 686 686 682 686 686 684 570 680 686 684 684 540 130 686 660 686 686 686 686 680 686 686 720 684 686 970 684 686 686 686
230 684 686 686 686 682 650 150 686 686 686 686 650 686 686 686 686 684 686 686 684 686 680 686 440 686 686 686 680 670 686 686 686 630 150 630
710 150 800 686 686 686 686 685 684 686 960 687 686 686 686 682 686 684 686 150 686 686 686 540 686 460 684 686 686 686 686 684 684 686 687 686
630 686 686 686 686 660 684 686 685 686 686 685 684 686 688 686 686 686 686 686 686 686 150 686 430 686 682 686 686 640 686 682 780 686 640 550
687 686 950 686 686 686 686 686 620 682 686 682 686 682 686 686 760 682 686 686 686 686 686 550 670 640 686 686 684 686 686 682 686 682 686 686
686 380 687 686 682 686 687 682 688 684 686 610 686 686 684 682 685 640 684 640 650 686 684 686 686 686 686 686 686 682 530 420 686 686 686 684
630 570 686 686 350 686 682 686 686 550 686 640 682 686 630 687 685 960 686 686 670 686 682 150 686 688 686 686 687 686 540 686 150 684 686 640
590 950 686 682 686 684 140 930 620 682 630 970 684 686 686 680 686 686 686 686 686 684 684 686 540 686 686 686 680 686 686 686 640 686 682 540
210 682 390 670 686 686 688 660 684 686 760 682 685 660 930 660 686 510 684 686 684 686 686 610 686 686 686 686 686 960 686 950 686 686 640 686
686 686 630 686 686 686 682 686 450 686 650 630 686 686 650 686 686 686 686 686 650 686 684 686 960 686 686 686 470 686 686 350 686 686 686 686
682 680 686 680 682 684 686 686 670 650 610 580 686 686 686 380 684 686 680 650 684 686 686 686 686 686 686 630 686 686 686 686 686 686 686 610
684 686 686 686 686 686 220 686 682 686 686 686 630 686 682 686 686 686 686 660 686 686 682 686 330 686 686 930 686 686 686 686 682 950 670 684
440 682 686 685 686 360 684 684 686 570 686 687 686 940 684 686 680 686 470 560 686 686 686 685 686 686 682 150 686 580 682 686 686 620 620 686
930 686 686 686 686 670 686 330 686 682 682 686 686 686 686 630 686 684 684 660 686 684 550 686 682 684 686 682 570 530 686 686 686 686 686 650
470 440 686 686 686 686 684 686 684 684 680 682 686 686 686 660 550 686 686 687 686 684 686 682 480 686 686 670 660 910 682 686 684 930 560 686
686 686 620 684 686 686 686 620 684 510 686 682 150 686 686 684 686 686 670 686 682 686 686 686 130 684 686 686 686 670 686 686 686 686 686 660
370 680 686 686 685 686 686 650 150 686 685 660 686 640 686 686 686 320 684 640 686 686 686 686 686 686 640 684 640 686 686 686 684 480 686 684
670 430 630 380 686 682 686 684 686 686 686 686 686 686 950 682 686 686 682 686 684 686 686 682 686 686 686 686 686 686 350 680 686 686 686 686
686 684 630 686 650 682 686 686 670 686 686 686 670 686 686 684 330 686 686 800 930 684 687 630 684 650 686 684 684 686 682 686 686 686 686 685
950 686 686 686 570 686 580 682 686 686 682 686 686 630 686 686 686 686 370 686 686 150 686 686 686 686 682 686 684 686 630 540 686 686 650 686
686 686 380 520 380 686 685 686 684 630 686 540 686 686 682 686 686 686 686 570 686 686 686 570 686 686 670 686 686 686 686 686 686 360 686 686
684 686 685 360 686 686 390 684 682 686 684 686 685 686 686 686 684 686 686 630 686 686 686 684 686 686 682 686 660 686 420 686 630 686 686 686
650 680 686 684 686 686 684 670 930 930 370 670 670 670 682 686 686 686 682 686 686 686 686 682 684 470 682 682 686 686 320 684 686 580 686 686
686 684 686 686 630 686 686 686 686 686 650 380 686 686 684 686 910 686 686 684 685 670 650 684 950 686 650 686 686 686 350 610 684 686 630 686
686 686 686 950 686 686 360 686 680 686 686 684 140 686 686 686 930 686 686 686 470 670 686 686 686 360 686 686 686 686 680 686 686 686 687 684
686 686 686 686 630 150 686 686 630 686 470 670 684 684 150 686 686 682 684 682 686 685 686 320 686 686 640 686 630 682 960 682 686 970 630 686
686 470 686 686 684 670 686 682 686 210 686 686 686 686 686 686 686 686 480 684 682 686 490 686 685 686 686 350 686 684 686 630 686 686 686 684
150 686 682 686 550 540 685 686 686 686 686 330 686 686 686 686 686 686 686 686 686 686 684 686 686 960 640 686 686 682 686 630 686 686 686 685
686 120 686 686 370 686 684 686 650 686 570 686 686 686 660 686 920 684 680 686 686 686 686 686 686 686 620 686 680 686 688 686 320 686 670 686
686 360 686 686 130 560 620 686 686 686 686 686 686 686 960 686 686 630 686 686 686 682 686 682 682 686 686 686 682 380 686 684 910 686 686 686
682 686 950 630 686 686 686 687 684 686 682 686 250 686 686 680 686 686 640 686 630 686 380 686 686 684 684 686 686 686 686 686 680 686 610 630
570 686 720 684 686 684 688 686 686 686 686 686 686 550 686 110 370 686 480 686 510 686 360 686 686 686 686 686 686 686 686 686 682 686 686 686
680 686 686 480 687 686 686 686 970 686 686 686 686 686 686 684 686 686 640 686 686 686 686 686 686 686 640 686 684 686 688 682 686 680 686 686
110 686 540 686 686 686 686 686 686 686 390 682 686 680 686 686 620 686 970 682 670 686 686 686 686 970 260 684 685 686 680 686 686 686 570 686
550 686 510 686 682 680 682 630 684 686 686 680 686 686 686 940 630 640 687 130 480 686 686 686 686 686 950 686 220 686 686 686 684 682 686 682
686 686 686 670 686 686 686 682 650 686 686 650 660 640 684 570 920 686 686 686 686 686 684 686 686 686 950 686 686 686 580 686 686 686 684 686
686 650 686 686 670 686 686 686 686 686 930 686 686 686 686 686 686 682 684 686 684 686 687 540 686 686 686 686 686 686 686 682 682 650 680 682
686 686 686 686 750 686 686 684 686 686 682 684 687 684 686 686 686 686 686 686 630 686 686 640 686 660 684 684 686 686 760 686 686 160 686 570
410 682 686 686 686 686 360 686 684 686 684 686 686 685 686 686 686 686 120 682 686 660 686 684 630 682 686 686 686 660 686 684 640 686 686 684
670 684 685 686 686 686 684 686 686 682 686 686 686 686 686 910 686 686 970 686 686 630 686 686 686 686 686 360 686 686 684 686 686 686 620 340
686 682 682 150 686 684 686 686 686 686 770 686 684 686 684 686 540 684 684 686 686 682 670 370 684 686 682 686 686 684 550 580 684 650 684 684
980 686 360 686 686 660 682 686 670 686 686 684 684 686 686 686 510 686 660 686 550 686 686 686 686 686 686 684 686 684 640 620 684 682 650 130
684 686 686 686 686 684 684 686 686 460 684 686 686 950 686 686 686 686 686 686 686 686 960 686 686 686 686 686 686 630 120 686 680 390 686 684
682 686 686 540 670 490 684 686 680 686 686 640 686 670 660 686 686 550 682 686 770 682 320 686 720 684 682 684 686 686 686 960 686 620 686 660
686 686 686 684 910 686 640 686 682 686 640 686 480 630 686 450 686 686 684 682 686 686 686 686 770 686 720 686 686 340 686 686 686 684 580 686
680 686 686 686 686 686 686 686 650 450 686 686 686 684 686 960 686 686 660 390 220 686 540 686 686 684 686 686 686 680 686 620 686 686 686 686
686 686 450 620 685 686 686 682 686 686 682 670 686 686 686 682 686 686 950 686 686 684 684 686 510 630 686 686 686 630 660 686 686 686 686 930
686 686 686 686 686 686 686 686 686 686 686 150 686 686 684 688 686 686 684 686 650 686 686 650 686 686 686 686 686 686 686 686 686 686 950 682
686 686 686 360 686 686 684 686 630 684 960 670 686 686 686 686 620 686 910 650 686 682 686 684 480 670 686 686 686 570 686 684 640 686 686 640
720 686 686 684 620 910 686 682 686 360 686 686 630 684 686 686 570 684 680 686 686 460 686 686 686 686 682 686 640 686 686 686 686 686 686 686
686 686 686 930 686 686 686 686 640 970 686 630 686 630 686 684 686 686 686 686 685 684 686 684 686 686 640 686 684 684 640 686 684 510 670 684
670 630 686 630 570 686 686 510 686 686 686 686 730 684 686 686 686 580 150 686 686 686 470 686 686 684 680 686 686 686 570 686 686 686 950 686
682 686 686 670 684 686 686 682 686 682 686 610 686 686 686 680 550 686 550 640 686 686 684 684 686 686 684 686 684 685 630 686 686 630 682 684
684 686 630 140 684 686 686 686 650 686 686 687 686 686 686 686 686 686 660 630 640 686 686 687 686 686 685 686 380 684 670 686 686 686 686 686
380 640 686 686 682 686 686 686 686 684 686 686 686 686 686 650 686 686 686 686 686 686 686 686 686 550 684 686 684 686 684 686 650 686 686 650
686 686 686 686 460 686 686 686 682 686 686 240 686 686 686 682 540 510 686 686 620 684 350 650 684 686 684 686 686 685 682 686 686 686 686 684
685 686 686 684 686 686 682 686 686 686 686 686 686 686 686 686 684 686 682 686 686 686 740 686 684 660 686 686 686 686 650 510 684 686 686 686
686 682 686 686 686 684 686 930 686 686 450 686 686 640 686 686 150 470 686 686 686 686 686 686 686 686 800 686 650 686 686 686 686 684 684 682
550 686 686 630 686 686 686 686 686 686 686 686 686 620 640 360 686 686 430 686 686 686 686 320 686 686 682 550 570 684 684 684 686 686 686 686
686 684 682 686 686 390 682 684 684 686 686 686 686 685 686 686 686 686 670 470 682 682 686 686 686 550 686 650 686 686 686 686 686 686 650 686
360 686 684 686 686 684 686 360 686 686 684 630 684 686 686 686 682 685 686 686 686 686 682 682 682 970 686 120 686 686 520 682 630 686 686 686
580 390 686 686 686 660 640 684 670 684 682 160 686 760 686 680 660 686 680 620 686 682 684 686 686 686 686 620 350 684 630 686 684 130 686 670
650 630 686 686 686 630 686 686 380 686 686 686 650 686 686 686 686 686 670 686 686 686 686 686 686 686 650 686 686 640 686 960 686 686 686 686
682 770 686 620 670 684 686 150 686 686 650 686 686 686 686 684 686 685 630 686 686 686 688 960 686 980 220 684 686 685 686 686 686 480 680 686
686 686 686 686 686 684 686 686 686 610 686 686 150 686 686 685 686 684 686 688 686 686 910 210 580 684 686 360 686 686 550 686 686 686 670 686
580 686 510 686 686 686 340 740 686 680 686 686 680 682 686 686 686 686 686 686 686 686 620 686 670 686 686 686 686 630 686 680 686 686 686 686
670 686 686 686 630 140 686 686 686 684 686 684 660 686 684 686 686 686 686 686 686 686 360 686 686 684 150 686 686 640 686 686 650 686 686 686
686 686 650 686 686 682 590 670 686 670 684 682 686 620 686 686 684 682 686 686 686 686 686 660 686 686 684 686 684 480 620 580 684 684 686 760
640 390 490 684 686 686 960 686 620 686 682 680 686 530 684 686 686 686 430 686 686 686 686 685 684 682 686 684 686 684 686 670 686 684 540 686
150 686 360 686 680 550 686 686 686 686 686 682 686 686 686 670 686 686 682 686 650 686 630 684 630 150 686 682 650 686 670 686 686 610 686 686
686 686 686 650 686 686 684 686 940 420 686 686 630 684 686 686 686 660 686 686 684 682 686 686 686 686 686 800 630 360 320 670 686 640 686 930
680 130 686 630 550 686 687 430 686 680 650 680 686 686 670 660 760 686 686 680 686 684 550 686 686 686 686 684 686 686 540 686 686 686 686 910
684 686 686 686 684 684 682 686 686 686 686 686 686 686 686 687 684 686 684 570 686 686 686 686 660 686 682 684 150 686 684 686 686 686 686 686
686 686 686 930 686 686 680 686 686 686 686 686 150 650 650 686 580 630 686 686 686 686 686 686 760 686 686 686 684 686 684 360 686 580 550 686
550 686 682 420 686 682 670 630 684 640 380 686 680 686 686 720 686 686 686 960 686 686 686 685 686 640 800 684 686 686 686 684 350 686 686 570
98 686 686 682 684 620 580 684 686 686 640 682 686 686 686 686 684 685 610 686 686 686 684 130 460 620 920 684 686 686 682 686 686 686 930 630
682 686 686 670 686 686 630 686 480 686 686 650 686 686 686 686 686 686 686 686 686 686 686 686 450 686 686 685 686 684 684 686 686 686 686 686
684 630 360 686 686 950 350 686 686 682 686 640 480 510 685 686 480 686 684 684 686 160 610 686 220 620 686 686 670 686 520 686 686 684 686 630
684 686 686 630 682 686 686 510 450 686 686 660 686 686 686 686 686 686 686 520 686 682 670 686 684 590 686 650 686 682 686 684 686 686 686 650
686 686 686 686 686 670 360 682 360 550 686 686 686 686 620 684 620 684 686 686 684 686 686 686 682 686 686 686 686 686 630 684 686 684 686 686
685 480 630 960 686 686 686 686 680 686 686 686 686 686 686 686 686 684 686 686 630 540 684 460 680 686 686 686 682 686 650 684 682 686 686 685
686 686 686 686 686 686 360 686 686 630 686 687 684 686 686 630 687 686 684 686 682 550 686 686 670 684 360 686 686 686 687 620 686 686 650 680
910 686 686 686 686 130 686 470 686 630 686 687 684 686 660 684 686 686 686 686 686 686 686 686 940 686 686 960 686 670 360 510 550 686 684 630
686 686 680 686 470 684 682 390 687 620 686 686 686 682 686 670 360 680 684 686 930 510 686 650 686 682 610 684 390 684 684 685 660 686 682 686
686 686 670 686 682 686 686 686 686 686 550 682 630 640 686 686 760 686 686 686 686 686 686 684 686 686 686 686 687 660 686 640 686 686 960 682
686 660 682 686 686 686 550 686 686 684 685 686 686 686 686 650 686 686 670 684 686 686 620 686 686 686 686 686 686 686 682 686 686 686 684 686
370 686 686 686 610 560 630 686 682 686 686 686 686 460 686 686 686 684 770 686 682 686 682 682 686 640 686 630 686 686 684 682 686 686 686 540
640 682 686 686 686 970 686 686 686 650 490 550 686 360 682 687 686 684 686 684 630 686 684 686 682 686 682 360 682 686 630 686 686 686 686 570
686 687 680 686 686 686 760 684 686 480 620 686 686 686 950 686 686 960 686 684 686 460 686 684 460 686 140 686 660 686 680 686 686 686 686 686
686 580 686 686 770 940 685 684 686 684 686 686 910 684 686 670 686 550 682 686 686 684 686 720 686 360 550 686 686 230 686 686 686 686 686 686
640 380 686 686 686 684 682 760 686 570 684 686 640 686 220 686 684 686 686 630 686 686 686 686 660 684 686 684 686 686 686 510 684 684 686 686
660 682 686 686 670 684 686 680 686 150 682 686 684 540 686 686 686 686 686 660 680 682 686 686 660 620 650 686 686 550 686 686 950 686 686 650
686 688 680 686 684 510 130 686 684 684 684 684 686 630 660 684 682 650 686 686 680 686 686 360 686 686 670 550 570 330 760 660 640 685 686 640
684 686 640 686 686 686 340 686 686 686 686 686 686 686 686 630 686 682 686 682 760 686 670 684 686 686 682 686 670 800 630 682 686 470 686 686
686 440 686 686 686 684 480 686 686 684 682 430 620 686 686 630 686 682 130 686 684 686 682 686 686 360 686 682 686 687 684 686 630 686 680 686
662 686 660 490 686 686 686 686 950 686 686 686 686 686 686 686 670 960 686 682 686 570 686 630 970 682 686 670 686 960 686 686 686 650 686 360
686 686 686 686 686 380 686 682 686 682 970 680 684 686 950 686 686 680 686 620 620 510 680 650 640 480 684 686 686 686 686 686 685 650 686 686
686 670 686 686 686 560 686 686 686 686 686 150 650 686 686 686 686 686 682 550 630 686 686 686 680 686 686 684 686 686 686 590 630 682 570 680
960 686 684 687 686 686 686 580 686 686 686 686 686 686 686 682 680 686 686 686 686 650 686 460 380 686 686 684 685 686 686 620 686 684 686 686
680 686 650 430 686 686 682 350 686 686 686 686 682 684 660 620 686 686 620 684 686 970 684 684 687 686 686 686 550 550 660 682 660 686 684 686
570 650 686 686 640 630 980 686 686 686 686 370 686 686 686 688 686 630 686 686 684 686 686 686 686 686 682 210 686 686 686 682 380 682 150 684
686 686 682 686 686 684 686 686 686 686 686 686 684 686 630 686 580 686 670 684 684 684 686 620 682 686 682 686 686 910 686 686 630 686 684 686
686 686 686 684 686 760 686 686 630 220 684 686 686 684 684 686 686 684 686 684 680 570 686 686 150 930 686 686 686 670 686 686 686 686 684 682
686 680 685 682 684 686 686 686 686 686 686 686 686 686 686 687 684 684 686 682 686 684 686 370 640 686 687 640 686 686 540 686 686 686 684 630
684 686 686 686 630 430 686 686 686 686 686 686 686 682 686 686 684 686 686 686 684 686 650 960 686 686 800 686 440 685 684 686 686 960 686 686
686 684 688 570 686 684 910 682 630 220 686 686 686 800 686 685 686 686 684 686 570 682 686 686 686 686 686 686 686 686 686 686 686 686 686 686
686 660 640 660 682 686 686 800 930 686 682 686 686 686 350 686 480 670 686 684 684 684 686 684 686 686 686 686 685 640 686 686 686 686 686 630
686 686 800 684 686 686 686 640 686 686 686 682 686 686 686 685 686 686 686 686 686 450 686 686 686 686 686 686 310 686 930 686 686 686 686 686
684 682 686 682 686 686 684 686 470 686 686 686 682 686 688 686 686 684 684 684 686 686 686 687 686 684 682 684 686 686 684 670 686 640 686 686
260 686 684 686 686 684 686 630 686 686 684 684 660 686 684 682 686 684 687 684 686 686 210 686 686 686 686 640 682 686 686 686 686 686 684 682
684 686 430 686 686 682 660 682 684 640 686 686 660 686 640 686 686 686 686 686 686 686 686 686 686 686 970 686 686 380 682 684 682 686 686 670
686 630 686 460 682 686 686 686 686 260 686 960 370 686 490 686 682 800 686 686 686 680 380 686 686 686 686 686 682 686 682 686 684 686 685 686
686 686 682 610 710 540 640 686 686 686 620 684 540 420 686 360 960 684 580 686 686 686 686 686 686 510 550 686 684 670 685 650 686 686 686 960
150 686 686 686 920 686 686 650 550 686 686 930 220 684 686 470 686 630 686 660 630 686 684 650 686 686 620 686 686 670 686 460 686 686 686 686
686 930 686 682 686 686 686 686 686 682 686 750 686 684 686 686 686 630 680 230 686 686 650 684 686 684 684 686 686 686 686 686 686 682 686 686
160 684 686 150 686 640 686 686 670 686 686 686 630 650 686 686 350 670 684 686 630 960 686 686 686 550 686 940 686 686 686 686 686 686 686 686
150 686 670 686 686 686 540 686 686 686 580 686 686 686 680 686 660 686 686 120 630 684 686 686 686 686 686 660 686 800 686 250 640 630 682 684
800 685 686 686 684 686 686 686 686 685 686 686 686 686 686 360 686 540 686 686 670 650 540 686 688 686 686 570 685 686 650 682 682 686 686 460
684 630 685 686 684 686 686 686 686 684 686 686 682 686 686 684 686 686 684 686 686 686 686 682 686 686 530 686 630 150 510 682 686 686 686 686
430 686 380 630 686 684 686 686 686 686 686 682 686 686 920 686 510 660 686 684 686 682 650 684 686 686 686 530 686 540 680 686 686 630 550 686
686 682 686 686 684 684 680 670 686 670 686 686 686 686 680 686 686 686 686 630 686 686 684 686 570 686 686 686 686 686 686 684 685 686 685 640
684 670 660 686 686 210 686 686 686 686 686 686 670 682 686 684 686 686 686 687 320 682 685 682 680 686 686 685 686 684 660 686 686 150 686 686
620 510 688 580 684 630 686 686 460 686 686 682 686 686 686 686 686 684 630 760 650 686 780 686 686 686 686 686 640 686 686 682 610 686 390 460
686 686 686 686 380 686 660 684 686 686 686 684 310 686 686 686 910 640 686 686 686 686 686 686 686 910 686 686 686 686 670 760 684 620 686 686
686 686 686 684 686 686 686 686 686 640 686 620 685 686 686 686 686 685 686 686 686 210 686 684 630 686 686 686 688 686 930 686 760 686 684 687
630 686 610 686 686 686 686 660 686 686 510 686 686 684 686 682 686 685 684 686 686 686 950 686 630 686 686 686 686 686 650 686 540 682 686 800
930 450 686 670 650 686 650 686 686 686 684 686 686 686 686 686 686 420 685 686 687 685 684 686 686 680 650 686 686 686 686 686 682 686 684 686
360 350 682 686 686 540 686 380 682 686 660 684 686 686 380 686 150 640 686 650 630 686 687 970 686 640 684 688 686 686 684 930 686 686 686 686
686 686 686 686 685 686 686 686 630 686 686 680 684 670 686 686 640 686 660 682 682 686 686 686 686 686 686 684 686 682 684 540 686 684 686 686
610 686 630 686 660 686 630 660 686 686 684 760 750 660 686 686 970 686 686 686 570 686 686 680 800 640 686 685 686 686 686 686 686 380 686 686
360 687 680 540 620 620 686 686 686 686 684 686 950 682 670 686 686 688 540 686 686 686 686 684 686 686 686 686 686 686 686 686 684 686 686 540
440 610 686 686 686 686 680 150 686 682 550 686 686 686 684 684 686 210 686 686 686 686 684 686 682 686 960 682 686 670 684 920 686 460 686 686
686 620 686 660 686 686 685 686 670 686 686 686 688 686 660 670 686 620 686 684 510 430 670 686 687 686 682 686 686 686 550 686 640 686 686 684
686 686 686 670 470 682 686 686 686 686 680 684 686 670 684 670 686 686 686 370 686 650 686 680 686 620 640 150 686 686 686 686 686 686 686 682
686 330 686 680 686 686 630 686 686 580 686 640 684 684 685 686 686 684 686 686 360 686 686 684 684 670 684 686 686 686 684 686 682 686 686 686
686 580 380 686 686 685 686 960 686 684 686 686 686 686 686 682 686 640 686 686 686 686 684 250 686 930 630 686 686 630 687 682 687 686 686 686
686 570 650 630 620 686 680 686 686 686 686 684 686 686 682 686 686 210 684 686 684 686 686 686 682 686 686 686 686 686 682 686 670 686 686 685
686 686 686 686 686 686 686 686 686 686 686 686 686 570 660 686 686 682 686 686 686 685 684 686 688 930 686 686 686 682 250 686 686 686 686 686
682 686 650 686 220 684 684 686 686 686 630 686 686 640 686 550 686 682 684 682 686 686 686 684 630 630 620 686 686 686 686 685 550 682 686 680
686 680 686 480 686 686 580 660 686 460 686 686 660 686 684 686 686 686 640 682 686 686 682 770 686 630 686 660 686 686 686 686 686 686 630 686
686 686 687 684 650 660 686 686 620 686 686 686 686 686 686 680 682 686 910 684 686 686 686 686 650 360 688 686 150 686 370 684 686 684 682 686
686 686 686 540 686 686 684 686 686 684 684 686 686 686 680 686 680 686 686 684 686 350 686 686 910 684 682 686 130 686 684 686 686 686 686 650
686 682 686 630 640 220 720 684 570 686 686 686 960 950 686 686 682 686 686 686 686 685 686 686 686 686 510 686 686 686 686 630 640 686 686 686
341 610 686 680 686 686 684 682 686 686 686 630 686 686 686 686 960 686 686 684 684 686 684 686 686 640 686 682 670 685 686 686 686 686 686 686
720 740 687 686 686 960 450 686 686 682 686 686 686 682 650 684 686 680 540 686 320 360 684 686 980 650 686 686 684 686 686 686 687 686 686 650
686 686 686 686 686 682 360 686 686 687 686 685 684 686 686 686 360 686 686 682 686 686 530 686 220 686 684 686 686 960 686 686 686 686 684 630
682 686 686 684 660 686 680 686 684 682 686 686 686 686 686 686 686 686 686 450 686 684 686 686 686 686 670 686 686 640 688 610 686 686 686 686
460 680 686 686 686 686 686 650 687 686 686 682 684 686 686 686 686 540 686 670 580 686 686 686 684 686 686 686 684 684 686 686 686 686 684 686
686 650 686 980 687 686 686 682 686 682 660 686 686 686 686 686 684 670 686 688 686 800 686 686 684 686 686 630 686 640 686 670 682 684 686 682
682 686 684 430 686 686 686 686 682 390 630 686 230 688 686 685 480 650 620 686 686 686 682 688 686 686 660 686 684 670 686 540 686 686 687 686
660 686 686 686 680 360 686 686 686 686 686 660 688 470 687 686 686 686 686 686 684 684 684 684 686 686 686 686 660 686 684 686 686 684 640 240
370 686 686 682 630 682 686 684 684 685 686 686 686 684 686 686 686 686 610 686 686 686 686 540 685 684 686 684 686 686 684 660 686 540 686 686
420 686 686 680 686 670 686 630 686 684 686 684 686 686 686 150 686 686 686 686 684 686 686 686 670 686 620 686 570 686 684 686 630 620 682 640
686 688 686 684 686 686 686 686 686 686 686 686 682 684 686 660 686 686 640 686 684 684 750 686 686 950 360 686 686 686 686 686 686 684 686 686
682 684 685 360 470 730 686 686 686 910 686 686 640 686 682 686 686 150 684 684 686 684 686 686 686 680 686 686 684 686 630 686 686 686 682 684
680 630 686 687 686 682 686 686 686 686 686 630 682 686 686 686 350 682 640 110 686 686 686 540 686 686 682 686 686 686 686 682 682 684 670 686
450 686 450 684 560 686 686 686 686 686 350 682 687 686 686 630 686 686 686 686 630 686 760 686 686 686 686 682 686 686 684 686 930 682 682 686
686 686 684 686 686 686 670 682 686 687 510 360 682 686 686 686 686 684 686 682 370 570 684 684 682 682 686 686 684 686 686 686 686 685 684 510
640 684 686 686 686 684 686 686 650 684 750 686 686 686 682 682 686 686 640 686 686 686 682 682 950 686 685 686 686 686 686 686 650 686 684 686
686 686 610 380 686 460 610 686 630 686 686 640 150 684 686 686 550 686 686 684 670 686 684 660 686 685 686 682 650 550 686 686 686 686 686 686
686 684 682 660 686 682 686 686 684 686 686 686 684 686 684 686 660 686 686 684 686 686 686 680 650 686 686 686 686 686 686 686 686 686 686 120
682 970 686 120 630 686 680 686 660 686 686 686 686 650 720 686 800 686 686 686 660 684 684 686 682 686 686 686 686 686 686 350 684 686 686 686
140 684 686 686 686 686 150 686 684 540 670 640 686 684 686 686 686 682 540 540 540 684 682 686 686 686 960 686 686 686 910 686 686 686 685 686
686 686 686 682 686 686 250 682 686 686 680 510 670 686 686 686 670 640 682 686 686 684 510 686 430 686 682 770 680 684 682 686 770 686 680 630
682 682 684 686 470 686 650 686 686 686 960 130 630 686 750 684 686 687 686 684 630 140 686 686 682 640 686 970 910 686 686 686 687 630 686 686
570 686 686 686 686 682 684 682 380 686 630 540 682 680 686 686 686 686 686 686 686 640 686 686 686 686 686 686 370 686 470 630 686 686 686 686
684 682 686 686 686 686 610 686 650 450 686 686 686 685 150 370 684 370 620 686 686 450 682 686 686 686 686 686 460 688 684 682 686 630 686 660
660 550 686 684 686 684 686 686 686 686 685 686 686 684 686 686 684 686 670 687 686 686 684 660 680 686 684 650 220 686 660 686 684 686 430 150
640 686 610 686 686 686 686 680 630 686 686 686 686 682 686 682 685 686 686 682 686 680 686 686 760 686 686 686 684 686 686 686 686 684 686 686
950 686 686 450 630 685 686 460 682 686 640 686 686 686 686 685 686 686 686 650 686 686 684 686 686 682 686 686 686 680 686 630 686 686 950 610
930 688 480 686 630 686 630 686 686 686 640 420 684 686 682 686 686 686 380 686 360 970 686 686 686 686 686 686 686 686 686 688 682 682 360 686
650 686 620 686 686 686 480 610 686 630 686 686 687 686 350 686 620 684 685 686 686 686 686 686 686 686 686 686 630 682 680 686 686 686 684 686
684 580 686 686 686 686 686 686 660 686 687 686 686 684 684 920 686 220 684 230 670 460 684 760 686 686 684 686 686 686 686 686 686 684 686 684
686 684 682 680 660 686 684 680 686 470 686 686 686 682 570 686 684 150 960 510 680 686 686 960 682 686 684 590 350 686 682 682 684 686 686 686
685 630 684 686 686 686 150 686 686 686 686 390 560 660 686 640 686 686 686 620 686 960 450 686 686 686 686 640 686 686 686 910 684 684 670 684
686 684 686 684 140 640 686 682 950 687 684 688 686 686 686 686 620 150 686 686 686 686 682 380 684 686 686 686 686 686 686 686 686 150 686 210
630 685 686 610 686 686 686 540 686 686 686 620 686 684 630 684 686 686 686 684 760 350 670 686 580 550 686 684 685 686 686 686 682 686 686 686
684 686 686 686 550 686 680 686 630 630 686 970 686 686 686 686 686 686 686 685 685 686 930 630 686 686 930 682 686 685 650 686 686 686 686 686
682 470 686 686 350 682 684 682 686 684 670 686 686 686 950 960 460 686 682 686 686 640 570 686 686 684 684 686 684 686 960 687 510 684 686 620
686 910 670 684 686 686 610 510 660 686 630 684 684 380 686 687 320 686 684 686 686 650 686 686 682 686 686 686 682 686 686 686 686 650 686 660
630 686 660 686 686 686 630 686 686 684 670 800 682 682 686 686 684 686 570 150 686 686 684 510 686 687 510 686 685 686 650 686 685 686 760 960
684 686 670 480 630 640 330 686 686 686 686 686 686 684 620 150 682 684 686 570 680 684 686 686 686 686 686 684 686 686 684 150 686 686 686 686
686 686 686 686 682 686 686 682 686 650 686 650 686 686 530 686 686 390 684 684 686 686 686 686 686 686 670 686 686 686 686 686 686 610 640 685
670 686 650 610 460 687 686 682 682 686 684 760 150 686 686 230 686 686 686 684 686 560 686 686 686 682 684 684 684 686 620 686 684 686 550 686
660 686 686 686 686 460 686 686 686 686 686 480 684 686 684 686 950 460 686 686 686 660 470 910 686 360 686 686 684 686 686 630 480 686 686 686
620 684 686 630 686 770 684 684 686 686 686 684 686 686 686 686 930 686 686 684 630 686 684 686 686 686 686 360 686 686 686 686 686 686 686 686
684 220 684 686 686 680 960 686 685 686 686 670 686 686 686 685 660 686 686 686 686 686 684 684 684 686 686 686 686 686 686 686 687 686 620 684
684 688 686 686 570 686 686 684 686 686 670 686 686 684 686 686 686 686 686 685 686 680 686 686 686 630 682 686 686 686 686 684 686 686 630 686
630 686 686 760 570 550 686 470 686 570 470 126 686 686 684 684 686 686 686 686 686 686 686 684 686 686 230 640 686 684 686 686 686 120 140 686
684 686 460 686 686 686 684 686 686 686 686 684 640 686 684 686 660 682 686 684 686 686 650 550 470 686 686 686 640 686 686 650 650 686 620 686
940 686 684 686 684 686 686 220 682 686 650 686 686 686 686 686 686 686 960 640 682 686 686 750 686 686 370 686 686 686 686 686 684 620 680 686
220 686 686 660 686 686 686 686 686 686 960 684 684 686 684 630 686 686 682 686 670 770 686 686 686 685 682 210 686 686 686 470 682 630 686 950
510 686 682 360 686 682 686 686 686 640 686 686 686 686 686 686 686 686 686 686 686 686 686 686 684 640 610 686 570 686 682 686 686 220 680 686
686 686 686 150 686 686 660 620 686 684 682 686 682 686 686 684 680 684 686 686 684 686 684 688 110 682 686 686 686 686 686 686 350 686 950 686
390 510 686 686 686 686 686 630 686 686 686 684 686 686 640 686 687 684 660 680 950 686 684 686 685 684 686 470 686 686 685 682 686 670 686 686
684 350 686 686 685 686 686 686 684 686 686 682 460 686 684 682 686 220 686 910 686 686 686 682 686 640 970 682 686 686 686 686 686 684 686 686
450 950 686 686 686 960 686 686 686 630 682 660 686 686 686 686 686 686 686 510 686 686 686 684 686 686 682 684 686 450 686 686 686 686 686 684
950 686 686 686 550 686 686 684 570 686 686 684 800 686 686 686 686 686 970 686 686 686 686 630 686 686 684 686 686 686 550 682 684 686 686 490
670 540 686 686 686 682 682 686 682 686 686 686 610 680 684 686 686 686 686 686 682 686 684 686 687 686 684 686 686 686 686 686 630 686 686 686
686 686 686 660 686 680 686 685 686 686 686 686 470 650 670 682 688 686 686 685 686 686 686 686 686 686 684 682 686 620 686 684 460 686 686 680
610 684 580 686 686 686 686 686 688 686 686 686 686 686 686 680 686 684 686 686 640 686 650 682 686 680 686 686 350 630 686 680 686 570 686 686
480 686 684 686 688 686 682 620 686 684 686 682 686 550 686 686 580 610 650 684 670 570 686 686 680 686 686 686 800 686 684 686 686 686 682 686
686 684 686 686 686 686 686 390 686 686 686 686 630 670 686 686 682 630 550 684 686 640 686 686 686 686 686 686 686 686 682 550 150 686 686 686
540 686 686 686 684 770 686 686 686 686 686 640 686 684 686 682 686 686 682 150 720 640 480 686 682 660 685 686 630 460 640 684 682 686 686 720
760 686 686 686 684 610 930 686 686 650 686 686 686 686 686 360 685 682 686 688 686 686 686 686 686 682 686 684 630 686 686 686 686 686 686 686
430 682 686 686 650 686 660 684 660 640 687 686 686 670 686 686 686 684 686 960 686 682 380 686 686 686 684 684 686 960 686 686 620 686 686 686
670 610 630 682 686 686 686 630 630 640 686 670 686 686 686 687 684 680 686 684 130 684 686 686 684 686 686 682 686 470 686 686 684 684 684 686
