686 686 950 686 686 686 686 650 686 686 686 686 660 686 686 686 686 682 686 686 686 686 686 686 682 686 570 550 686 686 686 686 620 686 686 640
686 686 650 684 630 684 684 682 684 686 682 686 670 970 686 686 686 460 670 630 660 686 686 686 686 686 686 686 370 686 686 686 686 610 686 686
686 680 686 686 686 686 686 684 684 470 540 686 686 685 660 670 540 686 686 686 682 686 650 686 686 686 684 640 686 686 684 686 686 686 686 686
686 682 640 684 684 680 684 950 684 684 150 684 682 686 684 680 320 684 684 684 686 640 684 684 684 682 684 684 686 510 480 510 610 684 686 640
686 686 686 686 684 686 682 680 660 450 686 686 684 686 660 686 686 686 684 650 686 686 686 684 684 950 670 686 686 686 686 686 685 686 686 686
686 360 670 686 686 686 680 682 682 682 684 640 660 960 686 370 684 686 630 685 220 684 684 686 686 630 620 682 310 686 686 686 682 686 686 580
720 610 684 640 310 686 686 682 686 686 682 686 684 686 682 684 682 480 960 686 684 580 686 760 230 686 686 686 686 686 686 686 686 682 686 630
686 686 682 660 760 686 686 630 682 684 686 686 680 470 686 950 686 682 686 686 670 510 550 686 686 686 686 686 686 686 686 686 688 685 686 686
686 686 686 686 686 650 684 686 510 684 630 620 682 684 630 686 680 684 684 686 686 686 686 360 330 680 684 685 930 680 684 684 684 686 610 686
670 686 686 640 685 686 370 685 684 640 686 686 620 686 680 686 686 684 682 686 682 680 684 684 684 682 686 630 686 686 686 684 570 686 320 670
686 684 684 686 686 686 684 630 684 686 684 686 684 686 686 670 682 682 684 682 686 686 686 684 684 660 220 686 684 686 684 684 686 650 682 680
686 684 684 684 684 630 670 684 630 660 686 960 630 630 680 630 620 686 360 686 684 630 686 682 686 684 360 686 686 686 686 686 682 620 630 686
686 686 686 686 230 686 686 650 686 620 684 686 684 620 684 684 686 480 650 686 686 686 686 480 640 686 686 686 686 686 686 686 684 686 684 686
686 684 220 686 630 380 682 770 686 682 682 684 684 682 640 630 684 740 686 684 670 682 684 684 940 686 640 684 684 684 430 688 550 684 684 770
686 686 670 684 684 682 640 640 684 570 686 684 686 684 686 684 684 682 460 687 684 686 684 686 686 680 682 620 686 460 686 630 686 684 682 630
686 682 680 686 684 686 686 670 750 686 686 686 670 686 684 686 670 230 686 686 686 686 686 360 684 684 686 684 686 686 686 686 682 686 686 686
686 686 686 130 686 686 686 686 930 686 686 686 686 686 686 686 686 686 420 686 686 686 686 684 687 686 682 686 686 684 686 686 120 686 686 686
686 686 682 686 686 684 684 680 640 686 687 660 682 686 686 688 560 686 686 686 686 686 670 686 686 686 686 350 686 686 686 686 686 320 686 686
686 686 688 686 686 686 930 460 686 686 686 686 686 686 686 570 686 682 630 230 686 686 930 930 686 360 480 760 686 684 686 686 686 686 686 686
686 686 686 686 370 540 610 360 630 686 640 684 950 570 684 682 682 680 686 686 630 686 686 686 686 686 682 680 686 684 660 686 686 620 684 684
686 630 680 686 686 686 680 920 686 684 950 686 640 470 510 684 686 686 686 640 686 370 670 686 686 684 686 686 686 686 682 686 950 686 684 686
686 760 686 686 686 940 686 686 630 686 930 360 960 684 680 684 630 630 760 686 930 686 640 686 684 684 630 630 660 682 960 686 640 686 682 686
470 684 686 620 930 686 686 686 686 770 688 686 686 340 450 460 720 670 686 686 686 686 640 620 686 686 686 686 682 650 686 686 686 682 470 686
682 630 684 970 684 630 640 686 580 686 686 670 686 686 570 540 686 686 684 684 682 686 686 610 150 685 686 640 687 480 570 686 682 686 686 682
686 686 640 684 640 684 686 684 630 682 682 650 620 684 630 686 686 682 470 660 686 686 686 682 686 686 686 686 470 686 686 684 650 686 686 682
686 630 684 682 686 686 686 686 680 686 686 686 686 684 140 686 686 686 686 686 686 686 686 686 686 686 686 685 686 682 640 520 686 686 686 686
686 686 686 650 360 685 630 686 686 682 686 650 686 686 686 686 686 686 140 620 680 510 540 960 686 682 220 684 686 320 686 684 560 686 686 684
686 680 686 686 630 682 686 680 130 540 686 686 686 630 686 684 686 686 640 686 684 640 686 460 686 686 686 340 920 686 686 686 686 686 640 686
686 686 950 686 686 686 640 686 686 684 450 686 686 686 686 686 910 682 688 720 686 686 686 686 686 686 682 686 688 510 220 380 686 686 680 686
686 510 630 686 686 682 650 684 670 660 686 686 686 682 686 686 950 686 670 684 760 570 640 640 686 950 686 684 686 686 686 686 686 686 450 960
650 686 686 686 540 510 970 686 686 686 630 686 686 950 684 686 680 390 970 686 686 686 686 686 686 682 686 760 686 640 686 686 686 670 150 570
686 682 684 686 686 686 930 686 630 630 620 960 620 684 686 686 682 640 684 686 684 160 550 910 686 380 686 680 686 686 686 686 686 686 686 686
960 686 686 640 686 670 686 686 686 684 680 686 684 686 686 686 684 686 686 420 686 680 380 686 686 686 610 960 686 686 686 686 686 720 686 686
950 686 686 686 686 686 686 686 686 950 686 686 686 686 686 687 760 686 682 686 686 680 686 950 660 686 686 686 686 686 686 686 684 686 682 460
686 684 682 686 686 686 686 682 684 684 686 684 684 684 920 670 686 684 640 630 682 686 686 686 686 684 686 682 460 686 686 950 686 686 686 682
686 684 684 680 686 760 540 682 684 684 686 684 684 684 684 686 684 686 682 686 686 686 686 686 686 682 686 686 686 960 688 686 686 610 686 686
686 686 684 684 680 686 620 686 686 686 360 684 684 140 686 630 682 630 684 950 686 686 640 686 686 688 686 660 686 686 686 686 580 150 660 686
686 686 685 686 686 150 686 686 686 686 686 720 686 682 460 686 686 686 684 686 686 686 686 340 920 380 450 684 686 686 686 686 686 686 686 686
650 686 684 686 686 686 950 660 686 686 686 686 686 680 460 686 686 686 686 686 686 650 682 686 686 684 686 686 686 930 686 686 686 670 650 686
686 686 685 686 684 686 684 686 686 684 684 480 570 640 150 230 686 686 686 682 310 686 684 684 684 684 686 650 630 686 684 682 760 684 686 370
684 686 684 684 682 686 686 680 670 686 686 684 686 686 686 686 684 686 684 684 686 370 684 650 684 686 360 686 686 684 686 630 620 470 650 686
686 150 350 688 630 686 630 686 684 686 230 686 510 560 686 686 686 686 685 685 510 686 684 686 686 680 930 460 686 686 630 686 686 682 684 684
686 686 686 560 685 686 686 950 630 686 686 686 686 682 686 682 686 686 630 686 686 686 610 686 686 685 686 686 684 670 686 684 684 684 640 686
310 686 686 682 686 684 682 684 740 350 682 640 350 686 750 686 686 686 470 480 684 684 686 620 686 682 360 686 686 686 684 686 686 680 470 540
720 320 650 686 950 682 950 686 686 686 684 686 686 686 686 686 620 630 686 686 686 684 684 684 630 686 686 684 686 686 684 686 686 686 680 960
686 686 686 350 650 686 686 640 670 684 686 620 686 682 960 682 686 960 760 686 686 686 430 686 930 686 684 682 670 682 686 680 686 630 220 630
686 686 686 770 686 686 686 682 380 686 682 686 686 686 686 660 686 686 686 686 686 650 686 960 686 686 686 630 686 682 960 686 684 686 684 682
684 682 682 684 550 682 686 686 686 640 630 380 570 686 684 682 686 684 670 682 686 684 640 686 686 684 682 360 686 950 650 684 630 660 682 686
686 684 682 684 686 682 686 686 684 686 686 684 684 684 370 480 920 910 686 670 930 680 686 310 684 682 686 680 686 686 686 686 686 686 686 686
686 686 684 686 682 630 650 630 684 950 686 684 686 686 684 686 686 684 686 684 684 686 680 682 684 686 684 684 686 380 686 630 684 686 570 680
686 684 686 650 686 686 686 630 550 620 686 686 686 640 960 684 686 140 760 640 686 686 540 687 470 660 220 970 686 686 686 686 686 640 687 686
686 684 684 682 684 684 680 682 630 686 684 682 684 686 686 684 684 682 686 150 660 686 686 686 682 686 686 640 686 686 686 686 686 686 684 686
686 680 686 686 686 360 120 684 686 684 470 682 686 220 970 682 685 682 620 684 680 684 610 686 650 640 684 682 684 540 620 684 684 684 684 684
686 630 686 570 684 686 370 470 520 686 686 686 686 682 670 686 686 686 686 686 650 684 686 686 686 686 686 640 686 686 686 670 686 686 670 670
686 686 686 360 686 970 540 686 550 360 430 686 684 686 640 686 630 686 686 360 670 680 686 640 684 686 686 682 682 686 686 686 682 686 684 684
686 686 686 686 686 686 630 360 670 684 686 684 686 686 540 686 686 686 686 686 686 686 686 686 120 686 670 720 686 650 686 686 686 686 686 686
686 580 682 686 684 360 682 680 950 660 682 684 630 682 800 686 686 686 150 686 686 686 686 686 686 686 685 685 686 686 684 686 686 686 686 686
686 682 686 686 686 620 686 686 684 686 684 686 670 950 686 670 660 686 686 640 686 686 650 970 686 686 640 686 684 150 686 686 686 660 686 686
686 390 684 686 684 686 684 684 682 610 960 680 686 686 630 686 800 686 682 686 660 150 684 684 150 660 470 686 686 686 686 686 650 686 470 540
686 620 686 310 686 640 770 682 680 684 150 970 686 686 686 686 686 684 686 660 686 660 460 684 440 686 610 687 150 640 686 380 686 580 686 686
686 686 686 686 686 686 686 686 685 686 686 686 686 684 686 686 686 470 685 686 686 680 686 686 686 686 686 686 684 670 686 686 360 686 370 686
686 684 686 680 686 630 686 680 630 686 630 670 684 682 470 686 684 150 650 686 630 686 686 684 685 686 686 686 686 686 684 120 660 720 686 686
686 950 686 686 686 686 660 685 640 686 686 686 540 570 686 684 682 686 682 684 650 686 610 686 686 686 685 682 684 686 686 640 686 686 684 686
686 686 686 686 686 686 686 682 620 560 686 682 650 630 630 686 686 686 630 630 684 686 650 380 800 370 684 680 686 684 686 686 686 682 686 685
686 686 686 650 686 684 686 684 682 682 684 360 620 684 686 686 630 640 684 150 910 686 685 682 682 686 680 686 686 686 686 610 686 686 686 686
680 680 686 686 684 686 686 684 630 682 686 686 970 686 686 640 520 660 686 686 686 686 686 686 686 686 660 686 686 686 686 686 686 686 686 686
670 640 686 684 680 684 610 686 686 685 684 684 686 685 660 686 686 640 686 686 686 686 686 686 686 687 687 670 686 686 930 686 686 688 686 686
686 686 686 686 630 686 684 686 686 682 686 686 686 686 686 686 686 686 686 430 687 670 686 682 510 686 150 684 670 686 640 686 684 686 685 686
686 684 682 686 686 630 460 686 686 686 686 630 686 686 686 620 630 620 686 630 686 630 380 360 684 682 684 686 686 680 760 630 686 684 686 630
682 960 686 650 682 630 686 630 660 686 686 930 686 686 686 686 686 686 686 630 670 686 682 650 684 684 686 686 686 686 686 630 630 430 686 680
660 160 910 350 686 680 640 390 686 686 684 630 686 682 360 670 686 684 682 680 684 686 682 682 680 686 130 686 686 686 686 686 686 686 686 685
686 686 684 684 640 686 120 686 686 650 684 686 682 640 686 684 684 684 470 686 686 686 686 686 686 686 688 684 686 686 686 686 970 682 686 686
650 680 120 684 684 684 684 684 686 686 686 684 310 686 684 684 686 686 686 760 684 460 686 686 686 686 686 686 660 670 650 686 650 130 360 686
686 684 686 686 686 680 686 686 550 510 670 620 686 460 520 682 684 684 686 682 686 686 686 682 682 688 684 684 310 686 684 680 686 684 684 682
686 686 686 610 480 660 686 686 930 686 686 686 686 510 687 686 686 960 684 684 684 686 470 685 686 686 686 686 686 686 470 686 540 686 686 686
684 680 686 682 684 686 680 686 684 686 920 570 540 686 686 682 686 686 686 686 686 470 660 684 685 510 470 670 686 686 670 686 684 970 686 686
686 682 684 682 760 960 770 250 510 660 685 686 620 684 686 686 686 970 686 682 686 686 686 686 688 650 686 686 682 682 686 686 686 920 686 686
686 680 686 686 950 686 686 480 480 970 686 630 620 684 684 686 686 684 686 686 684 686 684 550 684 686 660 950 686 686 686 686 684 686 682 640
686 686 684 684 686 630 682 686 686 686 370 682 686 686 686 686 686 686 640 684 686 684 686 682 686 920 684 686 630 686 686 686 470 430 686 120
686 686 686 660 670 686 686 670 686 686 640 686 686 686 686 920 686 686 686 687 686 680 550 686 686 686 930 686 686 686 686 686 684 686 580 686
686 686 686 684 960 686 350 660 686 686 150 630 686 610 686 686 682 650 686 560 686 686 650 686 682 684 686 682 686 686 686 760 686 580 660 670
686 680 686 630 686 686 630 686 680 686 120 684 686 682 684 686 686 682 686 686 682 686 686 570 620 686 686 686 610 682 684 686 684 630 686 630
686 686 950 686 686 686 686 682 360 684 150 970 686 686 684 684 686 686 686 930 686 686 686 660 685 686 688 686 660 686 660 670 686 686 510 686
686 686 682 684 720 684 684 630 686 684 684 686 686 684 686 686 686 686 686 650 686 550 686 686 684 686 682 630 670 686 686 650 360 686 684 686
686 685 680 684 686 686 686 686 682 686 686 550 670 660 686 686 686 620 686 684 686 686 950 686 686 684 686 682 686 686 650 686 686 686 687 380
685 686 686 680 610 686 686 686 686 686 686 640 686 686 686 686 684 686 684 686 686 686 686 686 686 686 684 686 686 110 686 686 686 686 686 686
684 684 682 686 682 630 686 686 686 686 640 686 630 660 686 686 686 686 686 686 686 650 684 682 910 540 686 684 630 480 970 686 686 686 686 686
686 640 684 688 684 684 684 686 490 630 686 686 760 684 682 686 550 650 686 682 684 760 630 686 684 684 640 960 682 686 686 684 684 686 684 686
686 686 480 684 686 686 150 660 686 360 360 686 684 140 686 686 686 686 686 685 350 686 686 450 686 150 550 760 686 370 686 686 510 684 682 686
686 682 680 686 684 686 610 120 686 680 660 686 686 686 686 686 682 686 686 686 610 686 686 686 150 910 686 686 686 686 686 470 670 660 686 686
686 686 686 630 120 686 686 686 686 686 686 686 686 800 686 686 686 686 686 684 686 686 686 686 686 686 686 970 686 686 920 686 510 660 686 630
682 530 686 686 684 684 684 686 510 686 210 686 686 540 686 620 680 686 686 686 650 686 686 684 630 686 686 687 510 686 686 686 686 686 480 920
686 684 640 684 684 686 684 630 686 680 360 682 640 686 686 684 670 684 686 686 686 660 650 680 950 686 684 686 686 686 680 682 550 686 684 686
686 684 686 686 688 686 930 682 688 550 120 684 682 686 360 686 686 682 686 630 620 686 950 686 684 686 684 686 686 684 684 630 686 684 760 686
686 684 686 686 686 686 650 686 650 680 630 686 684 360 686 684 684 684 686 630 682 686 686 686 686 686 686 580 686 686 950 686 686 686 686 686
686 686 685 686 686 920 620 686 686 630 686 550 660 686 686 686 682 630 686 650 686 686 684 686 686 684 686 684 686 686 686 686 686 686 686 686
684 686 685 720 570 686 680 686 390 684 360 686 682 686 684 686 686 684 684 550 686 540 682 682 684 686 684 686 684 686 682 686 686 684 684 684
686 682 682 620 682 684 684 682 684 470 682 682 686 750 686 684 684 686 686 686 650 686 630 686 670 230 686 686 686 630 686 682 685 540 660 686
686 682 640 620 682 684 940 686 684 686 630 670 686 684 684 684 682 686 686 686 630 620 686 684 686 682 682 930 686 684 686 930 360 686 670 670
686 686 682 150 930 686 686 686 684 686 684 684 760 686 680 430 686 686 686 680 686 687 460 686 686 687 682 686 970 682 686 686 684 686 580 686
686 684 686 684 684 610 686 684 684 640 686 686 686 686 682 684 684 686 686 686 686 686 686 686 686 686 686 686 682 650 686 670 686 686 370 687
686 630 380 684 684 686 684 760 686 686 682 650 686 220 686 686 800 686 686 682 684 686 686 540 684 686 686 686 640 686 660 686 687 684 650 670
390 684 684 684 684 684 686 682 686 360 686 686 686 684 682 686 682 686 686 686 320 670 620 686 620 360 686 686 686 688 630 686 686 640 684 684
685 684 684 686 686 684 686 686 800 686 960 320 570 686 686 686 686 686 686 686 950 686 686 685 970 686 682 685 686 470 920 480 650 686 686 680
380 682 684 686 684 310 686 930 686 684 686 686 686 682 686 684 686 970 640 686 686 686 686 686 686 686 686 686 686 686 686 686 686 686 686 686
682 960 684 686 610 540 686 682 684 684 682 682 684 684 684 684 686 630 620 686 686 686 686 760 750 686 630 682 610 640 630 380 686 686 686 686
640 686 210 686 686 686 686 950 730 686 686 686 660 670 686 686 686 140 686 130 686 686 686 684 682 650 682 960 686 686 686 480 660 670 510 686
686 686 670 150 580 580 150 650 686 684 686 686 686 686 686 686 686 650 686 686 640 686 686 686 686 686 686 686 686 640 686 686 686 686 686 686
686 684 685 540 390 620 682 686 640 682 686 687 720 686 686 930 686 686 610 686 688 686 682 540 686 686 686 686 686 686 570 686 682 684 684 686
686 686 480 550 540 670 686 540 682 684 686 380 380 686 686 686 686 630 360 687 380 686 684 684 684 686 680 686 910 682 360 684 630 686 686 686
686 686 686 686 686 686 540 686 686 686 686 682 686 686 686 686 682 682 580 686 686 686 660 686 686 800 686 686 686 686 370 686 686 686 686 686
680 650 686 686 686 686 686 450 660 550 686 684 686 760 550 686 684 686 540 686 686 680 684 670 686 950 686 686 686 686 450 430 686 686 686 686
686 686 686 670 360 682 686 684 686 686 682 684 686 684 684 360 140 686 686 686 686 620 686 686 686 950 686 686 686 686 686 686 687 685 686 370
687 630 682 682 950 686 686 686 688 490 686 930 630 550 660 682 720 686 686 686 682 684 630 684 684 686 686 370 682 686 670 686 686 686 686 686
686 686 682 360 685 686 360 686 686 686 684 686 686 682 686 960 684 684 640 684 680 686 686 682 640 220 682 630 686 630 686 580 686 686 686 630
685 686 682 686 686 670 540 686 510 620 684 360 686 686 686 686 686 686 460 686 686 686 686 686 686 660 686 686 682 640 686 686 650 686 670 380
686 680 686 686 686 684 686 686 720 686 686 686 686 686 686 686 760 686 686 580 686 686 570 686 686 684 684 220 686 686 686 685 687 686 686 686
684 630 682 686 686 686 684 686 687 684 686 686 684 684 684 684 686 684 630 686 686 685 686 686 686 630 686 684 682 682 682 686 682 686 630 670
686 684 610 930 684 684 950 970 686 682 686 684 686 686 686 686 686 686 686 686 686 686 688 686 684 686 686 630 686 686 686 684 770 686 686 686
682 580 686 684 686 684 684 930 350 660 687 686 620 682 686 686 686 630 682 640 640 680 682 686 682 950 686 686 686 686 686 686 686 394 660 960
686 686 610 684 620 682 684 684 630 550 682 640 680 686 686 686 682 686 930 630 560 686 770 960 686 686 686 686 686 686 686 686 800 686 800 686
686 684 686 660 687 960 930 686 640 686 686 686 440 460 686 686 686 450 610 640 687 686 686 686 687 630 682 686 686 684 686 686 686 460 686 686
686 684 686 686 686 610 686 684 682 686 686 682 682 210 670 684 686 684 686 630 684 684 630 670 630 686 686 686 686 686 682 684 686 610 686 686
686 686 670 686 686 650 680 960 686 540 686 684 580 684 550 682 686 686 686 686 686 680 686 686 686 686 682 686 686 686 686 685 540 686 686 686
686 684 686 550 380 680 686 686 640 684 686 650 686 630 682 682 686 686 682 684 684 684 686 686 682 684 684 684 550 660 686 685 686 686 684 682
686 684 686 686 682 684 360 686 684 120 630 686 686 686 686 686 686 510 620 684 684 682 684 686 686 630 682 684 682 684 684 684 686 640 682 682
470 682 686 686 686 682 686 686 686 686 686 686 686 686 686 686 686 686 682 650 150 350 686 686 686 686 686 686 686 686 682 686 686 682 660 150
684 684 684 630 682 686 686 610 682 684 150 360 970 686 686 430 686 630 682 682 684 686 686 630 686 360 684 630 686 686 684 686 760 686 684 687
684 684 686 686 686 686 682 684 680 960 686 610 686 684 720 620 686 640 686 686 686 680 640 682 686 684 686 682 686 630 380 682 684 650 682 620
684 680 684 230 686 682 630 380 682 682 630 684 686 360 140 686 686 686 684 660 670 686 682 684 640 680 682 580 686 686 630 640 684 684 684 684
686 684 684 684 670 770 750 686 682 684 682 684 684 684 684 684 686 680 686 682 670 686 686 684 686 686 686 686 684 930 686 510 220 660 686 686
686 684 686 686 686 686 686 686 490 340 686 686 686 686 960 630 686 682 684 686 120 686 686 686 686 687 687 682 950 686 686 686 686 650 686 686
686 686 686 686 686 686 380 686 684 682 686 150 350 686 686 686 686 620 684 686 686 686 686 686 686 686 686 684 660 686 686 670 686 686 686 686
686 680 686 684 686 684 686 686 682 650 680 686 686 686 686 490 686 686 686 686 686 686 686 570 686 580 686 686 686 570 650 682 640 686 686 686
686 686 682 640 684 684 550 670 684 686 686 682 686 640 630 620 684 570 684 684 682 630 682 686 686 686 686 350 650 630 390 686 950 550 686 630
684 684 684 686 686 686 682 130 684 630 550 360 686 687 686 930 680 686 770 686 686 630 540 630 670 686 350 682 682 682 640 686 686 686 930 630
686 686 682 510 640 686 682 686 684 682 686 640 684 686 682 680 686 686 610 686 686 682 686 682 684 686 682 686 630 686 686 682 684 530 686 686
686 684 940 686 684 687 630 630 686 686 686 450 686 686 430 686 610 686 686 686 760 686 682 686 686 686 686 686 686 686 682 686 970 686 686 686
686 682 684 360 684 680 686 684 630 940 686 686 390 630 130 970 686 684 650 682 630 684 680 686 680 684 686 630 686 686 684 686 630 686 686 684
686 686 660 670 686 684 684 684 686 686 684 684 686 686 686 684 686 684 360 686 684 630 450 150 686 686 686 686 686 686 460 470 670 686 686 686
686 682 686 684 682 510 610 630 380 684 930 686 682 380 686 630 470 686 140 686 686 686 686 686 686 686 686 686 686 686 686 686 686 680 590 686
686 686 684 684 620 684 610 684 682 684 686 686 684 682 610 684 686 686 686 686 686 686 686 686 682 686 682 970 686 686 684 686 660 130 686 460
686 686 686 686 680 686 684 688 630 686 682 684 686 686 684 230 686 686 682 686 686 686 686 686 686 430 686 420 686 640 640 686 686 684 682 686
686 682 686 682 684 686 686 686 686 660 686 686 684 686 686 686 686 686 687 450 686 686 686 770 470 540 686 686 686 950 686 686 686 630 682 320
686 686 686 686 686 686 682 684 687 670 686 686 470 686 686 686 686 490 686 686 684 686 686 686 686 686 580 686 686 686 686 686 686 686 686 686
686 680 686 686 686 686 686 510 686 684 610 682 684 684 684 686 684 686 686 682 686 684 686 686 686 686 770 760 682 684 686 686 380 684 684 682
686 686 540 684 684 620 684 680 630 686 682 630 686 686 682 686 686 686 680 686 686 684 610 686 370 686 686 686 682 686 550 230 530 686 950 686
686 630 740 440 680 686 610 682 760 686 630 150 682 450 960 686 590 686 380 686 750 686 686 684 686 684 686 686 640 686 960 686 686 686 686 686
330 682 682 580 620 686 686 684 540 682 686 686 686 686 686 684 684 682 530 686 686 684 130 686 682 684 640 686 684 686 686 684 686 686 800 686
686 686 686 686 686 686 686 682 150 960 686 686 686 686 686 686 686 686 686 682 686 686 670 686 686 686 686 682 686 686 686 686 686 670 686 686
682 610 800 682 686 686 540 686 360 620 686 686 630 670 684 684 630 686 686 686 750 686 684 684 684 630 682 686 686 686 686 684 686 686 686 686
130 684 684 650 684 686 684 684 686 620 686 684 684 686 686 682 684 684 686 610 686 686 686 688 686 686 686 686 686 686 684 580 686 580 686 686
686 680 682 686 682 540 682 686 390 686 686 160 686 686 686 510 687 160 220 580 660 160 450 960 686 686 686 686 686 660 686 686 686 686 684 686
686 682 682 687 684 682 684 640 670 686 686 686 686 684 684 684 684 686 684 682 684 682 680 686 950 570 686 686 682 630 686 686 684 686 684 686
686 686 686 630 540 686 686 686 930 686 686 640 686 490 686 686 684 150 480 220 686 686 630 930 660 686 930 684 684 630 660 686 686 686 686 910
686 610 686 684 684 684 686 686 686 682 950 686 360 684 684 684 686 686 686 684 686 686 686 686 686 686 684 685 686 680 686 686 686 686 686 686
686 684 620 686 686 686 686 630 620 630 686 686 650 686 682 540 470 960 686 686 686 686 682 686 570 570 684 686 686 686 640 670 686 686 682 650
686 686 380 686 660 684 684 660 686 686 686 960 686 770 540 550 686 686 684 686 686 682 686 686 950 460 686 684 686 686 660 686 686 686 686 686
686 684 686 686 970 687 620 686 686 686 684 680 686 684 682 550 686 684 686 684 686 684 684 470 660 686 460 150 970 686 686 686 686 686 686 686
684 686 684 684 686 686 680 610 686 686 630 670 686 684 686 686 640 686 686 686 360 686 150 682 684 686 686 630 220 686 684 686 686 686 686 686
686 684 684 684 686 686 686 686 684 686 686 650 570 686 684 630 684 682 682 684 686 686 684 630 686 684 686 686 610 686 686 686 640 686 686 686
686 682 686 684 686 360 570 682 684 686 540 686 684 686 550 660 720 684 630 686 684 684 682 684 630 330 686 682 480 686 686 682 684 684 684 950
686 684 686 770 630 686 640 682 684 682 686 750 686 640 670 630 682 684 682 630 686 684 940 686 684 684 686 686 682 684 686 682 686 686 682 680
460 470 130 660 910 640 630 540 684 210 686 550 682 686 686 686 686 686 686 650 686 686 686 686 686 660 686 570 686 684 686 686 684 686 620 684
686 370 686 684 686 630 686 686 510 260 620 684 686 682 930 686 686 390 620 686 684 682 686 686 688 640 682 350 686 684 686 686 684 684 684 686
686 660 260 160 670 686 640 686 460 686 686 686 686 686 686 470 950 686 686 686 686 686 686 686 686 686 686 686 686 686 684 684 960 686 660 686
686 686 684 686 610 630 686 686 682 682 686 680 684 380 682 686 930 686 630 620 686 950 682 630 686 680 686 686 360 650 686 686 686 650 686 630
686 686 680 510 620 686 630 682 682 686 710 580 520 230 130 684 686 686 686 686 686 686 686 686 686 640 760 720 686 686 686 686 687 686 686 686
686 686 630 680 686 650 630 720 570 686 684 640 770 684 630 550 670 640 684 640 640 686 686 686 686 684 680 682 682 682 960 686 686 686 686 686
620 686 680 686 240 686 682 686 682 686 650 686 660 580 685 130 686 630 686 630 140 750 686 686 684 640 682 760 682 684 640 686 686 682 686 686
686 686 686 682 686 686 480 360 450 430 686 686 686 980 220 682 682 682 684 682 682 640 640 720 686 670 684 360 620 686 610 684 686 684 682 686
686 640 686 680 580 684 684 684 686 930 684 686 686 686 686 686 686 686 682 360 686 682 686 640 360 630 630 620 686 686 684 630 686 684 682 630
686 682 682 680 686 686 630 686 682 800 686 685 686 686 686 682 686 686 686 686 686 686 684 686 684 686 686 686 510 686 682 682 630 684 686 684
686 630 686 684 360 686 680 750 686 630 630 360 660 684 950 686 684 684 686 650 210 686 686 150 540 550 686 686 686 686 686 686 686 630 682 130
920 640 686 686 686 620 686 640 800 610 686 686 684 470 684 684 684 686 686 730 686 686 686 682 460 686 686 686 686 686 686 660 687 684 682 150
686 630 686 510 540 686 686 686 686 686 686 686 686 682 686 682 686 686 686 686 684 686 640 680 686 670 686 686 686 960 686 686 660 686 686 686
686 630 684 950 684 686 684 580 970 686 686 150 685 686 686 686 680 410 686 686 684 682 686 686 686 686 650 686 686 686 686 686 686 620 684 686
686 684 686 686 610 684 682 630 686 684 480 350 770 686 580 685 686 686 686 686 686 686 970 686 686 910 660 680 682 660 640 686 684 686 750 686
686 686 686 686 620 686 686 686 686 684 686 686 684 630 686 684 630 686 630 950 686 686 682 685 686 686 686 686 684 530 686 686 670 686 687 670
682 686 940 686 686 686 686 686 686 630 686 686 686 682 684 630 686 686 540 150 685 960 686 650 686 686 684 686 686 640 685 686 686 630 686 686
686 686 686 686 688 686 686 686 686 686 684 686 686 686 950 686 686 686 682 686 685 686 970 686 686 686 686 686 660 686 684 686 686 686 940 686
686 684 684 630 686 682 686 680 686 630 687 682 530 686 630 620 684 530 686 686 686 686 685 560 686 686 680 684 686 686 686 686 686 686 640 680
682 684 686 686 610 686 210 610 660 686 640 686 686 686 686 686 686 686 686 686 686 686 686 686 686 686 686 150 670 686 686 686 686 682 660 686
686 682 640 684 682 680 684 930 684 682 660 970 686 670 686 684 684 684 350 686 686 686 686 686 686 360 686 686 630 660 686 686 682 686 684 686
686 686 684 684 680 510 140 686 686 686 686 686 686 680 686 686 570 686 686 686 686 686 686 686 686 686 960 686 686 686 686 686 130 682 685 686
686 686 686 680 686 650 686 686 686 770 688 686 686 682 130 660 684 684 160 686 686 686 682 686 686 686 960 630 970 686 686 150 960 686 686 570
686 686 686 686 686 960 684 686 685 686 470 430 470 682 686 682 686 686 686 686 930 682 686 670 686 686 660 687 686 686 686 684 686 684 760 570
686 684 440 684 686 686 686 686 682 686 686 686 686 686 710 920 686 640 640 685 686 800 686 910 640 684 685 686 682 688 650 960 686 682 540 686
686 580 680 660 910 686 686 686 686 320 540 684 684 360 686 950 686 540 660 686 686 686 640 686 650 686 686 686 686 686 686 686 686 686 686 686
686 686 686 610 686 684 686 670 682 950 686 684 686 330 684 686 684 950 686 686 687 686 686 660 687 684 684 630 686 684 686 686 684 630 670 920
686 686 684 620 686 680 684 650 684 686 682 684 470 460 660 686 660 670 686 686 120 686 510 686 686 570 686 680 684 630 686 660 687 686 686 686
686 686 610 686 684 686 950 460 670 686 686 686 684 686 630 686 682 686 682 686 684 390 686 684 686 686 684 684 390 686 686 682 682 930 686 686
686 686 686 686 686 686 390 620 640 684 684 682 684 770 682 480 540 686 686 580 620 684 686 680 670 684 440 686 682 480 970 686 686 686 684 360
686 686 540 640 682 686 140 686 686 150 510 670 686 684 650 686 684 685 670 684 685 684 684 686 684 686 686 682 686 686 686 686 650 682 682 360
682 684 686 630 686 684 630 670 684 684 950 650 686 686 682 684 360 686 310 686 684 620 680 640 686 686 686 686 680 688 580 630 620 684 684 686
686 686 686 686 686 686 686 686 686 670 686 686 686 686 686 686 686 682 686 686 686 686 686 686 686 686 686 686 686 684 686 686 684 685 685 350
682 682 682 684 686 682 684 240 686 686 687 686 686 680 686 450 630 380 682 686 686 686 686 686 770 686 684 720 686 686 686 686 682 640 684 686
686 686 686 460 684 686 686 688 682 686 686 684 684 686 686 682 682 630 686 684 610 686 686 686 684 680 684 686 686 686 686 686 640 130 230 686
686 686 460 460 686 930 686 686 682 686 370 660 686 686 686 930 686 640 686 684 687 686 686 686 686 686 686 686 686 686 686 686 686 686 686 686
686 686 680 686 640 480 800 686 686 930 686 686 686 686 680 686 686 682 686 686 686 682 686 490 686 686 686 686 686 686 686 685 620 686 640 686
686 686 686 770 682 684 682 610 686 686 686 670 460 686 684 686 686 420 686 688 686 686 550 686 480 682 686 686 686 684 686 686 340 520 682 686
686 680 680 686 380 686 686 686 686 686 686 686 686 686 684 460 686 684 686 686 686 684 686 510 570 686 682 530 686 660 685 686 640 686 686 686
686 660 670 684 686 686 684 687 686 686 686 684 686 686 686 686 682 686 684 684 670 630 686 686 686 686 640 686 490 686 686 684 686 686 630 686
686 686 770 684 686 682 686 682 686 686 684 686 686 686 684 686 686 682 686 686 686 760 660 250 660 686 686 686 686 570 686 682 950 370 670 686
686 686 686 686 110 130 686 687 688 686 540 686 686 686 686 686 686 686 686 687 686 686 686 684 650 686 960 684 686 682 686 930 686 686 960 684
650 684 684 684 684 686 680 684 360 650 682 682 930 686 686 686 470 960 686 686 686 686 686 686 686 150 686 580 470 685 686 684 682 620 686 682
686 630 684 686 680 684 660 686 530 686 686 686 450 686 680 640 684 686 686 686 682 150 660 686 686 686 684 686 540 686 510 686 686 686 686 684
686 684 686 630 150 560 686 682 580 370 630 684 684 686 682 440 686 686 686 686 686 686 686 686 686 686 570 620 686 630 686 470 580 686 540 686
686 686 686 670 686 686 640 550 686 686 686 686 660 686 686 650 630 380 686 682 150 686 684 686 686 686 686 686 686 686 686 686 682 684 686 686
686 684 686 686 686 686 686 640 490 686 720 686 686 682 686 650 630 686 684 686 686 684 686 682 684 720 686 686 380 770 686 682 686 620 686 686
686 686 686 686 686 686 660 920 140 620 684 684 686 686 686 680 630 540 640 686 686 686 630 682 760 686 686 686 686 686 686 686 687 686 686 686
686 110 720 686 550 686 686 686 686 686 686 140 686 686 686 686 686 686 686 686 686 686 670 686 686 686 320 686 640 686 686 670 480 682 682 686
686 686 682 686 686 682 682 682 360 682 960 570 686 682 686 686 770 450 684 686 686 686 682 686 686 686 620 686 910 684 686 686 686 686 686 150
686 630 682 680 640 682 684 684 686 640 150 570 686 640 686 686 686 686 686 686 370 670 686 684 686 680 686 686 670 686 450 670 686 686 686 686
686 686 682 684 686 686 686 686 720 480 682 684 686 390 650 360 220 640 686 686 686 150 660 620 686 450 720 686 684 682 682 686 670 490 686 686
640 686 686 686 686 684 686 688 460 650 686 686 630 682 686 684 686 684 620 686 684 686 970 684 686 686 686 686 510 230 684 682 686 682 680 682
684 686 684 686 620 686 660 686 686 620 610 686 684 684 682 610 686 686 220 686 684 686 686 686 686 620 684 630 686 686 650 686 800 684 686 686
684 682 950 550 686 686 684 686 686 686 682 684 686 950 540 686 686 670 686 686 650 686 670 670 550 620 680 550 350 684 682 686 684 684 684 684
686 686 686 684 686 550 686 630 686 686 686 686 684 686 684 430 750 686 684 686 686 686 686 686 686 684 630 540 686 684 210 686 682 686 686 684
686 686 684 686 580 688 687 684 684 550 686 686 686 686 686 686 686 640 686 686 686 686 686 682 686 686 686 570 685 510 686 650 150 960 686 684
686 686 684 686 240 686 686 682 687 460 686 686 684 686 686 360 686 350 686 682 684 684 684 684 630 590 682 684 686 682 686 670 660 686 686 686
686 680 682 390 684 686 684 680 684 686 684 684 686 686 210 686 682 650 630 630 682 684 686 620 686 686 950 686 686 360 620 684 686 686 686 640
686 686 686 686 688 686 682 686 686 686 686 686 650 682 686 630 686 660 686 684 640 970 650 686 640 450 430 686 684 682 686 686 684 686 720 686
686 686 680 686 686 686 550 686 686 930 620 686 760 682 686 686 684 680 686 684 686 610 686 684 686 660 684 686 686 686 684 550 620 684 630 686
686 686 684 686 686 760 682 686 686 686 684 684 684 610 360 686 686 620 686 360 686 670 686 686 630 670 684 686 682 686 150 686 686 686 686 686
680 360 630 684 680 750 686 800 686 686 630 686 420 686 390 680 686 686 686 686 684 684 682 686 610 150 220 682 610 660 670 686 630 670 686 360
686 686 686 686 686 686 670 686 686 686 686 510 570 686 686 686 686 686 360 686 686 760 686 686 960 686 684 920 682 686 370 686 686 686 686 685
686 680 686 130 686 686 686 686 686 688 686 686 684 640 686 480 686 684 682 686 686 686 686 686 686 686 682 684 686 760 686 480 130 260 686 682
686 686 740 160 640 686 686 686 650 686 686 630 660 686 686 686 686 570 130 684 686 580 686 686 682 684 686 686 684 686 686 580 540 640 686 480
686 686 686 686 686 686 686 686 460 630 380 750 686 686 800 660 750 686 686 686 684 686 686 630 682 686 686 686 686 686 686 686 682 682 686 686
686 686 686 630 684 640 686 684 685 620 684 640 686 684 684 540 686 686 686 230 686 684 686 686 684 670 640 684 630 686 684 686 686 686 684 684
686 688 684 680 686 686 780 686 686 684 682 220 685 686 686 680 680 686 380 910 684 960 686 684 686 150 660 330 686 686 686 686 686 630 682 686
686 686 686 686 960 686 686 686 686 686 686 686 682 686 686 686 686 684 660 686 686 686 682 640 686 686 686 686 686 686 686 550 682 686 686 686
686 686 686 686 687 670 686 686 686 682 688 686 684 630 686 686 686 682 686 686 686 686 686 620 686 150 686 682 686 685 686 580 686 686 686 660
686 684 686 686 686 670 630 630 686 680 680 630 686 682 682 684 630 330 686 688 686 570 686 686 686 686 686 686 686 686 686 800 686 686 687 686
686 686 686 686 686 686 686 680 650 686 686 680 686 682 684 686 686 684 686 686 686 687 685 120 686 686 650 685 686 682 686 686 686 686 686 660
686 682 680 686 630 686 630 686 682 680 686 686 686 684 686 686 680 686 684 686 686 686 682 640 682 686 686 380 686 686 686 682 684 686 686 686
686 686 686 640 686 686 580 686 686 686 686 686 686 686 682 800 688 686 686 670 686 686 686 686 686 686 640 686 686 686 686 686 682 470 920 686
686 682 520 670 686 630 620 686 686 684 686 684 760 760 684 640 760 684 682 682 680 686 682 684 684 530 686 684 684 686 684 686 686 630 684 684
686 684 686 686 686 686 686 686 686 686 686 686 390 686 686 684 684 680 960 630 660 650 686 686 686 650 684 686 620 686 686 686 684 686 684 686
686 630 686 684 682 680 686 684 640 684 686 686 684 682 680 640 680 684 140 686 686 686 686 686 686 650 650 684 686 686 686 682 682 950 684 350
686 630 686 684 686 360 686 682 620 686 240 686 686 686 686 686 510 686 680 686 686 686 686 686 686 686 686 686 920 540 688 686 460 670 686 686
686 684 684 686 682 686 686 686 610 480 970 686 686 686 960 650 686 686 686 684 686 960 682 686 350 630 686 686 930 686 686 630 686 660 686 686
686 680 660 684 630 650 686 686 686 686 686 682 686 686 930 686 686 670 682 686 680 686 686 686 686 686 686 686 686 684 650 686 686 580 686 686
490 580 686 686 960 686 550 686 686 340 520 670 686 686 640 686 686 650 450 480 686 686 686 686 686 686 560 686 684 686 470 390 686 686 686 686
686 684 682 686 684 660 686 930 640 460 686 686 682 650 684 350 360 670 686 686 684 686 686 686 686 684 686 684 686 682 686 686 686 660 570 685
686 686 650 686 686 686 630 686 686 650 686 960 550 620 682 684 682 684 930 680 686 686 630 686 686 670 684 360 680 630 910 684 686 684 684 360
686 684 930 686 686 350 682 630 686 686 660 670 686 680 686 686 686 686 680 686 686 150 686 686 686 686 460 686 686 686 686 686 686 686 686 686
686 686 686 686 686 686 686 686 686 686 686 684 470 686 660 686 686 686 686 686 686 684 610 686 670 220 686 686 684 450 684 684 686 682 660 686
686 686 684 684 684 684 680 680 686 686 686 686 620 630 682 686 684 682 686 684 686 680 684 640 684 686 686 360 480 960 684 682 684 540 684 684
686 680 660 670 686 660 720 682 686 684 686 686 686 686 686 686 660 684 685 686 640 950 650 686 686 686 686 570 686 684 460 686 686 686 686 686
686 686 686 680 650 686 380 684 686 630 685 670 686 682 686 686 686 686 130 660 686 686 686 686 686 110 686 150 960 686 686 686 686 686 686 686
686 670 630 670 682 684 684 686 682 682 685 660 684 686 686 686 620 630 686 684 686 570 686 684 686 686 686 686 684 360 686 686 680 686 686 686
910 650 686 310 684 686 720 686 684 682 550 620 686 660 686 630 720 120 686 580 510 684 682 686 686 686 684 686 686 682 686 380 686 686 684 686
686 686 420 686 686 686 686 688 686 686 686 640 640 686 620 686 640 686 686 686 686 686 620 686 220 682 620 686 686 684 686 684 686 650 684 686
686 140 130 684 684 630 650 686 682 686 686 686 686 650 760 680 684 940 686 640 684 682 684 370 686 950 682 682 686 686 682 682 550 686 684 684
686 686 686 670 670 630 620 684 684 630 686 686 150 640 530 686 686 630 620 670 670 770 686 686 686 684 686 686 685 620 684 390 686 686 650 800
620 684 686 686 682 686 686 686 686 686 686 686 686 686 630 686 686 686 660 686 686 550 682 684 686 640 684 686 686 686 686 688 686 686 686 688
686 686 686 686 686 670 960 686 410 686 630 686 686 684 684 682 686 682 510 660 670 682 686 686 650 686 680 686 682 630 686 390 620 682 630 110
686 686 686 686 682 630 686 360 686 920 686 686 686 686 686 686 150 510 510 670 760 686 686 686 640 686 930 684 960 686 470 640 686 686 684 682
686 680 684 684 684 630 630 686 686 686 680 686 686 686 670 682 940 686 686 686 682 684 650 686 680 686 684 684 686 684 680 682 684 684 620 684
686 682 684 686 686 684 630 682 380 686 686 682 640 686 686 684 390 684 686 682 682 360 670 686 680 684 682 686 686 684 686 686 630 620 686 682
686 686 684 970 686 670 685 660 686 682 490 686 686 686 686 470 540 684 640 686 688 460 510 685 686 687 686 686 686 686 510 686 686 686 682 686
580 510 684 610 684 686 686 684 686 686 686 684 686 686 684 686 686 682 970 686 685 620 686 686 686 686 686 686 686 686 686 960 686 686 686 686
686 686 770 686 686 390 684 686 684 940 686 684 680 620 684 684 686 680 910 686 686 660 684 684 686 930 684 686 684 682 950 686 630 686 686 686
686 930 680 686 686 686 686 686 686 682 210 150 686 686 686 686 686 686 685 150 960 686 686 670 650 686 686 686 670 686 686 686 686 686 686 686
686 684 686 682 630 540 550 960 686 630 682 686 686 686 360 610 684 686 686 684 686 686 620 750 140 686 686 620 680 682 686 686 930 684 950 686
686 686 686 686 686 686 686 686 686 686 686 670 686 686 686 686 550 960 686 687 130 686 682 684 660 684 590 686 680 750 686 686 686 686 686 684
686 950 686 686 360 640 360 686 630 686 686 684 684 682 686 686 630 630 686 630 686 684 682 686 686 684 682 686 686 684 686 684 686 682 684 686
680 682 686 686 684 686 640 686 660 686 686 686 684 686 686 686 686 686 686 686 686 686 640 686 688 686 686 686 687 670 682 686 920 686 684 686
686 684 550 684 684 686 682 686 686 550 670 630 950 650 684 360 682 684 686 480 330 684 950 660 686 686 684 686 682 660 687 686 686 684 686 360
686 686 150 686 686 686 686 686 686 686 610 686 686 686 680 686 686 686 686 460 686 670 686 686 686 660 686 510 687 687 540 688 688 686 686 686
686 686 800 686 684 686 686 684 686 800 686 800 950 686 686 650 686 640 680 686 686 470 650 686 686 686 686 686 686 686 950 410 686 684 686 580
686 686 580 960 610 684 686 686 684 686 686 682 682 684 686 686 684 686 686 686 686 670 640 470 490 686 686 440 686 310 686 686 650 684 686 682
686 540 684 686 686 686 580 686 686 686 660 686 686 682 686 682 686 682 686 960 684 686 450 686 686 686 686 670 686 620 686 686 580 686 686 686
685 685 686 686 660 684 686 686 686 686 687 670 686 510 686 686 684 686 684 640 684 220 686 684 682 684 686 686 680 680 684 686 686 686 686 686
686 460 670 590 686 550 620 684 630 686 686 686 686 950 640 460 686 686 920 686 686 686 686 686 686 686 686 686 686 686 686 730 686 686 686 686
686 687 680 684 360 686 686 660 686 240 686 660 686 686 686 687 684 460 686 680 686 686 686 130 686 682 390 960 684 686 685 686 684 682 682 682
686 686 684 630 686 530 686 686 686 640 684 686 687 685 630 686 680 620 686 686 684 650 686 686 684 440 686 630 682 686 684 682 686 760 686 686
686 684 360 684 686 682 684 684 680 630 686 660 686 686 686 686 686 687 686 630 686 684 682 310 686 686 630 680 684 684 686 686 684 686 610 630
686 686 686 686 686 680 686 540 686 686 684 640 686 686 686 686 686 630 686 686 550 230 686 686 670 970 686 686 686 686 686 210 686 686 640 686
950 686 540 660 686 686 620 686 684 686 686 686 686 686 686 682 686 686 120 650 686 686 686 684 686 686 686 686 150 686 686 686 580 390 686 686
686 682 684 684 680 670 682 630 550 540 686 686 686 682 570 960 682 660 685 686 686 682 686 650 684 686 686 380 686 930 380 686 684 685 682 682
687 740 684 684 680 684 684 682 620 630 686 360 686 686 686 686 686 640 687 686 680 470 390 670 686 686 686 686 680 660 686 686 960 684 950 660
686 684 686 630 686 686 682 570 686 680 682 686 686 680 640 720 620 670 540 686 686 682 684 686 682 470 640 686 686 380 686 686 686 630 670 580
686 930 630 720 682 684 684 684 682 684 684 682 686 682 687 685 680 370 550 686 684 682 684 686 650 640 760 686 686 390 684 686 630 686 682 684
686 686 686 686 686 910 684 610 686 686 630 686 620 630 660 686 686 686 684 686 682 620 686 686 684 685 686 640 686 686 686 630 686 640 686 686
686 630 686 686 680 686 686 684 686 470 686 686 686 140 685 682 687 686 686 686 684 950 686 686 686 686 686 684 650 650 686 686 684 684 540 670
686 686 684 686 660 686 684 686 684 686 682 684 686 682 630 686 684 350 684 684 360 620 686 686 686 686 686 630 620 682 686 686 686 684 950 686
686 682 680 686 686 686 686 686 580 660 686 686 686 686 684 670 686 686 686 686 682 682 650 686 686 686 686 686 686 686 686 110 650 686 686 686
686 630 684 686 684 684 686 610 682 620 686 685 686 682 686 620 686 686 682 620 682 684 682 350 560 686 686 688 686 684 220 686 570 210 930 686
686 630 230 686 686 686 686 686 682 686 670 570 686 686 350 684 682 682 684 630 686 686 686 682 686 650 686 684 684 640 684 686 640 682 686 686
686 680 580 686 686 686 686 930 640 684 682 686 680 686 686 130 682 550 660 590 686 686 686 686 686 686 686 250 680 686 686 686 686 684 630 686
686 686 120 640 680 640 684 610 640 686 686 670 686 682 686 686 150 960 686 150 550 620 686 684 686 686 682 650 686 686 686 686 686 670 620 686
686 682 630 684 686 682 940 686 686 510 684 684 686 684 620 686 684 670 930 682 660 686 570 686 686 686 687 680 660 550 686 686 630 682 686 686
686 950 686 760 686 480 684 686 684 686 682 686 686 686 686 150 686 687 540 686 686 650 686 682 686 686 686 686 682 686 686 686 686 686 684 682
686 920 684 684 630 220 660 686 686 686 686 682 686 684 630 684 960 684 660 686 686 480 660 686 686 610 686 686 686 686 682 684 686 686 682 684
686 686 684 684 684 684 390 686 350 620 686 630 686 686 688 686 684 686 480 760 686 686 950 660 686 150 686 682 686 686 720 686 682 686 686 684
680 360 630 380 360 684 682 620 686 686 682 682 684 686 686 686 682 686 686 684 684 686 470 960 686 686 800 490 640 686 960 686 686 686 686 686
686 686 130 684 682 684 640 140 686 650 685 560 670 682 680 684 682 682 686 950 650 360 660 510 640 686 682 686 640 260 686 686 684 686 686 686
630 684 360 440 686 630 686 610 310 682 680 684 680 686 550 682 684 684 682 686 640 684 680 750 680 686 682 686 686 430 686 686 686 640 686 686
686 686 680 682 682 950 682 640 686 686 950 686 686 686 630 686 930 610 686 686 640 610 686 684 686 686 686 686 682 960 686 686 686 684 490 682
686 686 680 686 686 686 660 686 684 390 640 686 686 950 684 686 570 670 682 686 686 440 460 670 684 686 686 686 686 680 686 390 682 420 686 686
686 684 686 686 686 686 686 682 685 686 682 630 670 686 686 686 670 686 686 682 686 686 682 630 682 660 686 684 682 686 760 686 686 686 686 686
686 686 684 630 686 550 970 686 686 686 370 380 686 630 684 686 610 650 686 360 380 760 684 686 686 686 686 686 686 650 684 650 684 930 684 686
686 686 640 684 684 686 684 682 684 930 686 686 930 686 670 684 470 686 686 686 686 686 686 686 686 770 686 686 120 686 686 684 686 682 686 686
686 684 682 684 960 684 685 684 684 686 686 686 686 640 686 686 686 686 686 684 686 685 686 684 530 686 770 686 682 686 650 684 686 686 550 684
684 682 682 630 682 686 686 686 760 686 480 970 686 686 686 220 620 680 650 640 686 686 686 684 686 686 684 684 682 370 684 610 682 684 660 686
686 684 682 686 686 686 684 686 686 680 682 684 970 686 800 686 650 686 682 680 684 684 686 670 682 684 684 684 682 540 590 686 684 360 682 686
686 684 940 686 682 370 630 670 630 686 682 650 686 686 686 680 686 686 686 686 686 580 670 686 686 660 460 685 686 686 686 686 682 686 682 686
686 610 960 684 684 630 682 682 680 682 684 684 682 686 684 684 630 686 686 684 686 680 686 640 630 684 686 686 630 686 686 686 686 686 686 650
686 686 686 686 620 684 686 680 630 950 550 570 686 686 510 684 684 640 684 970 686 670 686 686 686 686 686 686 686 686 660 550 684 686 310 686
150 530 686 684 640 686 390 684 684 760 686 686 686 684 630 682 686 684 684 130 682 686 630 684 686 684 684 686 150 686 686 686 686 686 686 686
686 684 686 686 686 686 686 980 687 686 686 686 686 686 686 686 570 686 682 470 670 686 510 510 686 686 686 686 682 686 686 682 686 640 686 686
686 950 686 686 686 686 686 685 686 960 430 686 686 686 686 686 430 686 686 910 640 682 630 460 686 686 686 686 686 686 688 686 686 686 684 686
686 684 630 686 684 686 550 930 685 570 686 680 686 686 440 686 920 686 680 682 686 686 680 686 686 686 480 630 686 682 684 687 687 686 686 686
686 686 684 684 684 720 980 130 682 686 684 686 686 686 685 686 684 682 686 640 686 770 686 150 960 686 686 686 686 686 686 686 686 684 686 680
686 686 686 686 950 686 960 686 686 684 686 682 680 686 686 930 640 550 686 686 450 686 660 910 686 686 686 686 686 686 640 686 686 686 682 682
686 580 950 670 720 350 686 630 684 684 686 682 686 650 686 682 684 686 682 640 684 650 686 630 540 960 686 684 686 620 686 620 686 684 630 570
686 684 684 630 640 650 950 682 684 630 682 686 640 684 686 682 686 686 686 686 686 686 684 682 620 684 686 684 960 640 686 680 460 686 680 670
686 684 686 630 540 680 380 540 686 686 686 686 682 686 686 670 686 686 360 686 630 686 682 950 682 640 570 684 720 960 630 686 684 686 640 686
686 640 680 682 682 930 686 610 660 660 686 684 686 684 686 660 686 380 686 684 686 684 130 660 686 686 686 686 686 686 686 684 686 686 686 920
686 686 682 670 682 686 660 684 684 680 682 480 660 687 620 682 650 630 686 684 686 370 684 630 686 960 686 686 510 680 686 686 684 930 686 686
686 686 640 680 610 686 682 684 684 580 686 686 950 686 686 686 630 686 686 686 686 650 686 480 687 686 686 686 686 686 686 686 686 682 686 686
770 686 630 684 686 610 686 686 682 682 686 686 684 686 684 684 685 686 686 684 686 130 684 630 686 686 686 684 686 684 686 686 686 950 510 220
950 670 960 686 682 686 686 686 686 684 685 686 660 686 930 686 686 630 684 686 684 685 686 686 686 686 684 686 682 686 686 150 686 686 686 686
686 682 686 686 686 670 686 680 686 686 686 686 686 686 686 800 686 450 670 686 686 686 686 684 686 686 686 684 360 686 686 660 686 686 686 570
630 684 680 682 682 686 684 684 650 686 670 360 682 684 682 950 682 686 686 684 960 686 686 686 630 682 630 682 684 686 350 610 686 686 688 686
610 686 686 686 686 686 570 686 660 682 686 150 685 760 686 686 800 686 686 686 686 686 420 686 686 686 686 686 684 686 684 686 686 686 686 510
686 682 570 686 930 686 686 686 684 686 380 686 640 686 420 686 682 686 684 684 686 682 686 130 686 686 686 686 630 380 630 684 686 580 220 682
682 682 684 684 686 680 686 640 686 686 684 684 686 684 550 630 686 680 684 686 684 684 686 685 220 682 130 682 682 686 684 686 686 686 640 686
730 684 630 684 684 910 682 684 682 640 686 686 686 686 670 686 686 682 686 686 680 686 686 150 686 686 670 686 686 686 686 686 685 686 686 686
684 480 682 684 640 370 684 686 686 684 682 560 686 686 770 680 684 682 686 682 686 640 684 686 686 686 684 630 686 684 682 682 686 686 920 686
686 686 684 360 620 950 686 686 684 685 550 686 560 686 630 682 686 630 686 684 684 686 686 686 684 950 670 686 684 686 950 686 540 650 686 682
640 680 686 686 630 686 630 684 686 930 380 960 682 686 682 160 550 570 686 680 684 686 686 720 686 686 360 670 686 684 680 684 686 970 686 510
440 686 686 686 930 686 686 686 686 686 682 686 360 686 684 685 686 684 686 682 440 686 684 682 684 950 686 470 686 686 686 660 670 686 470 580
686 686 370 930 686 960 686 686 686 620 682 686 680 686 686 686 686 686 330 686 684 684 682 684 740 130 682 684 684 686 684 630 684 686 686 390
686 686 686 686 686 686 686 686 686 686 686 150 682 686 686 686 686 686 930 650 686 686 682 686 640 686 686 560 686 590 610 686 682 630 686 684
670 686 470 640 686 682 470 510 450 560 686 682 640 684 684 686 360 686 620 686 630 630 380 800 686 686 686 684 630 686 950 686 650 688 686 640
686 686 682 670 630 682 686 640 950 682 686 684 160 360 684 686 620 684 684 686 630 686 760 630 140 686 686 660 685 650 686 686 684 682 160 686
686 686 950 686 670 930 686 686 686 686 686 686 686 686 686 960 680 686 380 686 640 686 686 960 686 450 630 684 686 150 570 686 686 686 686 686
686 682 760 686 970 686 540 682 682 650 390 760 686 682 630 686 686 686 688 684 686 686 682 686 686 686 350 686 360 630 682 686 960 360 686 682
686 684 630 686 686 684 686 680 684 684 686 670 220 620 682 630 540 686 684 686 686 686 686 150 670 686 686 686 685 460 150 970 686 686 686 680
686 120 640 770 640 370 310 686 684 640 684 682 682 686 684 686 150 580 686 686 686 686 686 686 684 686 687 686 686 688 686 686 686 686 686 686
686 686 686 686 150 686 684 684 686 682 550 686 682 684 686 682 684 684 630 540 686 686 686 684 684 630 686 686 686 686 686 686 686 687 640 686
686 930 686 686 682 686 650 630 686 680 686 684 684 686 685 630 620 686 684 686 686 684 684 686 684 686 686 684 640 686 470 685 686 686 686 686
684 686 680 670 686 150 682 230 686 686 686 686 430 686 630 630 686 686 640 686 660 686 686 686 686 686 682 950 686 910 682 686 640 685 686 686
686 686 686 684 686 686 685 960 710 520 360 380 686 686 686 686 686 687 686 686 686 686 686 450 687 540 650 686 682 686 682 686 686 640 686 686
686 630 682 660 684 680 686 686 682 686 630 686 640 350 684 686 684 686 684 684 686 360 550 380 684 682 682 684 800 150 686 686 688 686 570 660
630 684 684 684 950 930 682 684 686 686 684 370 686 685 630 650 360 620 686 684 630 686 640 684 686 686 686 660 670 687 630 686 686 686 684 686
686 630 580 686 686 682 684 686 684 682 320 540 684 630 686 686 684 686 640 680 686 950 686 150 950 682 960 686 686 686 686 150 686 686 686 686
610 685 686 686 682 686 686 686 684 686 686 684 686 686 686 686 686 682 686 686 686 686 686 686 686 686 686 686 686 686 686 430 686 686 686 650
686 686 686 686 686 688 686 686 686 686 686 686 686 686 686 686 686 686 686 686 686 682 670 670 686 550 686 686 686 686 570 686 686 686 686 686
686 682 630 684 620 686 686 950 682 686 686 370 670 686 686 686 686 686 686 640 686 686 685 670 686 684 686 686 684 686 684 460 550 686 686 686
686 682 684 684 620 686 686 682 686 684 770 686 686 686 670 540 686 686 686 686 686 684 686 760 686 686 640 686 686 686 686 686 390 650 688 686
686 686 684 686 686 684 688 686 686 686 686 686 686 682 686 686 550 684 686 350 680 686 686 686 686 686 684 684 420 686 684 682 686 686 360 550
686 686 686 450 960 684 686 930 684 682 682 686 686 686 682 590 686 686 684 686 686 686 684 686 686 686 570 520 686 686 686 686 686 686 950 686
686 686 686 687 684 686 684 684 684 684 670 686 640 660 686 686 686 682 684 684 686 686 686 684 686 380 686 150 950 670 660 685 686 686 510 640
686 684 686 630 660 686 686 682 684 630 670 980 686 686 686 686 686 684 682 630 684 686 686 510 620 686 686 686 686 686 686 686 640 687 686 140
686 686 686 686 686 686 610 684 686 650 686 630 570 686 686 684 686 960 460 686 686 684 684 686 686 686 610 686 682 686 686 650 686 930 684 686
686 684 684 630 650 684 360 670 684 630 686 684 686 684 682 660 686 686 630 380 620 686 684 687 250 685 686 686 686 686 686 686 686 686 686 686
686 686 686 686 686 684 682 686 680 350 686 640 686 684 686 686 686 682 686 682 620 320 570 684 682 686 684 360 682 684 686 640 684 682 630 640
684 682 640 680 686 670 686 630 686 640 686 686 670 685 660 670 682 630 570 570 686 684 686 686 686 686 686 686 686 686 686 610 686 620 684 684
686 686 470 670 686 630 430 686 686 684 686 580 686 686 686 686 686 470 960 686 685 140 686 760 686 686 686 660 686 686 686 686 686 960 684 686
686 684 686 686 682 682 210 684 686 686 686 682 684 686 630 480 686 686 684 686 686 580 686 686 686 686 686 686 760 682 686 686 686 686 688 686
686 650 688 686 686 686 686 686 686 686 686 686 580 686 910 686 686 686 930 686 120 686 686 686 686 686 686 682 686 686 686 670 686 686 686 570
610 630 686 684 682 686 420 686 950 150 760 686 686 686 686 686 686 686 480 510 570 570 760 686 684 682 686 686 930 630 686 686 686 686 686 686
686 686 686 680 350 686 640 682 540 380 684 686 684 684 686 686 550 682 320 540 687 430 686 686 620 686 682 684 686 510 570 686 686 686 686 686
686 686 686 686 686 660 686 686 686 686 684 686 640 686 686 686 686 682 460 350 670 660 460 140 682 320 660 686 686 686 686 686 686 686 686 686
686 660 680 686 686 684 686 686 686 684 684 620 686 684 680 610 684 480 570 686 630 682 686 640 682 684 684 684 686 686 682 686 650 360 682 682
686 686 686 686 686 686 360 682 470 670 670 660 686 686 682 686 650 640 687 140 686 150 140 686 686 686 686 686 630 540 686 686 686 686 686 686
682 630 682 480 686 360 686 530 686 686 360 630 620 630 686 682 630 684 630 686 330 684 210 686 686 686 686 660 120 687 686 686 686 686 686 150
686 686 630 686 660 686 620 686 686 686 686 682 140 686 710 520 682 687 540 686 684 686 660 686 686 686 686 686 686 630 686 684 150 650 682 682
686 682 686 686 686 560 720 684 684 350 684 686 686 570 684 680 370 684 686 684 686 360 687 686 686 684 686 560 160 390 685 686 686 686 688 686
686 686 688 686 682 684 686 686 686 686 684 150 620 686 686 650 686 680 686 686 684 540 682 682 686 686 684 686 686 686 684 686 686 686 686 440
686 682 686 686 686 360 685 682 960 686 684 686 686 686 686 480 570 686 680 680 686 686 680 682 684 686 686 686 686 682 960 686 686 684 550 660
686 684 640 630 686 380 686 686 650 684 686 210 686 686 720 682 640 685 686 686 684 684 620 684 684 684 630 684 650 686 684 686 684 630 684 640
686 682 685 684 682 682 630 540 686 684 682 680 686 686 684 686 686 686 686 686 640 686 650 630 670 570 380 684 686 684 686 686 684 682 970 686
686 684 686 686 685 660 686 480 684 686 682 620 950 620 720 686 686 686 684 686 686 686 686 682 686 650 686 682 682 760 686 686 120 686 686 686
686 686 390 684 684 686 682 800 640 686 686 630 686 686 686 630 650 480 970 686 686 687 686 686 686 620 630 686 686 686 686 686 686 620 610 686
686 686 682 650 686 686 620 680 686 685 684 610 686 684 684 684 686 685 686 682 750 686 680 686 680 684 686 686 630 684 640 650 686 684 682 620
686 640 686 680 688 686 684 686 686 686 686 686 620 686 684 684 685 380 686 686 686 684 640 684 686 970 450 684 630 620 682 686 686 686 686 686
680 640 686 650 360 684 682 684 950 540 610 686 682 620 740 688 686 684 630 682 686 630 686 940 686 684 686 610 686 686 686 686 480 686 686 686
760 686 688 686 686 686 686 686 686 686 640 686 686 640 686 910 686 686 686 686 686 684 686 686 686 686 460 686 686 686 685 130 686 686 685 686
686 684 684 540 686 686 686 686 350 684 670 540 686 686 686 686 686 686 686 686 686 686 688 686 686 686 686 686 686 686 686 550 686 686 686 510
686 686 686 686 682 250 686 670 686 686 686 330 684 680 686 684 686 686 684 682 684 682 686 682 684 686 686 686 684 684 686 686 686 680 684 686
686 630 684 682 686 684 360 630 680 686 684 686 686 686 686 686 684 686 684 686 650 630 680 686 682 684 684 684 686 570 686 686 360 380 800 684
686 630 684 686 684 684 684 686 686 630 684 640 684 480 686 630 680 320 140 686 686 684 686 686 686 640 950 670 686 686 686 686 686 686 686 687
950 686 720 686 630 686 684 684 682 684 680 686 680 686 686 684 120 686 686 686 686 686 686 686 682 550 684 684 684 686 686 684 684 686 686 686
686 686 686 686 686 630 686 686 950 686 686 682 684 640 686 684 350 686 686 686 686 684 370 940 686 686 680 682 686 686 686 686 686 686 686 686
684 684 686 684 682 630 540 686 686 686 686 686 686 686 640 686 686 684 686 686 684 630 684 686 510 520 670 686 686 800 686 686 680 684 686 800
686 686 680 650 640 640 686 682 684 684 684 686 684 686 950 360 580 682 686 686 686 686 686 686 686 686 620 686 684 950 686 210 682 960 960 610
686 680 686 686 686 686 686 660 686 686 686 686 686 686 686 686 686 686 686 686 686 687 686 686 686 686 686 684 686 380 686 686 686 687 540 686
686 650 370 686 686 688 686 686 686 686 686 680 686 686 686 686 685 686 686 686 686 686 686 686 620 686 620 480 682 684 687 670 540 660 686 686
960 684 686 684 640 686 684 686 120 684 686 686 684 686 580 630 686 686 686 686 686 686 930 640 686 686 686 682 140 686 686 684 686 686 686 682
630 630 630 687 420 686 682 630 686 580 686 684 686 686 686 686 686 110 686 686 686 686 686 686 686 580 687 684 686 686 684 686 686 686 684 650
684 685 686 686 686 684 684 360 684 684 610 686 686 480 540 686 686 686 686 686 686 686 630 670 686 686 686 686 686 650 686 686 686 686 640 682
686 680 684 630 686 470 510 686 620 686 686 686 680 550 570 686 686 620 350 686 620 684 686 630 360 686 640 684 686 684 480 660 686 686 650 682
686 686 686 330 684 686 682 684 682 770 686 682 684 686 686 686 686 686 686 686 682 686 684 970 684 640 686 686 682 686 630 480 682 682 686 470
686 682 686 686 450 687 686 686 686 550 540 684 686 685 660 686 480 640 686 686 686 686 686 686 686 686 686 686 686 686 684 686 686 686 686 686
684 684 686 682 686 686 686 684 950 686 686 686 686 688 640 686 960 686 686 686 684 686 660 685 220 686 684 684 686 450 682 510 360 580 686 684
950 686 686 480 510 380 686 680 686 540 570 686 686 686 686 682 670 686 610 684 686 686 740 570 682 480 660 685 540 540 686 510 684 630 570 686
686 686 686 686 686 686 686 684 686 686 930 680 686 686 660 686 687 686 686 686 686 686 686 330 684 682 686 686 682 684 686 960 686 686 686 686
760 680 686 684 686 684 686 686 960 686 686 570 686 660 670 686 150 660 686 450 960 686 684 686 450 686 686 686 686 686 686 686 686 686 682 686
686 686 740 684 130 682 684 686 686 686 682 686 684 686 686 682 684 684 686 684 650 360 660 686 686 660 686 650 682 480 682 686 686 686 686 686
686 686 686 800 686 686 682 640 686 680 686 686 682 480 580 686 686 686 682 682 686 686 640 686 686 686 686 686 686 686 686 670 670 686 686 686
686 686 684 680 682 684 380 686 620 686 950 160 450 687 670 686 686 686 510 510 684 970 682 684 686 360 620 686 685 470 686 686 686 686 686 686
686 686 390 686 682 682 960 680 684 750 686 684 310 686 686 686 630 686 770 686 680 680 770 130 686 630 380 686 360 686 686 688 720 650 640 660
686 650 686 620 684 950 682 360 686 686 686 650 686 686 686 630 682 686 684 490 770 686 682 686 640 686 686 686 686 686 684 686 686 686 684 684
970 686 686 682 640 684 630 620 686 640 686 684 750 686 686 686 650 686 686 686 580 490 686 686 686 720 686 686 430 686 686 686 686 686 686 686
686 684 450 570 686 640 686 686 540 686 686 686 686 686 686 686 686 660 685 670 350 660 686 686 960 640 686 686 686 686 686 686 686 686 686 686
770 980 470 686 650 686 640 686 800 686 684 686 684 510 686 686 686 686 686 686 686 680 686 686 686 686 686 686 686 686 682 686 510 670 686 686
684 685 682 684 682 686 686 684 686 686 686 686 686 686 686 686 460 686 630 670 350 686 682 686 630 682 440 688 686 686 686 686 686 686 510 682
686 684 684 684 220 684 670 682 684 684 684 686 686 685 687 540 686 686 686 630 682 640 684 686 670 686 540 670 684 682 682 686 686 640 610 686
630 610 530 686 684 682 682 684 950 686 686 686 686 950 686 682 686 370 686 686 686 686 686 686 686 686 686 640 150 632 260 686 686 688 684 686
686 686 686 540 682 684 684 684 686 686 686 550 686 684 686 640 686 686 686 686 686 610 686 686 686 680 685 686 686 686 686 686 685 682 640 686
686 684 686 684 685 686 686 682 686 684 686 684 130 686 686 686 686 686 420 686 686 686 686 686 686 610 686 686 682 686 686 686 686 650 686 686
686 950 686 688 686 800 684 150 760 680 686 150 660 686 686 686 686 470 950 686 686 686 770 686 686 686 686 686 686 686 686 686 686 350 686 688
686 686 640 686 660 685 686 686 686 686 686 685 686 686 640 950 686 686 686 687 685 686 660 682 686 670 670 686 686 640 686 686 686 682 686 686
682 686 680 550 686 686 684 684 686 684 950 510 686 686 630 686 682 640 770 682 930 686 686 686 686 684 680 686 686 686 686 380 660 686 686 686
686 630 686 630 686 686 686 670 660 686 140 686 686 686 686 686 110 686 682 687 670 686 330 682 686 682 684 682 210 686 684 684 686 670 686 684
686 680 684 686 686 630 640 630 682 682 686 684 760 660 140 686 686 684 686 686 686 682 685 510 684 684 686 960 684 686 684 686 686 930 630 686
686 686 682 684 685 686 686 686 570 686 686 630 687 686 686 686 684 684 640 686 682 650 770 686 684 686 686 686 688 686 630 684 686 686 686 686
686 780 686 684 686 684 686 350 470 670 686 688 686 686 686 686 682 686 686 684 686 660 686 570 970 686 450 684 770 686 686 686 686 686 686 686
686 686 684 682 686 682 682 684 686 684 684 684 686 682 670 480 682 684 684 686 680 670 800 370 685 686 630 685 550 686 686 686 686 686 686 670
630 684 686 688 580 350 686 686 686 686 686 686 686 686 684 682 682 686 684 670 686 686 686 686 686 686 686 960 684 686 684 686 686 684 686 686
686 682 684 686 686 682 686 682 686 684 684 686 686 686 684 682 686 684 682 684 687 686 686 686 686 430 686 686 686 630 682 684 684 686 610 970
686 684 540 686 630 380 686 370 686 686 686 684 686 680 682 960 630 670 686 680 540 950 686 686 686 686 686 686 686 686 686 470 686 686 686 684
686 640 686 684 684 140 684 686 684 630 686 686 150 960 686 910 686 686 480 540 650 580 490 687 685 760 686 686 686 686 686 686 686 682 686 686
684 684 540 630 686 686 670 686 686 684 684 686 686 686 684 370 630 686 684 684 684 686 684 684 682 684 682 684 390 950 682 684 610 350 540 686
686 686 640 950 686 682 470 686 686 686 684 686 660 720 682 686 686 686 686 930 686 686 686 686 686 686 686 686 686 686 686 686 580 686 684 460
686 686 684 684 686 630 685 550 420 686 686 686 670 686 686 686 682 685 460 686 686 686 686 686 686 686 687 380 620 682 670 670 640 750 686 684
686 686 686 920 686 682 680 682 685 686 686 470 686 686 686 450 670 686 686 150 470 910 510 620 686 686 630 682 684 684 686 680 684 684 686 684
686 686 686 686 686 687 686 684 130 660 686 686 686 360 687 800 540 685 686 686 650 686 684 686 120 686 686 686 460 686 686 686 686 550 686 686
685 684 686 686 686 682 686 570 686 684 686 930 684 686 686 684 686 686 686 686 686 960 686 684 460 686 686 686 686 686 686 686 686 686 686 686
686 686 686 682 684 686 686 684 682 684 686 684 686 686 760 686 682 670 686 686 680 686 686 686 686 686 800 686 686 686 730 686 686 686 686 686
686 684 910 680 682 510 610 682 682 684 630 686 150 686 686 684 640 686 686 686 686 686 580 140 686 640 686 682 686 670 686 682 620 950 686 630
686 640 686 682 680 682 686 686 686 686 684 950 686 660 770 686 684 684 684 686 684 630 686 686 684 760 684 640 686 760 686 682 686 686 684 130
686 686 680 688 680 686 980 687 686 670 640 687 686 686 686 686 686 686 686 686 686 682 686 686 686 660 686 680 960 686 686 684 682 670 550 686
686 684 686 686 640 686 684 686 682 684 686 684 686 684 682 680 684 686 684 682 686 686 686 686 960 930 686 686 570 686 686 686 686 686 684 686
687 684 682 684 350 684 684 686 630 682 640 686 684 686 686 686 682 686 680 630 686 620 686 470 940 686 684 686 686 684 686 686 686 682 686 686
686 686 686 686 680 686 686 686 686 686 686 686 686 686 686 620 680 550 686 686 686 686 686 686 450 687 670 660 686 686 686 686 930 686 686 620
686 686 686 760 686 686 686 420 682 550 580 940 686 940 686 686 686 686 686 686 682 686 686 686 370 686 686 686 686 686 686 686 686 686 682 686
686 684 684 686 480 684 686 630 250 686 686 686 686 686 650 686 686 686 686 686 684 686 686 686 650 650 684 684 686 686 686 686 686 770 686 686
684 930 910 682 680 630 684 686 686 684 684 686 684 610 686 640 684 684 686 686 682 680 684 686 686 686 686 960 684 686 686 684 640 630 670 686
686 682 686 470 390 686 686 684 650 610 640 150 140 686 686 686 640 686 960 686 640 686 686 660 720 686 686 686 686 686 686 686 686 686 686 686
686 680 682 686 686 682 686 230 686 684 686 686 480 660 510 686 686 686 686 685 686 684 686 686 684 670 686 686 120 686 682 960 550 682 680 684
686 686 686 660 540 686 686 686 686 686 640 686 686 686 660 682 580 685 686 686 686 686 686 686 686 686 686 650 686 686 686 686 686 682 686 686
686 686 682 682 686 684 686 630 686 630 686 686 570 630 360 686 686 686 686 686 686 682 930 686 686 684 680 686 686 686 686 684 682 560 686 684
960 684 684 686 682 686 682 660 686 610 686 686 640 686 684 682 686 684 686 682 686 630 620 684 686 686 684 640 684 686 620 684 630 686 684 684
686 686 686 686 686 682 686 684 686 686 682 150 390 686 686 660 360 682 686 684 682 310 686 686 686 686 686 686 686 420 686 686 686 620 686 686
686 686 686 950 686 150 580 686 660 510 686 686 950 686 150 686 686 686 686 686 686 682 685 390 682 686 480 670 640 630 682 686 684 686 686 686
260 950 686 680 686 620 684 682 670 650 650 686 686 930 682 630 370 686 686 670 130 950 920 610 686 682 686 686 686 686 930 685 670 686 686 686
686 686 686 684 684 685 590 686 686 460 630 684 686 682 684 682 686 930 684 684 640 686 682 686 460 630 686 686 686 684 686 684 630 686 686 670
686 684 680 682 684 670 686 682 630 682 686 686 630 680 682 682 682 510 910 680 686 686 686 640 682 660 686 686 682 684 686 682 150 360 686 686
930 686 670 570 686 686 686 686 686 686 684 682 686 686 686 686 688 686 686 686 686 684 686 686 150 685 686 686 686 670 660 686 686 686 686 460
684 684 686 960 630 370 686 684 686 686 686 686 686 686 670 682 660 686 684 686 684 682 686 684 630 682 686 670 480 960 686 684 684 686 686 686
686 682 684 686 686 686 930 686 640 150 686 570 686 686 660 686 686 684 686 686 686 910 686 686 686 686 686 686 686 686 686 686 686 686 540 550
686 686 640 680 684 682 150 686 686 686 686 686 686 686 686 686 687 686 686 686 686 686 686 686 630 682 650 682 686 686 686 682 350 682 550 360
630 684 684 686 686 630 660 686 686 682 680 930 686 650 684 640 686 540 686 684 684 670 686 686 686 686 686 670 686 686 686 686 686 686 686 150
686 686 684 686 686 686 570 686 684 686 686 630 686 684 686 682 610 682 686 686 686 686 686 686 686 686 670 970 686 686 686 684 686 686 660 460
686 686 540 686 640 686 686 686 530 686 686 686 686 680 686 686 686 686 686 686 686 380 686 686 686 686 686 686 686 470 686 640 686 686 684 686
630 684 620 686 686 360 682 684 686 686 684 684 686 630 682 682 540 540 960 684 680 686 680 686 686 360 550 220 686 680 686 686 682 360 682 680
686 320 684 686 686 686 685 540 630 686 684 686 686 686 687 682 686 686 686 686 686 686 686 980 720 686 686 686 684 686 580 682 686 686 760 686
684 686 686 686 686 686 686 470 670 686 640 686 760 686 686 640 686 450 686 686 630 686 150 510 360 660 686 650 630 686 686 686 686 686 686 660
686 688 686 686 684 686 630 686 686 686 686 686 686 550 686 680 686 640 686 686 760 670 686 686 686 580 686 686 686 684 686 686 610 686 685 970
686 686 684 682 684 650 686 686 930 685 684 684 686 680 686 686 950 686 660 686 686 686 686 650 950 686 686 686 686 686 686 686 686 686 686 686
686 686 686 650 686 686 686 686 686 682 686 686 686 686 686 630 682 686 686 660 670 686 680 686 686 650 630 686 684 687 160 650 686 686 686 686
450 680 684 684 686 670 686 680 686 620 530 686 684 682 686 580 686 686 640 686 430 930 686 686 686 686 630 686 610 686 686 688 686 682 686 686
686 686 686 686 680 510 684 686 686 686 682 682 686 686 684 684 630 686 684 686 686 686 686 686 686 686 686 682 686 686 684 686 686 686 670 686
686 686 686 687 684 682 540 686 686 684 630 684 684 684 650 686 686 630 684 570 686 686 686 686 686 680 684 682 686 684 682 686 684 682 686 686
686 684 684 682 682 684 686 660 686 350 686 684 420 686 684 684 686 684 686 684 640 630 760 686 686 640 682 684 686 686 960 686 686 686 686 686
686 686 686 686 680 480 510 684 686 684 682 660 920 910 686 686 210 686 686 686 686 686 680 684 686 680 686 682 630 682 686 650 510 970 686 620
570 686 684 650 630 682 686 680 680 684 630 687 682 800 686 686 684 684 686 686 686 684 686 682 620 684 686 640 150 682 640 686 686 630 686 684
686 360 630 380 130 910 682 640 684 686 680 670 686 686 530 686 684 684 686 680 686 686 460 686 686 390 686 686 660 640 686 684 686 686 930 686
682 684 684 686 390 370 720 686 684 630 684 686 686 684 682 682 390 680 684 684 684 630 686 360 610 684 688 684 680 640 686 686 620 688 686 686
686 686 686 684 686 670 150 660 686 686 682 150 686 686 660 660 684 160 670 350 686 686 686 686 686 686 686 682 640 660 686 460 686 450 686 686
686 686 686 686 686 686 686 686 684 687 686 210 610 970 686 686 686 686 930 610 686 686 686 686 686 686 686 686 686 660 686 686 686 684 686 686
682 686 680 684 682 682 685 620 682 680 360 450 660 685 650 580 684 960 686 686 670 686 686 686 686 686 686 686 686 510 670 686 686 682 684 686
686 684 684 620 682 630 686 686 630 684 630 686 684 686 682 686 530 686 930 660 686 686 686 686 686 686 688 686 686 686 686 686 684 650 684 686
686 740 630 540 682 684 684 680 260 684 686 684 630 660 682 686 120 686 686 686 686 686 682 686 686 460 686 686 686 686 688 686 686 630 686 640
686 688 686 930 686 686 470 686 130 686 686 630 682 550 470 686 688 686 686 686 686 684 685 686 686 686 686 686 686 686 685 660 686 210 920 620
686 410 686 686 686 610 686 686 686 686 490 686 686 650 686 686 686 686 686 684 686 686 670 670 686 686 686 686 450 550 670 630 380 380 640 686
686 686 686 640 660 640 686 570 684 682 630 684 682 686 686 684 686 686 686 686 686 686 686 686 686 680 686 686 686 686 960 686 686 480 650 686
686 684 684 680 686 686 684 630 686 686 686 610 684 686 684 684 686 686 430 686 684 684 686 686 686 682 684 686 686 360 480 540 970 686 670 682
686 650 684 686 670 250 960 686 550 686 682 684 686 620 630 686 686 684 684 686 950 660 686 686 686 686 686 950 686 686 686 686 686 210 682 640
