6461 6450 6461 6463 6463 6461 6461 6462 6461 6461 6461 6461 6461 6461 6461 6461 6461 6461
6461 6461 6464 5100 6461 6461 6463 6461 6464 6461 6100 6461 6465 6463 6461 6461 6461 6463
6461 6450 6461 6463 6463 6464 6461 6463 6461 6461 6461 6463 6461 6461 6461 6461 6461 6461
6461 6461 6463 6465 6461 6463 6420 6463 6461 6463 6461 6461 6461 6463 6461 6461 6463 6461
6461 6461 6461 6540 6461 6461 6461 6461 6465 6461 6461 6461 6461 6461 6462 6464 6461 6461
6461 6461 6461 6330 6461 6461 6461 6461 6461 6461 6461 6461 6461 6461 6461 6461 3400 6461
6461 6464 6420 6461 6464 6464 6320 6409 6461 6463 6430 2400 6350 6461 6461 6461 6462 6461
6461 6350 6461 6461 6463 6463 6461 6440 6461 6461 6461 3400 6461 6461 6100 6464 6463 6461
6461 6409 6409 6409 6461 3620 6465 3500 6461 6461 6461 6463 6420 6461 6461 6461 6461 6461
6461 6461 6463 6463 6450 6461 6461 6461 6463 3100 6220 3620 6100 3620 4200 6461 6461 6461
6461 6450 6100 6330 6210 6463 6464 6461 4200 6310 6465 6461 6465 6461 6461 6461 6463 6461
6461 6461 5400 6220 6100 6463 6463 6461 6461 6463 6461 6464 6461 6463 6461 6463 6463 6461
6461 6461 6461 6430 6420 6461 6461 6450 6600 6461 6463 6461 6463 6461 6461 6450 6420 6463
6461 6461 6461 6461 6461 6461 6559 6461 6461 6461 6461 5400 6461 6450 6461 6463 6463 6461
6461 6461 6464 6230 6420 6464 6465 6461 6461 6430 6461 6463 6461 6463 6465 6461 6461 6420
6461 6461 6461 6465 6461 6461 6461 6461 6461 6461 3400 6461 6461 3640 6461 6463 6461 6461
6461 6461 6210 6559 6463 1100 6461 6461 6461 5400 6450 6465 3620 6463 6461 6461 6461 6420
6461 6461 6465 6420 6463 6461 6461 6461 6350 6461 6464 6461 6461 6450 6461 6461 6463 6465
6461 6461 6461 6461 6461 6463 6461 6461 6461 6461 6461 6461 6461 6461 6450 6461 6464 6461
6461 6464 6463 6461 6464 6461 6450 6461 6461 6430 6240 6420 6461 6463 5200 6464 6464 6600
6461 6461 6465 6463 6461 6461 6463 6461 6461 6465 6461 6461 6465 6461 6461 6461 6461 6461
6461 6461 6464 6230 6420 6464 6465 6464 6461 6463 3100 6461 6100 6461 6463 6450 6463 6464
6461 6465 6464 6461 6463 3300 6450 6463 6450 6409 6450 3300 6461 6220 6461 6463 3630 6463
6461 6240 3640 6463 6461 6461 6450 6461 6463 6461 6461 4500 6461 6440 6461 6461 6464 6463
6461 6240 6465 6420 6461 6450 6461 6461 6464 6461 6461 6463 6461 6463 3100 6461 1300 6461
6461 6461 6220 6430 6461 6461 6461 6420 6461 6461 6210 6240 6461 6461 6461 6461 6600 6464
6461 6463 6464 6463 6461 6461 6461 6461 6461 6463 6461 6450 3300 6461 6463 6461 6461 1400
6461 6461 6461 6465 6463 6440 6461 6465 5400 6461 6461 6461 6461 6461 3400 6461 6461 6461
6461 6464 6464 5100 6464 6464 6461 6465 3640 3640 6461 6464 6420 6461 6461 6430 6464 6463
6461 6463 6461 3500 3400 6540 6463 6461 6461 6461 6461 6461 6600 6461 6463 6461 4400 6461
6461 6461 6465 6440 6461 6450 6440 6461 6463 6461 6461 6461 6461 6461 3400 6464 6463 6450
6461 6463 6461 6463 6461 6461 6461 6350 6461 6220 3620 6463 6420 6463 6465 6420 3100 6464
6461 6461 6461 5100 6461 6461 6461 6461 6464 6465 6461 6461 6465 6100 6461 6463 6430 6240
6461 6461 6440 6440 6461 6461 6461 6220 6240 3620 6465 6463 6420 6464 6464 6461 6465 3300
6461 6420 6520 6461 6420 6461 6465 6461 6461 6559 6461 6461 2400 6350 6465 6461 6559 6461
6461 6461 6461 6461 6461 6461 6461 6462 6464 6461 6450 6461 6461 6461 6461 6462 6430 6461
6461 6461 6409 5200 6464 6464 6464 6540 6463 6461 6463 6450 6310 6464 3100 6260 5200 6450
6461 6464 5400 6420 6420 6461 6100 6330 6463 6461 6540 6464 6450 6461 6464 6465 3660 6464
6461 6461 6350 6230 6461 6430 6461 6461 6461 6461 6450 6465 6461 6440 6310 6465 6310 6464
6461 6461 6463 6600 6461 6540 4200 6320 6360 6461 6430 6463 6450 6559 6450 3300 6461 6461
6461 6450 6463 1100 6461 6465 6461 6461 6461 6461 6461 6461 6450 3620 6461 3500 6461 6461
6461 6420 6464 6464 6464 6461 6461 6461 6420 6464 6463 1300 6461 6464 6464 6240 6440 6461
6461 6461 6220 6461 6465 6461 6420 6420 6461 6461 6465 6463 6464 6461 6463 6461 6463 6461
6461 6461 6463 3630 6463 6461 6461 6461 6430 6461 6450 6440 6461 6465 6440 6463 6600 6461
6461 6450 6100 6463 6450 6463 6461 6461 6463 6430 6240 6465 6461 6463 6461 6450 6461 6461
6461 6461 3300 3200 6461 6461 6461 6461 6461 6461 6220 6461 6461 6461 4500 6464 6463 6250
6461 6463 6600 6540 6463 6463 6461 6461 6463 6461 6461 6350 6461 6463 6465 6461 6461 6461
6461 6463 6420 6461 6465 6465 3640 6450 6461 6461 6464 6464 6463 6464 6461 6465 6463 6461
6461 6461 6461 6600 6461 3620 6461 6463 6461 6463 6464 6420 6465 6461 6465 6463 6464 6461
6461 6461 6464 6550 6450 6461 6465 6559 6463 6220 6509 6220 6461 6461 4400 6465 6463 6420
6461 6461 6440 6530 6461 6461 6465 3620 6465 6463 6461 6464 6461 6450 6100 3620 6461 3300
6461 6461 6420 6600 6464 6463 4400 4500 6461 6465 5100 6461 6100 3400 6465 6463 6420 6463
6461 6450 6461 6461 6409 3640 6461 6440 6464 6461 6461 6461 6461 6461 3400 6461 6461 5400
6461 6450 6461 6461 6463 6461 6461 6461 6600 6420 6430 6461 1400 6509 3300 6210 6450 6450
6461 6461 6463 6420 6461 6465 6409 6461 6463 6463 6461 6210 3610 3640 6450 6440 6461 6461
6461 6461 6350 6230 6461 6461 6461 6463 6450 6450 6440 6461 6450 6463 6430 2400 6461 6461
6461 6461 6461 6461 6463 6450 6461 6461 6461 6461 6600 6461 6461 6461 6461 6461 6463 6461
6461 6450 6463 6420 6461 6461 6463 6461 6461 6310 4500 6463 6461 6464 6464 6463 6530 6461
6461 6461 6409 5300 6462 6461 6464 6463 6461 6465 6463 6465 6461 6461 6465 6463 6461 6461
6461 6461 5400 5100 6461 6461 6461 6461 6440 6461 4500 6461 6463 6461 6461 6461 6461 6464
6461 6450 6463 6420 6409 6450 4500 6463 6461 6461 6461 6464 6461 6463 3300 6461 6461 6520
6461 6461 6463 6540 6463 6461 6461 6559 6464 6461 6461 6463 6463 6461 6461 6461 6465 6463
6461 6409 6409 1200 6461 6465 5100 6463 6420 3620 6465 6465 6420 6420 6220 4400 6440 6461
6461 6409 6409 6100 6463 3620 6461 4500 6450 6461 6461 6461 6461 6450 6461 6465 6461 6463
6461 6461 6461 6330 6461 6461 6461 6600 6509 6409 6461 6461 5100 6461 6461 6464 6464 6463
6461 6420 6461 6420 6463 6420 6461 6465 6461 6465 3300 6463 6463 6461 6463 6420 6463 6430
6461 6461 6461 6550 6461 6461 6461 6430 6430 6464 6461 6463 6461 6461 6461 6461 6600 6509
6461 6461 6350 6465 6440 6461 6461 6461 6463 6463 6465 6464 6461 6100 6461 3640 6464 6464
6461 6461 6463 6461 6465 6465 6461 6440 6461 6461 6450 6461 6461 6540 6461 6461 6461 6461
6461 6461 5400 6461 6461 6461 6461 6461 6461 6461 6461 6461 6450 6461 4400 5100 6461 6461
6530 6420 6461 6461 6450 6450 6461 6465 6463 6464 6463 6461 6440 6210 6461 6461 6461 6461
6461 6461 6409 5200 6464 6464 6464 6465 6464 6461 6464 6464 6463 6464 6461 6463 6461 6461
6461 6450 6463 1100 6420 6461 6465 6461 6461 6540 6461 6461 6465 6465 6450 6465 6461 6461
6461 6450 6100 3640 6461 6461 6450 6463 6461 6100 6461 6465 6463 6461 6463 6461 6440 6461
6461 6463 3620 4200 6320 6461 6430 2400 6461 6450 6450 3300 6461 6464 6350 6465 6465 6464
6461 6465 6550 6461 6461 6464 6464 6463 6461 6463 6461 6461 6461 6461 6461 6463 6461 6463
6461 6240 6420 6220 6420 6100 3400 6450 6463 6430 6465 6461 6461 3300 6440 6461 6450 6463
6461 6461 6463 6463 6461 6461 6465 6420 6461 6461 6461 6461 6559 6461 6220 6461 6461 4300
6461 6461 6440 6600 6461 6461 6540 6464 6465 6461 6461 6461 6461 6461 6461 6463 6461 6461
6461 6461 6461 6600 6240 6463 6461 6461 6461 6320 6461 6461 6409 6461 6210 6461 6461 6463
6461 6461 6461 6600 6461 6463 6463 6461 6463 6440 6461 6461 6461 6409 6461 6461 3300 6450
6461 6461 6461 5100 6461 6461 6461 6461 6461 6461 6450 6461 6461 6461 6461 6461 6461 6450
6461 6420 6520 6461 6461 6559 6461 6461 6463 6461 6600 6461 6461 6461 6465 6461 6461 6461
6461 6461 6465 6409 6461 6463 6464 6461 6461 6461 6450 6463 6464 6461 6240 3620 6463 6240
6461 6461 6409 5200 6464 6464 6461 6461 6461 6350 6461 2400 6350 6461 6464 6464 6463 4400
6461 6461 6440 4600 6461 6461 6461 4500 6461 6461 6461 6461 6530 6420 6461 6461 6461 6461
6461 6420 6464 6464 6461 6210 6310 6465 6464 6465 6463 6461 6461 6461 6463 6420 6463 6464
6461 6461 6463 6461 6461 6220 6461 2400 3500 6420 6464 6461 6462 6461 6220 6461 6220 6461
6461 6461 6461 6461 6461 6461 6464 6464 6461 6461 6461 6461 6462 6461 6461 6461 6461 6461
6461 6461 6465 5400 6461 6461 6463 6461 6461 6461 6461 6462 6464 6461 6461 6461 6461 4400
6461 6463 6420 6450 6464 6461 6463 6461 6461 6461 6461 6461 6463 6461 6461 6540 6461 6464
6461 6461 6463 6450 6461 6461 6461 6461 6600 6461 6461 6220 6461 6461 6509 6450 6461 6461
6461 6461 6461 6430 6420 6461 6463 6461 6461 6461 6461 6461 6465 6461 5100 6461 6461 6530
6461 6461 6440 6559 6463 6461 6461 6461 6461 6461 6450 6461 6461 6461 6461 6461 6463 6461
6461 6461 6463 6509 4200 6465 6461 6461 3400 6461 6461 6463 6461 6461 6461 6461 6461 6465
6461 6461 6440 6559 6461 6461 6461 6461 6461 6461 6461 6461 6450 6461 6461 6220 6465 6461
6461 6420 6350 6230 6310 6461 6461 6420 6461 6461 6100 6461 6463 6463 6461 6463 6461 4500
6461 6461 6461 5200 6461 6461 6461 6461 6461 6461 6461 6440 6461 6461 6461 4100 6461 6461
6461 6420 6465 3640 6461 6461 6220 6461 6463 6450 6409 6210 6450 4500 6220 6463 6461 6461
6461 6461 6463 4200 6461 6462 6461 6450 6461 6463 6461 6461 6461 3400 6461 6461 6463 6461
6461 6464 6100 6464 6461 4200 6464 6600 6461 6540 6464 6461 6461 6464 6464 6464 6600 6464
6461 6461 6464 6320 6461 6461 6461 6464 6464 6600 1100 6559 6461 6464 5100 6461 6463 6420
6461 6465 5100 6463 6461 6463 6461 6461 6461 6464 6461 6463 6461 6100 6509 6465 3640 6463
6461 6461 6461 4200 6461 6463 6461 6461 6420 6461 6461 6461 6461 6461 6461 6310 6462 6461
6461 6465 5400 6461 4400 6450 6463 6420 6100 6450 6100 6461 6463 6220 3620 6465 3500 6461
6461 6461 6350 6450 6461 6461 6461 6461 6461 6461 6465 6465 6461 6461 6461 6430 6461 6461
6461 6461 6461 5200 6461 6461 6559 6461 6461 6461 6463 6461 6100 6461 6465 6463 6463 6420
6461 6461 6461 2300 6461 6461 6450 6461 6461 6461 6461 6461 6461 6461 6461 6461 6465 6461
6461 6461 6409 5200 6464 6464 6464 6461 6464 6559 4200 6461 6464 6461 6461 6461 6461 6440
6461 6461 6464 6600 6464 6464 6464 6463 6250 6463 6461 6463 6461 6463 6461 6463 6461 6463
6461 6450 6461 6463 6220 3620 6463 6430 6420 6509 6409 6463 6461 6461 6461 6420 6420 6420
6461 6461 4500 6464 6464 6461 6450 4500 6463 6465 6461 6461 3500 3400 6540 6461 6461 6461
6461 6461 6463 6461 6464 6461 6461 6461 6461 6461 6461 6461 6461 6461 6461 6461 6461 6461
6461 6461 6461 6559 6463 6461 6461 6461 6461 6461 6461 6461 6461 6461 6461 6461 6465 6461
6461 6463 6463 6464 6461 4200 6461 6100 6461 6461 6509 4200 6461 1400 6463 3500 6600 6461
6461 6463 5100 6461 6464 6461 6463 6220 6461 6461 4500 6409 6461 3620 6465 6461 6465 6463
6461 6461 6461 6320 6461 6461 6461 6461 6463 6240 6461 6461 6461 6461 6600 3100 6461 6463
6461 6461 6220 4400 6461 6464 6461 6463 6465 6461 6461 1400 6461 6465 6440 6310 6465 6440
6461 6461 6461 6465 6463 6420 6463 6461 6461 6461 6461 6461 6461 6461 6461 6540 6461 6464
6461 6461 6461 5200 6461 6463 6461 6461 6440 6461 6461 6464 6461 6430 6461 6461 6461 6463
6461 6461 6461 4200 6461 6465 6461 6461 6100 6461 6463 6463 6450 6463 6409 6450 6463 6461
6461 6461 6220 6430 6461 6461 6461 6461 6559 6461 6461 6430 6240 6420 6461 6465 6463 3300
6461 6461 6450 6440 6461 6461 6461 6461 6461 6465 6461 4500 6461 6461 6461 6440 6450 6100
6461 6461 6461 6330 6461 6461 6461 6461 6461 6461 6461 6461 6461 6461 6461 6465 6464 6464
6461 6461 6461 4300 6461 6461 6461 6440 6461 6461 6461 6461 6463 6461 6461 6600 6461 6465
6461 6461 6463 6210 6461 6461 6559 6461 6530 6420 6220 1100 6430 6420 6420 6463 6464 6461
6461 6461 6220 6461 6465 6461 6463 6463 6409 6461 6465 6440 6461 6463 6420 6463 6461 3640
6461 6461 6461 6320 6461 6461 6461 6461 6461 6461 6461 6461 6220 6440 6461 6461 6520 6461
6461 6461 6461 6540 6461 6461 6461 6461 6461 6461 6461 6461 6461 6461 6461 6220 6420 3620
6461 6461 6461 6465 6461 6461 6100 6464 6463 6461 6100 3640 6461 6463 6463 6464 6461 6463
6461 6464 6461 6464 6464 6464 6463 6461 6463 6461 6463 3100 6461 6463 6465 6461 6465 6463
6461 6450 6409 6461 6463 6463 6100 6461 6465 6210 6450 6450 6461 6461 4500 6461 6465 6559
6461 6461 6461 6540 6461 6461 6461 6461 6461 6461 6450 6461 6461 6461 6461 6461 6450 6461
6461 6461 6220 6430 6461 6461 6420 6464 6465 6463 6461 6509 6461 6465 6463 6464 6461 6461
6461 6461 6465 6409 6461 6461 3300 6464 6461 6463 6461 6463 3100 6461 1300 3300 6409 6463
6461 6461 6463 3630 6463 6465 6461 6461 3300 6461 6461 6463 6461 6463 6461 6463 6463 6420
6461 6461 6463 6420 6465 6461 6461 6430 6464 6461 6463 6461 6465 3620 6465 6463 6420 6461
6461 6461 6409 5200 6464 6464 6464 6461 6461 4400 6465 6463 4400 4500 6463 6420 6463 6409
6461 6461 6463 6465 6461 6461 6461 6450 6463 6461 6461 6461 6463 6461 6463 6461 6461 6509
6461 6461 6350 5400 6461 6461 6461 6450 6430 6461 6461 6461 6461 6461 6461 6461 6461 6461
6461 6465 6464 6461 6461 6320 6420 6210 6450 6461 6450 6461 6461 6210 6461 6461 3400 6461
6461 6465 6100 6464 6260 5200 6464 6464 4400 6465 6210 3620 6463 6461 6461 6461 6461 6461
6461 6461 6461 6559 6463 6463 6461 6461 6461 6461 6420 6461 6461 6461 6461 6464 6420 6465
6461 6450 6463 6420 6461 6100 6409 6461 6463 6461 6461 6461 6461 6461 6463 6461 6463 6461
6461 6461 6463 3630 6463 6465 6461 6440 6461 6461 6461 6465 6463 6463 6461 6461 6420 6465
6461 6464 6463 6440 6461 6463 6420 6461 6465 3620 6461 3300 6461 6461 6461 6461 6461 6420
6461 6461 6461 6520 6461 6461 6461 6461 6461 6461 6310 4500 6220 6461 6461 6461 6420 6450
6461 6461 6461 6461 6461 6463 6461 6461 6463 6463 6461 6461 6465 6465 6461 6461 6461 6461
6461 6461 6461 6509 6461 6461 6461 6461 6420 6430 6461 6461 6461 6461 6461 6461 6220 6430
6461 6461 6461 6420 6461 6461 6461 6600 6461 6461 6559 6461 6463 6463 6461 6461 6461 6462
6461 6461 6461 6330 6461 6461 6320 6461 6461 6461 6461 6461 6461 6461 6464 6464 6463 6461
6461 6420 6464 6600 6464 6540 6465 6463 6464 6461 6461 6420 6461 6461 6450 6461 6464 6463
6461 6463 6464 6100 6409 6461 6463 3620 6461 6463 6420 6420 3100 6461 6240 6559 6463 6420
6461 6461 6461 6461 6461 6461 6461 4500 6461 6461 6461 6463 6465 6463 6461 6461 6461 6461
6461 6461 6461 6540 6461 6461 6463 6464 6461 6461 6461 6465 6461 5100 6461 6461 6463 6461
6461 6461 6461 6461 6461 6461 6461 6461 6462 6464 6461 6461 3100 3620 6465 6420 6464 6461
6461 6420 6464 6600 6464 3100 6420 6240 4200 6461 6465 6461 6100 6260 6461 6461 6461 6230
6461 6450 6463 1100 6461 6461 6461 6461 6461 6461 6461 6465 6464 6600 6461 6463 6350 6465
6461 6464 6463 6461 6463 6461 6463 6461 6461 6463 6461 6463 3300 6461 6461 6540 6461 6461
6461 6461 6461 6450 6461 6461 6100 6464 6463 6461 6461 6600 6461 6463 6461 6461 6430 6461
6461 6461 6461 5200 6461 6461 6461 6461 6461 6461 6463 5500 6461 6461 6461 6461 6462 6461
6461 6461 6461 6310 6463 6461 6461 6420 6463 6420 6465 6461 6465 6463 6464 6461 6461 6461
6461 6461 6461 6320 6461 6430 6420 6461 6461 6461 6461 6461 6461 6310 6461 6461 6461 6450
6461 6461 5400 6461 6461 4400 6465 5400 6450 6463 6461 6461 6461 6461 6461 5400 6461 6461
6461 6461 6220 6350 6461 6461 6461 6461 6461 6461 6461 6465 6461 6465 3640 6461 6461 6461
6461 6461 6461 6465 6100 6210 6450 6463 6461 6461 6465 3500 6100 6464 6461 6350 6461 6461
6461 6461 6350 5100 6461 6461 6461 6461 6461 6461 6461 6461 6461 6463 6461 6461 6463 6461
6461 6461 6350 6230 6461 6461 6461 6463 6461 6461 6440 6461 6463 6461 6461 6461 6461 6461
6461 6461 6440 6559 6461 6461 6461 6461 3400 6461 6465 4200 6461 6100 6461 6461 6430 6461
6465 6461 6463 3100 6461 6461 6461 6450 6450 6450 3300 6461 6440 6461 6463 6220 6461 6461
6461 6461 6350 6230 6461 6461 6461 6409 6461 6461 6462 6461 6461 6465 6461 6461 6461 6461
6461 6461 6440 6450 6461 6461 6461 6461 6461 6310 6461 6461 3400 6461 6461 6463 6461 6461
6461 6461 6461 6461 6461 6461 6461 6461 6461 6461 6461 6600 3100 4100 6409 6420 6461 6100
6461 6461 6350 6230 6100 6461 4500 6463 6450 6450 6463 6464 6463 6461 6463 6461 6463 6461
6461 6240 6465 6420 6463 6420 6463 6461 6210 6450 6461 6461 6461 6461 6461 6461 6465 6465
6461 6461 6463 6461 6540 6461 6461 6463 6461 6461 6464 6461 6461 6461 6559 6461 6465 6450
6461 6461 6464 5100 6461 6464 6461 6461 6461 6465 6465 6464 6461 6463 6461 6465 3620 6463
6461 6461 6450 3650 6450 6461 6461 6461 6461 6461 6600 6420 6420 6461 6463 6461 6461 6461
6461 6461 6461 3650 6461 6461 6461 6461 6461 6461 6461 6450 6559 6461 6461 6461 6461 6461
6461 6461 6461 6559 6463 6461 6461 6461 6461 6461 6461 6210 6461 6461 6461 6465 6310 6465
6461 6461 6464 6550 6465 6461 6463 6463 6463 6461 6540 6450 6461 3100 6220 6450 3620 3620
6461 6461 6461 6540 6461 6463 6461 6461 6461 6461 6461 6463 6461 6461 6462 6461 6461 6440
6461 6461 6210 5300 1300 6450 6240 4100 6409 6420 6600 6461 1300 6450 3610 6464 6463 6461
6461 6461 6461 5200 6461 6461 6461 6461 6463 4400 6465 3500 6461 6461 6461 4400 6465 6461
6461 6461 4200 6461 6461 6420 6461 6461 4400 6465 6465 6464 6461 6220 6461 6461 6100 3400
6461 6461 6463 6463 6464 6461 6210 6461 6461 6461 6461 6461 6461 6461 6559 6461 6461 6461
6461 6461 6440 6461 6100 6464 6463 6240 3620 2400 3300 6409 6461 6463 6463 6461 6463 6465
6461 6461 6461 6540 6461 6461 6461 6465 6463 6450 6461 6461 6461 6559 6463 6430 6463 3100
6461 6409 6409 1200 6461 6461 6440 6463 6461 6461 6100 6461 6463 6520 6461 6464 6463 6461
6461 6461 6461 5200 6450 6461 6461 6464 6461 6461 6461 6465 6461 6461 6461 6464 6461 6461
6461 6450 6461 6463 6220 3620 6463 6430 6430 6462 6461 6100 6465 6464 6461 5100 6464 6464
6461 6464 6464 6464 6464 6464 6463 6461 6461 6461 6461 6461 6461 6464 6461 6465 6464 6461
6461 6463 6461 6461 6463 6461 6461 6461 6530 6461 6461 6461 6430 6461 6461 6461 6461 6461
6461 6461 6464 6230 6420 6464 6461 6100 6461 4400 4500 6464 6461 6461 3300 6461 6461 6461
6461 6463 6463 4400 6465 3640 6461 6461 6461 6461 6461 6461 6463 6463 6461 6463 6461 6461
6461 6464 6463 6461 6461 6420 6463 6465 6461 6461 6464 6461 6461 4500 6461 6463 6465 6461
6461 6464 6420 6461 6420 6461 4500 6220 3620 4500 6463 6465 6461 6461 6464 6461 6464 3640
6461 6240 6461 6420 6461 6461 6461 6461 6461 6461 6463 6420 6461 6461 6465 3500 6461 6463
6461 6461 6461 6461 6461 2400 6461 6464 6559 6461 6461 6461 6461 6461 6461 6461 6461 6461
6461 6461 6461 6230 6420 6463 6465 6461 6409 6540 6440 6310 6461 6463 6420 6463 6461 6450
6461 6461 6210 5300 1300 6450 6420 6464 6463 6463 6540 6461 5100 6464 6463 6465 6461 6465
6461 6463 6461 6461 6461 6463 6463 6461 6461 6461 6461 6464 6464 6463 6461 6461 6462 6461
6461 6461 6461 5100 6461 6461 6320 6461 6461 6461 6461 6461 6461 6461 6461 6461 6465 6465
6461 6463 6320 2100 6220 6465 3300 6461 6461 6463 6530 6461 6100 6461 6461 6100 6409 6461
6461 6461 6461 6559 6463 6461 6461 6461 6461 6463 6461 6463 6240 6461 6461 6461 6464 6463
6461 6461 6420 6461 6420 6461 6461 6461 6463 6461 6461 6465 6463 6420 6463 6461 6461 6463
6461 6461 6461 6540 6465 6461 6465 6463 6461 6461 6461 6461 6420 6461 6461 6461 6220 6450
6461 6461 6461 6600 6461 6100 6461 4500 6464 6461 6463 6463 6461 6463 6420 6600 6461 6420
6461 6463 5400 6461 6461 6461 6461 6450 6465 6461 6461 6461 6461 6461 6461 6330 6464 6461
6461 6450 6462 6461 6461 6461 3200 6461 6461 6461 6461 6461 6461 6461 4400 6461 6430 6240
6461 6461 6440 4600 6461 6461 6461 6420 6461 6461 6461 1400 6465 6461 6464 6430 6464 6463
6461 6465 6100 6210 6310 6461 6461 6461 6430 6463 6461 4400 6465 6450 6461 6461 6461 6461
6461 6461 6463 6461 6461 6461 6461 6461 6461 6464 6463 6461 6461 5100 6461 6463 6461 6461
6461 6461 6464 6430 6461 6461 6465 6450 6465 6450 6463 6461 6450 6420 6420 6461 6461 3300
6461 6464 5400 6461 6461 6463 6461 6463 6461 6463 6461 6320 6461 6461 6461 1400 6461 6465
6461 6465 6420 6420 6464 6461 6461 6461 6600 6509 6440 6310 6463 6420 6450 6465 6520 6461
6461 6461 4200 6330 6461 6461 6461 6440 6464 6461 6461 6559 6461 6461 6461 6463 6461 6450
6461 6461 6463 6461 6461 6461 6461 6461 6461 6461 6430 6461 6465 6450 6461 6461 6461 6461
6450 6461 6461 6559 6461 6461 6461 6463 3100 6461 6461 6461 6461 6461 6463 6461 6461 6465
6461 6461 6463 6465 6461 6461 6461 3640 6450 4400 6465 6464 6463 6461 6461 6461 6461 6461
6461 6465 6463 6461 6461 6465 6463 6420 6420 6461 6250 6350 6461 6461 6465 6464 6464 6464
6461 6461 6461 6461 6461 6461 6461 6461 6461 4400 6440 6461 6461 6461 6461 6440 6461 6461
6461 6464 6463 6461 6450 6461 6463 6461 6461 6461 6420 6464 6461 6350 6461 6461 6461 6461
6461 6461 6463 6600 6461 6100 6464 6461 6463 6463 6463 6509 4200 6465 6461 6461 6461 6461
6461 6463 6461 6420 6520 6461 6461 6463 6461 6461 3500 6320 6461 6461 6461 6461 6461 6461
6461 6461 6461 6310 6463 6461 6461 6461 6461 6420 6461 6461 6461 6461 6461 6450 6463 6420
6461 6464 6464 6550 6450 6463 6461 6465 6463 6461 6450 6461 6461 3300 6461 6465 6463 6461
6461 6464 6461 5100 6464 6464 6463 6461 4500 6461 6463 6461 6310 3500 6310 6465 6463 5600
6461 6461 6220 6461 6463 6420 6463 6450 6463 6430 6450 6461 6440 6461 6465 6463 6420 3620
6461 6464 6340 5100 5100 6461 6463 6420 6463 6450 6461 6461 6463 6461 6420 6464 6461 6461
6461 6461 6461 4200 6461 6461 6463 6461 6465 6465 6461 6461 6463 6461 6461 6461 6461 6461
6461 6461 6461 4300 6461 6461 6461 5500 6461 6461 6461 6461 6463 6461 6461 6461 6463 6461
6461 6463 6420 6461 6465 6463 6461 6461 6461 6461 6461 6461 6461 6450 6461 6465 6464 6463
6461 6461 6461 3100 6461 6461 6461 6461 6461 6463 3100 6461 6461 6461 6463 6350 6461 6464
6461 6450 6461 6230 3300 6461 6463 6463 6461 6465 6465 6440 6461 6463 6465 6465 6461 6461
6461 6461 6320 6462 6461 6461 6461 5100 6461 6461 6461 6461 6461 6461 6461 6559 6461 6461
6461 6461 2400 3610 6464 6461 6600 6450 4500 6463 6463 6461 6463 6450 6420 6461 6461 6461
6461 6461 6461 5200 6461 6461 6330 6461 6461 6461 6461 6461 6463 6240 6461 6461 6461 6461
6461 6461 6464 6230 6420 3650 3610 6461 6465 6520 6461 6450 3300 6450 6450 6461 6461 6461
6461 6461 6461 6509 6461 6440 6461 6461 6461 6461 6420 6461 6461 6461 6461 6461 6461 6461
6461 6461 6461 6559 6461 6461 6461 6463 6461 6461 6465 6461 6461 6100 6464 6463 6461 6463
6461 4200 6464 6464 6461 6461 6461 6465 6461 4500 6464 6461 6463 3100 6465 6461 6340 6463
6461 6461 6461 6461 6463 6461 6461 6461 6559 6461 6461 6461 6461 6461 4400 6465 6461 6463
6461 6461 6463 3630 6463 6465 6450 6461 6463 6450 6461 6464 6320 6360 6461 6464 6464 4400
6461 6465 6461 6463 6461 6559 6461 6409 6461 4500 6461 3100 6461 4100 6463 6461 6461 6461
6461 6461 6220 6600 6461 1300 6420 6420 6420 6463 6430 6430 6350 6461 6461 6464 6464 6463
6461 6450 6462 6461 6461 6461 6559 6463 6465 6461 6461 6461 6461 6461 6463 3100 6465 6360
3400 6461 6461 6461 6461 6450 6440 6461 6464 6464 6600 6463 1300 6520 6461 6464 6464 6464
6461 6461 6463 6540 6463 6461 6461 6461 6461 6461 6461 6464 6420 6440 6461 6461 6461 6461
6461 6420 6260 4600 6450 6461 6461 6420 6461 4500 6240 6450 6461 6461 6461 6461 6461 6461
6461 6461 6463 6461 6461 6461 6463 1400 6461 4200 6100 3620 6465 6463 6464 6463 6461 6463
6461 6461 6464 6430 6461 6450 6461 6409 6461 6450 4400 6464 6464 6463 6461 6461 6461 6463
6461 6461 6463 6465 3660 6461 6461 6461 6461 6420 6461 6461 6461 6420 6559 6461 6461 6461
6461 6461 6465 3650 6409 6461 6440 6461 6463 6465 5400 6461 6100 6450 6463 6461 6461 6461
6461 6450 6350 6461 6461 6461 6461 6461 6465 6409 6420 6461 6465 6461 6461 6461 6461 6420
6461 6461 6463 3630 6463 6465 6461 6461 6461 6210 6461 6463 6461 6463 6509 6465 3620 3300
6461 6461 2400 3500 6463 6530 6461 5100 6461 6420 6420 6461 6465 6464 6463 6465 6461 6463
6461 6461 6220 6461 6461 6420 6310 6463 6461 6600 3100 6461 6310 6461 3620 6350 6461 6461
6461 6463 6320 2100 6220 3620 3620 6461 6463 6450 6463 6461 6461 6461 6461 6461 6461 6450
6461 6461 6465 6409 6461 6463 6220 6240 3620 6100 6464 6463 6461 6461 6450 6450 6463 6430
6461 6450 6461 6463 6463 6461 6461 6465 6461 6461 6461 6463 6461 6450 6461 6461 6461 6461
6461 6450 6461 5100 6461 6461 6461 6463 6463 6461 6461 6461 6461 6461 6220 6461 6420 6520
6461 6463 6464 6464 6464 6463 6450 6461 6463 6461 6461 5100 6461 6461 6420 6461 6461 6465
6461 6461 6465 6463 6461 6463 3300 6461 6461 6600 6420 6461 6250 6461 6461 6420 6463 6461
6461 6461 6461 3200 6461 6461 6461 6461 6465 6440 6461 6450 6461 6461 6461 6461 6465 6465
6461 6461 6464 6464 6464 6220 6450 6440 6461 6461 6464 6464 6463 6461 6463 6420 6463 6461
6461 6463 6464 6463 6461 6461 6462 6461 6461 6461 6461 6461 6461 6464 6420 6461 6461 6461
6461 6461 6461 2300 6461 4400 6461 6465 6463 6461 6461 6461 6465 6465 6461 6461 6461 6461
6461 6461 6465 6420 6464 6461 6100 6409 6461 3500 6463 6461 6461 6430 6461 6463 6240 6463
6461 6465 6464 6461 6461 6463 6461 6220 6450 6310 6409 6409 6420 6463 6461 6461 6461 6420
6461 6461 6461 6559 6463 6220 3620 6463 6320 6250 6463 6461 6463 6461 6463 6450 3620 6463
6461 6461 6461 6260 6450 6461 6461 6461 6420 6465 6461 6461 6461 6461 6461 6462 6461 6461
6461 6461 5400 6461 6464 6420 6461 6461 6461 6461 6600 6509 6440 6461 6461 4400 6465 6461
6461 6461 6461 6600 6464 6463 6461 6450 3300 6409 6463 6461 6463 6464 6461 6463 6461 6463
6461 6461 6463 6461 6461 6461 6463 6461 6461 6462 6461 6461 6465 3500 6461 6461 6420 6461
6461 6461 6461 6465 6461 6461 4300 6461 6461 6461 6461 6461 6461 6461 6461 6461 6461 3200
6461 6461 6461 6600 6461 6463 6420 6463 6465 3640 6461 6100 6464 6461 6540 6464 6461 6465
6461 6450 6350 6230 3610 6464 6465 6461 6464 6464 6464 6461 6461 6509 4200 6461 6465 6100
6461 6420 6260 5200 6461 6464 6461 6450 6461 6461 6461 6461 6463 6461 6450 6450 6461 6461
6461 6450 6520 6461 6461 6461 6461 6461 6461 6461 6463 6461 3620 6461 6230 3300 6461 6461
6461 6461 6461 3650 6450 6461 6220 6420 3650 3610 6464 6461 6420 6520 6461 6465 5100 6461
6461 6461 6461 6310 6461 6463 6320 6461 6461 6461 1400 6509 6420 6461 6461 6461 4500 6461
6461 6461 6440 6440 6220 6450 6463 6420 6461 6461 4400 6464 6461 6600 6461 6463 6420 6461
6461 6461 6220 6461 6461 6461 6463 6450 6420 3620 6465 6463 6463 6240 1300 6461 6464 6461
6461 6461 6461 6461 6461 6461 6461 6461 6465 6440 6310 6461 6461 6461 6461 6461 6462 6464
6461 6450 6463 6420 6461 6461 6461 6461 6461 6461 6463 6464 6464 6463 6461 6461 6600 6461
6461 6461 6463 6465 6461 6461 6210 6461 6461 6540 6461 6461 6461 6461 6461 6464 6461 6463
6461 6464 5400 6409 6461 6463 6420 6461 6465 6600 6463 1300 6461 6463 6420 6420 6464 6464
6461 6220 6509 6210 6559 6450 6463 6461 6461 6461 6461 6430 6463 6463 6464 6461 6463 6461
6461 6463 6461 6463 6461 6461 6463 6461 6463 6461 6600 6465 6461 6463 6430 6464 6461 6463
6461 6461 6350 6230 6461 6461 6463 6464 6461 6463 6461 6461 6461 6420 6461 6461 6463 6240
6461 6461 6461 6310 3640 6463 6464 6461 6463 6461 6461 6461 6461 6240 3620 6461 6450 6461
6461 6461 6461 6310 6420 6463 6420 6461 6461 6461 6420 6420 6461 4500 6461 3620 6461 6461
6461 6461 6461 6600 6461 6463 6461 6463 6320 1300 6461 6464 6100 6409 3620 6465 6461 6461
6461 6464 6461 4200 6461 6461 6461 6430 5100 6461 6461 6461 6465 6463 6461 6461 6461 6461
6461 6461 6461 6260 6461 6461 6461 6461 6461 6465 6461 6461 6461 6463 6240 6463 6461 6461
6461 6450 6463 6420 6461 6450 6310 6465 3640 6464 6463 6463 6463 6461 6463 6461 6463 6450
6461 6461 2400 6350 6461 6461 6461 6461 6350 6461 6461 6461 6461 6461 6461 6462 6464 6461
6461 6463 6320 2100 6220 6465 6430 6461 6461 4200 6464 6464 6461 6461 6465 4200 6461 6461
6461 6240 6461 6520 6461 6461 6461 6461 6461 6461 6461 6461 6461 6461 6461 6461 4400 4500
6461 6461 3400 1400 6461 6100 6409 6450 6463 6430 6465 6420 6461 3620 6461 6430 6350 6461
6461 6409 6409 6409 6450 6420 6461 6463 6461 6420 6450 6440 6461 6463 6220 6461 6461 6465
6461 6461 6440 6559 4200 6461 6461 6463 6461 6461 6420 6461 6461 6461 6461 6461 6461 6461
6461 6464 6340 5100 6461 6461 6463 6420 6464 6464 6464 6461 6465 3620 6463 6465 6461 6463
6461 6461 4200 6509 6465 6461 6461 6461 6461 6461 6465 6464 6461 6461 6461 6600 6463 6420
6461 3100 6420 6420 6450 6461 3650 3610 6461 6420 6465 6450 3300 6450 6463 6464 6461 6100
6461 6464 5400 6450 6463 6420 6463 6461 6463 6461 6461 6461 6463 6463 6463 6461 6461 6461
6461 6464 6463 6461 6461 6461 6461 6461 6320 6461 6461 6463 6461 6463 6461 6463 6461 6461
6461 6461 6461 6540 6461 6461 6461 6461 6465 4200 6461 6100 6464 6463 6464 6461 4200 6461
6461 6461 6461 6100 6461 6465 6520 6461 6463 6461 6461 6461 6461 6461 6461 6461 6461 6465
6461 6450 6461 6461 3300 6461 6461 6461 6461 6465 4200 6461 6559 6461 6461 6461 6465 6461
6461 6461 6464 6464 6463 6409 6461 6461 3300 6461 6461 6210 6461 6461 6100 6461 6461 6310
6461 6450 6463 6461 6461 6461 6461 6461 6461 6461 6461 6463 6463 6461 6461 6461 6461 6461
6461 6461 6464 6464 6464 6461 6450 6461 6463 6420 6463 6465 6461 6420 3300 4200 6461 6461
6461 6463 6350 6461 6461 6461 6461 6461 6461 6440 6461 6461 6461 6461 4100 6461 6461 6461
6461 6463 6463 6465 4400 6464 6461 1300 6461 6461 6461 6461 6464 6461 6461 6461 6463 6463
6461 6461 6450 6461 6461 6463 6461 6461 6461 6465 3500 6461 6461 6461 6463 6461 6461 6464
6461 6461 6463 6420 6465 6461 6465 6420 6461 6461 6461 6440 6461 6465 6463 4400 6465 6463
6461 6420 6464 6465 6463 6420 6463 6420 6463 6450 6100 6463 6463 6409 6463 6461 6463 6420
6461 6461 6464 6600 6464 6464 6464 6461 4400 6465 6450 4500 6463 6450 6461 6463 6463 6420
6461 6461 6465 6463 6461 6450 6461 6461 6600 6540 6220 6461 6420 6520 6461 6465 4200 6461
6461 6461 6350 6230 6461 6461 6461 6100 6461 6461 6461 6461 6463 6420 6463 6461 6461 6461
6461 6463 6461 6310 6465 3500 6461 6100 6461 6100 6409 6461 6463 6430 6465 6463 6461 6463
6461 6463 6420 6461 6461 6464 6420 6465 6461 6461 3300 6461 6461 6465 6463 6464 6464 6464
6461 6464 6340 5100 6464 6464 4400 4500 4200 6461 6461 6461 6461 6461 6350 6461 6420 6600
6461 6461 6463 6461 6461 6461 6450 6461 6461 6461 6461 6461 4400 6440 6310 3500 5400 6559
6461 6463 6461 6461 6461 6463 3100 6220 6450 3620 6461 3500 6530 6461 6465 6461 4500 6461
6461 6461 6461 6540 6461 6461 6461 6463 6420 6461 6461 6461 6463 6461 6461 6430 6461 6461
6461 6461 6440 5200 6464 6461 6461 6461 6461 6461 6310 6461 6461 4400 6464 6464 6461 6461
6461 6409 6409 1200 6461 6465 1400 6509 3300 6450 6409 6450 3300 6461 6461 3300 6461 6461
6461 6461 6450 6461 6463 6461 6461 6461 6461 6465 6464 6461 6461 6461 6461 6461 6461 6440
6461 6409 6463 6465 6420 6440 5200 6461 6464 6559 6461 6409 6463 6450 6461 6420 6461 6461
6461 6420 6461 6540 6464 6463 6463 6461 6463 6461 6600 6461 6463 6461 6464 6461 6464 6320
6461 6461 6463 3100 6440 5200 6464 5400 6409 6461 6420 6420 6465 6464 6461 6463 6461 6461
6465 6461 3300 6409 6461 6461 6464 6461 6420 6465 3610 6461 6461 6461 6420 6464 6463 6461
6461 6461 6461 6461 6461 6461 6465 6465 6409 6461 6461 4500 6409 6463 6461 6461 6461 6461
6461 6463 6461 6100 6461 6465 6463 6461 6450 6461 6461 6463 6461 6463 6420 6463 6461 6450
6461 6463 6464 6463 6461 6461 6210 6310 6465 6461 6463 6464 6461 6461 6461 6464 6461 6463
6461 6461 6463 6465 6420 6461 4500 6463 6420 6463 6461 6210 6409 6461 6463 6464 6461 6463
6461 6450 6461 6465 6440 6461 6465 6463 6461 6461 4400 6464 6464 6463 6420 6600 6450 6461
6461 6461 6461 6100 6461 6464 6210 6409 6461 6100 6461 6463 3500 6463 6461 4500 6461 6461
6461 6461 6440 6310 4500 6220 3620 6463 6463 6463 6240 3620 6461 6461 6461 6463 6461 6463
6461 6461 6465 6463 6461 6463 6465 5100 6461 6465 3620 6463 6420 6463 4500 6463 6461 6461
6461 6461 6461 6465 6463 6461 6461 6461 6461 6463 6420 6464 6463 6464 6461 6463 6461 6464
6461 6461 6463 4400 3640 6461 6461 6461 6461 6461 6461 6461 6509 6310 6462 6461 6461 6461
6461 6420 6461 6420 6461 6464 6461 6463 5200 6464 6463 6461 5100 6530 6461 6465 6461 6464
6461 6461 6463 6461 6465 6463 6450 6461 6461 6464 6463 6461 6461 6461 6461 3620 6465 6461
6461 6420 6464 4400 4500 6450 3620 6464 6320 6409 6461 6440 6409 6461 6464 6465 6420 6420
6461 6464 5400 6461 6440 6461 6463 6420 6461 6461 6464 6461 6461 6461 6461 6240 3620 6461
6461 6461 6440 6559 6461 6330 6461 6461 6461 6461 6461 6461 6461 6461 6461 6461 6461 6465
6461 6240 6420 6420 6461 6464 6464 6461 6465 6450 6440 6461 6450 6463 3640 6450 6463 6461
6461 6461 6409 6420 6461 6461 6210 6310 6450 6465 6464 6461 6463 6461 1300 3300 6463 6463
6461 6464 6461 6440 6409 6463 6450 6463 6461 6461 6461 6461 6461 6461 5100 6461 6461 6461
6461 6463 6463 6461 6464 6320 6360 6461 6540 6464 6461 6461 6461 5100 6461 6461 6461 6559
6461 6464 6461 6464 6464 6464 6461 6461 6465 6463 6440 6461 6450 6450 6463 6461 6461 6461
6461 6220 6509 4200 6310 6465 6250 6463 6461 6461 6461 6461 6464 6420 6461 6465 3620 6465
6461 6461 6463 6461 6240 3200 6461 6461 6461 3500 6461 6463 6461 6461 6461 6461 6350 6461
6461 6461 6461 6465 6463 6420 6461 6461 6461 6461 6461 6461 4500 6461 6461 6461 6461 6461
6461 6461 6463 6461 6461 6461 6240 6461 6461 6463 6461 6461 6465 6461 6461 6461 6461 6463
6461 6461 6463 6540 6463 6461 6465 6465 6310 6461 6463 6461 6464 6461 6463 6463 6420 6463
6461 6464 6340 5100 6464 6461 6559 6463 6463 6461 6463 6420 6464 6461 6100 6461 6210 6463
6461 6461 6461 6509 6461 6461 6461 6461 6600 6450 6461 6461 6440 6461 6465 6461 6461 6461
6461 3100 6420 3650 6450 6461 4400 1400 6509 4200 6461 6464 4400 4500 6461 6210 6463 6220
6461 6461 6461 6509 6461 6465 6461 6461 6461 6461 6463 6463 6461 6461 6461 6462 6430 6465
6461 6450 6100 6330 6463 6461 6461 6461 6463 6463 6461 6463 6461 6461 6461 6461 6463 6463
6461 6420 6461 5100 6464 6461 6464 6461 6463 6450 6461 6464 6100 6461 6465 6464 6463 6464
6461 6461 6320 2100 6220 6465 6430 6461 6461 4200 6464 6464 6463 6461 6461 6420 6461 6461
6461 6461 6463 6461 6461 6461 5100 6461 6461 6463 6461 6461 6461 6461 6461 6461 6461 6461
6461 4200 6310 6462 6461 6461 6461 6463 6461 6461 6461 6461 6100 6409 6461 6100 6461 6461
6461 6461 6461 6540 6220 6461 6463 3100 6409 6450 6240 6461 6461 6330 6420 6461 6461 6463
6461 6420 3640 6464 6464 6464 6463 6461 6320 6250 6463 6461 6540 6310 1400 6461 6463 6461
6461 6461 6461 6420 6461 6461 6463 6463 6461 6461 6461 6461 6465 6461 6463 6461 6461 6461
6461 6461 6463 6461 6461 6461 6461 6461 6461 6461 6464 6464 6463 6461 6463 6463 6461 6461
6461 6463 6464 6463 6461 6461 5100 6461 6461 6461 6461 6461 6420 6520 6461 6461 6461 6462
6461 6450 6350 3640 6461 6461 6465 6461 6461 6461 6461 6461 6461 6461 6461 6310 6461 6461
6461 6461 6350 6230 6461 6461 6461 6220 6450 4200 6310 6100 6461 6465 6463 6420 6100 6100
6461 6461 6463 6461 6465 6461 6463 6463 6463 6420 6559 4200 6461 6461 6461 6463 6350 6461
6461 6461 6461 6330 6461 6461 6461 6465 6463 6461 6461 6461 6461 6430 6461 6461 6220 6461
6461 6461 6461 6540 6461 6461 6461 6461 6464 6463 6463 6461 6461 6461 6461 6461 6462 6430
6461 6409 6409 1200 6461 6465 5400 6461 6450 6463 6440 6461 6461 6464 6210 6463 6450 6461
6461 6463 6320 2100 6220 6465 6430 6461 6420 6450 6465 6420 6461 6450 3300 6461 6463 6463
6461 6420 6310 5100 6461 6461 6461 6463 6461 6463 3100 6461 1300 6450 3620 6463 6430 6430
6461 6461 6463 6465 6461 6461 6559 6461 6100 6461 3620 6465 6420 6464 6463 6461 6461 6420
6461 6461 4200 6430 6240 6420 6461 6461 6430 6430 1100 6461 6461 6461 6465 6461 6461 6461
6461 6461 6465 4200 6461 4500 6220 6440 6461 6450 6463 6420 6540 6463 6461 6463 6450 6420
6461 6461 6461 6465 6461 6461 6461 6461 6461 6461 6464 6461 6461 6461 6461 6461 6461 6461
6461 6450 6464 6600 6240 6420 6461 6240 6461 6461 6600 6600 6420 6540 6461 6464 6463 6540
6461 6461 6465 3650 6461 6461 6440 6461 6463 6420 6600 6461 6464 6461 5400 6461 6220 6461
6461 6461 6465 6461 6463 6461 6461 6461 6461 6461 6440 6559 6440 6461 6465 6461 6461 6461
6461 6461 6350 6230 6461 6461 6461 6461 6461 6350 6461 6461 6461 6100 6463 6464 6461 6600
6461 6461 6464 6464 4500 6463 6461 6461 6450 3300 6420 6463 6409 6461 6465 6461 6463 6465
6461 6463 6320 6360 6461 6462 6409 6461 6461 6559 6461 6463 6461 6350 6461 6461 6559 6559
6461 6464 6463 6461 6463 6461 6465 6440 6463 6464 6461 6100 6461 6464 6461 6461 6461 6463
6461 6461 6461 5200 6461 6461 6463 6461 6461 6461 6461 6462 6464 6461 6461 6461 6600 6461
6461 6409 6409 6463 6464 6461 6463 6220 6461 6461 6465 6463 6420 6463 6461 6461 6461 6461
6461 6461 6461 5200 6464 6461 6465 3620 6464 6463 6461 6461 6509 6210 3620 6463 6465 6461
6461 2300 6464 6600 6464 6465 3660 6420 6464 6461 3640 6450 6210 6450 6461 6461 6463 6461
6461 6461 6464 6461 6461 6461 6463 6461 6461 1400 6260 5200 6450 4400 6465 6550 6461 6461
6461 3650 6461 6420 6450 6464 6464 6600 6464 3100 6464 6461 4200 6260 5200 6450 6464 6464
6461 6461 6461 6559 6461 6461 6461 6461 6461 6465 4200 6461 6450 6461 6461 6559 6461 6461
6461 6461 6409 5200 6464 6464 6464 4400 3500 6461 6461 6461 6420 6461 6420 6461 6461 6461
6461 6461 6461 5100 6461 6461 6461 6461 6461 6461 6461 6210 6461 6461 6461 6461 6461 6461
6461 6465 6464 6461 6463 6420 6463 6465 6461 6440 6461 6420 6461 6100 6461 6463 6463 6465
6461 6463 6461 6461 6461 6220 6463 6461 6350 6461 6461 6461 6461 6450 6461 6461 6461 6461
6461 6461 6461 3300 6461 6461 6461 6463 6461 6461 6461 6461 6461 6461 6450 6440 6461 6461
6461 6461 6461 6465 6463 6461 6461 6461 6461 6461 6461 6464 6420 6461 6461 6461 6461 6461
6461 6465 6350 6461 4500 6463 6465 6461 6463 5200 6464 6420 6465 6465 6461 6461 6461 6461
6461 6461 6461 6461 6461 6463 6461 6461 6465 3620 6461 6461 6461 6461 6461 4400 6464 6464
6461 6461 6465 5400 6420 6310 4500 6461 6463 6461 6461 3620 6461 6420 6461 6464 6461 6464
6461 6463 6463 6464 6461 6463 6461 6461 6330 6463 3200 6600 6461 6461 6450 6461 6461 6461
6461 6461 6461 6465 6463 6461 1400 6461 6465 6465 6464 6463 6461 6461 6100 6461 6461 1400
6461 6461 4200 3650 6310 6461 1300 6461 6464 6463 6461 6461 6509 6463 6461 6461 6461 6420
6461 6461 6440 6420 6461 6461 6464 6420 6461 6461 6461 6463 6464 6461 6461 6461 6461 6461
6461 6461 6461 6550 6461 6461 6461 6461 6461 6461 6461 6461 6461 6430 6461 6461 6461 6461
6461 6100 6465 6463 6461 6463 6540 6409 6463 6450 6463 6461 6461 6461 6420 6461 1300 3300
6461 6461 2400 6310 6464 6464 6461 6464 6420 6461 6210 6461 6461 6320 6461 6461 6461 6465
6461 6450 6461 6463 6463 6220 6461 6461 6465 6463 6420 6463 3620 6461 6461 6461 6461 6463
6461 6461 6461 6430 6461 6461 6461 6461 2400 3500 6461 6450 6461 6463 6461 6463 6559 6461
6461 6461 6461 6450 6461 6461 6461 6461 6461 6461 6462 6461 6461 6430 3500 6463 6461 6461
6461 6461 6220 6600 6240 6420 3650 3610 6409 6409 1200 6461 5400 6461 6461 6461 6461 6461
6461 6461 6463 6420 6465 6461 6464 6464 6463 6461 6463 6450 6461 6461 6461 6461 6430 6540
6461 6463 6463 6461 6461 6463 6461 6461 6461 6420 6464 6461 6465 6450 6461 6461 6463 6461
6461 6461 6210 5300 1300 6450 6420 6600 6540 6463 6463 6461 6461 6461 6463 6464 6464 6463
6461 6461 6461 6463 6420 6461 6461 6461 6461 6463 4200 6310 6465 6461 6461 6461 6461 6461
6461 6461 6450 4200 6461 6461 6461 6465 6461 6461 6461 6461 6463 6461 6461 6461 6461 6462
6461 2300 6464 6220 4400 5100 6464 6464 6409 6464 6463 6450 6465 1200 6461 6465 6463 6461
6461 6450 6100 6465 6461 6461 6210 6450 6461 6461 6420 6461 6461 6463 6461 6464 6260 6461
6461 6461 6461 6461 6463 6461 6461 6461 6461 6461 6461 6461 6461 6461 6461 6461 6461 6462
6461 6461 6330 6461 6461 6461 6465 6461 6461 6465 6461 6461 6461 6461 6461 6220 6450 4500
6461 6350 6461 6461 6461 6461 6461 6440 6461 6440 6461 6461 6461 6461 6420 6461 6461 6461
6461 6461 6310 5100 6461 6461 6461 6463 3100 6260 6461 6461 6461 6430 6461 6461 6461 6461
6461 6420 6420 6420 6461 6465 6461 6461 3640 6461 6461 6450 6461 3610 6465 3640 6463 3640
6461 6464 6420 6461 6310 6461 6450 6463 6420 6310 6463 6463 6461 6463 6461 6461 6461 6430
6461 6463 6320 2100 6220 6430 3620 3620 6210 4200 3400 6461 6461 6100 6409 6461 6465 6463
6461 6420 6461 6464 6461 6420 6461 6461 4400 6461 6461 6461 6461 6461 6461 6461 6440 6464
6461 6461 4200 6600 6461 1300 6520 6465 5100 6461 6540 6461 6465 6463 6461 3620 6461 6461
6461 6450 6461 6461 6461 6461 6461 6461 6461 6465 6464 6461 6461 6461 6461 6600 6461 6461
6461 6461 6220 6461 6461 3300 6464 6461 6463 6461 6463 6461 6463 6461 4500 6461 6463 6409
6461 6461 6461 5200 6461 6461 6461 6461 6461 6461 6461 6461 6464 6464 6463 6461 6461 6461
6100 3620 3620 4200 6450 6465 6310 6461 3640 6440 6461 6463 6461 6463 6461 6463 6461 6540
6461 6461 6350 3640 6461 6461 6461 6461 6450 6465 6464 6464 6461 6461 6600 6461 6230 3300
6461 6461 6330 6559 6463 6461 6461 6461 6461 6461 6461 6461 6461 6461 6461 6463 6461 6461
6461 6464 6463 6461 6464 6600 6464 5536 6464 6464 6461 6461 6464 6420 6463 6461 6440 6461
6461 6461 6463 6509 6461 3640 6461 6440 6559 6461 6461 6461 6461 6461 6461 6462 6430 6465
6461 6461 6461 3100 6461 6100 6461 6465 6463 6420 6463 6461 6461 6461 6463 6420 6520 6461
6461 6461 6463 6100 6461 3620 6461 6461 6461 6461 6461 6464 6420 6464 6461 6440 6461 6463
6461 6461 6409 6600 6464 6463 4400 5100 6461 6461 6461 6461 6420 6461 6509 3300 6210 3620
6461 6461 3300 6409 6463 6465 6461 6461 6461 6461 6461 6461 6461 6461 6464 6464 6463 6461
6461 6461 6463 6320 6360 6461 6430 6440 6461 6310 4400 6465 6461 6461 6461 6463 6220 6461
6461 6461 6461 4500 6463 6461 6461 6465 6465 6464 6461 6463 6461 6461 6461 6600 6520 6461
6461 6461 6440 6440 6461 6461 6450 6450 6461 6430 6463 6461 6430 6220 6461 6463 6461 6463
6461 6461 6465 6461 6461 6100 6461 6463 3300 6461 6461 6461 6461 6461 6420 6464 6461 6461
6461 6461 6461 4200 6461 6461 6461 6463 6465 6461 6461 6461 6461 6461 6461 6440 6530 6461
6461 6461 6461 5200 6461 6461 6461 6461 6461 6464 6464 6463 6464 6461 6463 6461 6461 6461
6461 6461 6465 3650 6450 6461 6461 6461 6464 6461 4100 6461 6465 6559 6450 3620 3300 2100
6461 6461 6463 6420 6461 6461 4400 6461 6461 6540 6464 6463 6465 6461 6465 6440 6461 6463
6461 6463 6461 6463 6461 6461 6440 6461 6461 6463 6464 4400 4500 6450 6461 6461 6461 6461
6461 6461 6461 6210 6463 6461 6461 6450 6461 6450 6461 6461 6461 6463 6540 6409 6461 6461
6461 6463 6461 6559 6461 6461 6461 6465 3650 6450 6461 6430 5400 6461 6461 6600 6461 6240
6461 6420 6210 6409 6420 6420 6464 6464 6461 6465 3610 6464 6461 6464 6464 6463 6461 6320
6461 6461 6420 6600 6360 4200 6464 6464 6463 6240 6461 6461 6461 6465 6450 6461 6461 6461
6461 6461 6461 6320 6461 6461 6461 6461 6461 6461 6465 6465 6461 6461 6461 6461 6461 6465
6461 6461 6461 6310 4400 4500 6461 6463 5200 6464 6464 6461 1300 3100 6220 6430 6461 6465
6461 6461 6461 6461 6461 6450 6461 6461 6461 6461 6461 6462 6461 6461 6461 6461 6461 6461
6461 6461 4500 6461 6461 6463 6464 6461 6420 6464 6461 6461 6461 6440 6461 6461 6461 6461
6461 6463 6420 6461 6464 6461 6463 6461 6509 4200 3620 6461 6465 6420 6461 4500 4400 6465
6461 6461 6461 6540 6461 6461 6461 6461 6461 6463 6461 6461 6463 6463 6461 6461 6461 6461
6461 3100 6509 6210 6461 6461 6465 6461 6250 6461 6461 6461 6464 6461 6240 6461 6461 6461
6461 6450 6463 5600 6463 6461 6461 6461 6440 6461 6461 6461 6461 6461 6461 6463 6461 6461
6461 6461 6464 6230 6420 6464 6461 4200 6260 5200 6464 6464 6600 6461 6210 6559 6461 6463
6461 6461 6461 6330 6461 6461 6461 6464 6464 6260 6461 6430 6350 6461 6461 6461 6461 6463
6461 6461 5400 6220 6420 6420 6450 6100 6463 6450 6463 6430 6461 6461 6465 6461 6463 6420
6461 6463 6420 6461 6461 6461 6461 6461 6461 6461 6350 6461 4500 6461 6461 6461 6461 4400
6461 6461 6461 6540 6461 6461 6461 6461 6461 6462 6461 6461 6461 6461 6465 3650 6450 6409
6461 6461 6461 6550 6461 6461 6461 6461 6463 6461 6461 6600 6240 6463 6461 6463 6530 6461
6461 6461 6350 6440 6461 6461 6463 6461 6461 6420 6461 6461 6461 6210 6461 6461 6461 6461
6461 6461 6461 2300 6461 6100 6461 6463 6464 6461 6463 3300 6461 6461 6461 6461 6420 6420
6461 6464 6465 6600 6450 6100 6461 4200 6461 2400 3300 6450 6461 6463 6463 6461 6461 6559
6461 6461 6465 3650 6409 6461 6465 6559 6440 6463 6463 6461 6461 6461 6461 6461 6461 6461
6461 6461 6463 6540 6461 6100 6461 6463 6463 6461 6463 6461 5100 6461 6464 6320 2100 6409
6450 6461 6461 4300 6461 6461 6463 6461 6461 6461 6461 6461 6465 6465 6461 3640 6450 6465
6461 6461 6461 6461 6461 6461 5100 6461 6461 6461 6461 6600 6461 6461 3100 6464 6461 4200
6461 6450 6461 6409 6409 6463 6409 6463 6220 6240 3620 6461 6461 6461 6420 6420 6465 6461
6461 6461 3400 6450 6461 6461 6461 6461 6461 6464 6210 6409 6450 6320 6430 6461 6461 6464
6461 6464 6463 6461 6461 6465 3640 6461 6463 6461 6465 6463 6463 6461 6461 6509 6464 6461
6461 6461 6440 6220 6461 6463 5200 4500 6464 6463 6464 6461 4200 6461 6461 6461 6461 6461
6461 6450 6461 6409 6461 6461 6461 6461 6463 6465 6461 5400 6450 6100 6463 6463 6450 6461
6461 6461 6461 5200 6461 6461 6463 6463 6461 6461 6461 6461 4100 6461 6461 6461 6461 6461
6461 6461 6465 6463 6461 6463 6463 6461 6461 3620 6463 6409 6461 6461 6463 6461 6463 6464
6461 6461 6461 6540 6220 6461 6420 6420 6465 6440 6461 6461 6461 6440 6461 6450 6463 6220
6461 6461 6465 6559 6463 6461 6461 6420 6461 6461 6461 6210 6461 6461 6540 6461 6461 6463
6461 6463 6461 6461 6461 6461 6461 6461 6450 6465 3640 6461 6461 6461 6461 6461 6461 6430
6461 6461 3400 6450 6461 6461 6461 6465 3650 6461 6461 6461 6461 2400 6350 6461 6461 6220
6461 6461 6440 6220 6461 6461 6461 4500 6463 6450 3300 6461 6220 6420 6463 6509 6461 6465
6461 6461 6465 6461 4500 6461 6461 6461 6320 6461 6461 6461 6461 6461 6450 6463 6461 6461
6461 6461 6463 6320 6360 6450 6559 6450 6310 6465 3640 6463 3300 6461 6461 6450 6461 6464
6461 6461 6464 6550 6465 6409 6420 6440 6461 6463 6464 6463 6240 6461 6461 6465 6463 6461
6461 3500 6530 6461 6600 6540 6463 6463 6464 6461 6463 6461 6420 6461 6100 6461 6465 6100
6461 6463 6461 6461 6461 6463 6461 6461 5400 6461 6461 6463 6461 6461 6461 6462 6464 6461
6461 6461 6461 6540 6461 6461 6461 6461 6461 6600 3100 6461 6100 6461 6463 6465 6461 6463
