4633 4633 4633 4633 4633 4633 4633 4633 4633 4633 4633 6100 4633 4633 4633 4633 4633 4633 4633 4633 4633 4633 4633 4633 4633 4633 4633 4633 4633 4633 4633 4633 4633 4633 4400 4640
4633 4633 4633 4633 4633 4633 4633 4633 4633 4633 4633 4634 4633 4633 4633 4633 4633 4620 4633 4633 4633 4633 4634 4633 4633 4634 4633 4633 4633 4633 4633 4635 4633 4633 4633 4633
4633 4633 4633 4620 4620 4633 4633 4633 4632 4633 4632 4633 4634 4634 4633 4634 4240 4633 4633 4260 4633 4633 4633 4633 4633 4633 4633 4100 4633 4634 4633 4633 4633 4634 4633 4633
4633 4631 4633 4633 4633 4633 4634 4633 4633 4633 4633 4633 4634 4634 4633 4633 4633 4633 4633 4631 4633 4633 4633 4633 4634 4633 4633 4633 4633 4632 4633 4633 4634 4633 4633 4633
4633 4633 4633 4631 4633 2400 4634 4633 4633 4633 4633 5600 4633 4633 4633 4633 4633 5500 4633 4633 4634 4633 3100 2100 4633 4634 4633 4633 2300 4633 4633 4633 4633 4633 4633 2500
4633 4633 4633 4633 4633 4633 4633 4633 4633 4634 4400 5600 4633 4633 4633 4633 4634 5100 4633 4633 4633 4633 2500 5100 4633 4633 4633 4633 4635 4633 4633 4633 4633 4633 4633 4633
4633 4633 4632 4634 2100 4636 4633 4634 2100 4631 4632 5500 4633 4634 4100 4633 4633 4250 6500 4260 5500 4632 1100 4633 4610 4634 6400 5400 4633 4633 4633 1100 4634 4100 4500 4636
4633 4633 4633 4633 4633 4633 4633 4633 4633 4633 4633 4640 4633 4633 4633 4633 4633 4633 4633 4633 4633 4633 4633 2600 4633 4633 4633 4633 2600 4633 4633 4633 4633 4633 4636 4633
4633 4633 4500 4400 4640 4500 4633 2400 4632 4634 4634 5100 4635 4633 4633 4634 4250 4500 5500 5100 5100 4660 2100 4610 2100 2100 4631 4633 4633 4633 4633 5100 4633 4633 4633 4633
4633 4633 4633 4633 4633 4650 4633 4635 4633 4633 4633 4100 4633 4633 4633 4633 4633 6500 4633 4660 6500 6600 4636 5100 4633 4633 4633 5500 4640 4633 4633 4633 4633 4633 1100 5500
4633 4633 4633 4633 4633 4633 4633 4634 4633 4632 4633 4633 4633 4633 4633 4634 4633 4631 4633 4633 4633 4633 2400 4633 4633 4633 4620 4634 4660 4633 4633 4633 4634 4633 4660 4633
4633 4633 4633 4633 4633 4500 4633 4633 4633 4633 4633 5100 4633 4633 4633 4633 4633 6400 4633 4633 4633 4633 4633 6100 4633 4633 4633 4633 4633 4632 4633 4633 4633 4632 4500 3100
4633 4633 4633 4633 4633 3400 4633 4633 4633 4633 4633 2100 4633 4633 4633 4633 4633 4633 4633 4633 4633 4633 3400 2500 4500 4633 4633 4500 3300 4633 4633 4633 4633 4633 4633 2400
4633 4633 4633 4500 4500 4633 4636 4636 4633 4633 4636 4636 4633 4633 4633 4633 4640 4640 4640 4636 4633 4640 4636 4633 4636 4636 4640 4500 4636 4633 4633 4633 4633 4633 4636 4633
4633 4633 4633 4633 4636 4500 4633 4633 4633 4633 4634 5600 4633 4634 4634 4633 4634 4610 4633 4634 4640 5100 2600 4500 4633 4633 4633 4633 4633 4633 4633 4633 4633 4633 4633 4633
4633 4620 4100 4620 4633 4660 4633 4633 5500 4610 5100 4610 4633 4633 4100 4633 4633 4633 4632 4634 4633 4633 4633 4634 4633 4633 4100 4620 4620 4634 4633 4633 4633 4633 4632 4633
4633 4634 4634 4634 4633 4100 4632 4634 4634 4631 4631 1400 4633 4634 4633 4633 4633 5100 4633 4633 4633 4633 4633 5200 4633 4634 4633 4634 1100 4634 4633 4634 4633 4634 6200 4633
4633 4633 4634 4632 4634 4250 4632 4260 4300 4620 4633 4631 4633 4634 4631 4634 4633 4250 4633 4633 4633 4620 3100 4610 4633 4633 4620 4100 4100 4633 4633 4620 4633 4634 4636 4633
4633 4633 4634 4634 4632 2600 4633 4633 4620 4633 4632 4660 4633 4633 4240 4633 4633 4633 4633 4633 4633 4633 4250 4500 4632 4634 4633 2400 2100 4633 4633 4633 4633 4633 3200 4633
4633 4633 4633 4633 4610 4620 4633 4620 4634 4620 4610 4634 4620 4620 4620 4633 4633 4610 4633 4633 4633 4620 4632 4633 4633 4633 4633 4633 4633 4633 4633 4633 4633 4633 4633 4633
4633 4633 4633 4500 4640 4250 4633 4633 4660 4633 4633 4660 4633 4633 4633 4633 4633 4633 4633 4633 4633 4633 5100 4633 4633 4633 5100 2600 4400 4633 4633 4633 4633 4633 4633 4633
4633 4633 4260 4633 4633 4620 4633 4633 4633 4633 2400 4620 4633 4633 4633 4250 4633 4230 4633 4633 4260 4633 4633 4620 4633 4620 4633 3100 4660 4633 4633 4633 4633 4633 4400 2600
4633 4631 4634 4636 4633 2500 4634 4633 4100 4631 4634 5100 4610 4634 4633 4633 4634 5100 4633 4100 4633 6300 4400 4500 4635 3100 4500 4633 4100 4633 4633 3100 4633 4632 2400 4633
4633 4633 4633 4640 4620 4400 4633 4634 4633 4633 4640 4100 4634 4633 4633 4633 4633 4660 4633 4633 4636 4634 4640 4633 4633 4633 4633 4660 4633 4633 4633 4634 4100 4633 4640 4633
4633 4634 4634 4633 4632 2500 4634 4634 4633 4633 4620 4634 4250 4634 4620 4633 4634 6100 4633 4634 4633 4633 5500 5500 4633 4633 4500 4636 4633 4633 4633 4633 4633 4633 4260 4660
4633 4633 4633 4632 4633 4634 4633 4633 4634 4633 4500 2300 4633 4633 4633 4634 4633 6400 4633 4500 2100 4400 6100 4635 4633 4633 4633 3100 4633 4633 4100 4633 4633 4633 5600 4633
4633 4633 2400 2100 4633 4660 2400 4633 4660 4633 4633 5500 4633 4633 4633 4633 4633 4632 4633 4633 4633 4633 4636 4633 4640 4636 4634 4400 4633 4640 4633 4633 4633 4633 4633 4633
4633 4633 4610 4634 4633 2500 4634 4633 4634 4633 4633 4100 4633 4633 4634 4633 4620 4660 4633 4633 4633 4633 2100 4633 4633 4633 4633 3300 4633 4633 4633 4633 4633 4633 5600 4633
4633 4610 4634 4634 4620 4240 4631 4634 4632 4633 4640 4610 4633 4632 4100 4633 4632 6500 4631 4633 4634 4633 4400 4633 5100 4633 4633 2300 4633 4633 4633 4635 4634 4633 4400 4633
4633 4633 4634 4620 4633 4634 4633 4632 4633 4633 4634 4633 4633 4634 4610 4633 4633 4633 4633 4633 4634 4634 4634 4633 4633 4633 4633 4633 4633 4633 4633 4633 4633 4633 4633 4610
4633 4633 4633 4633 4633 4400 4633 4633 4633 4633 4633 5300 4633 4633 4633 4633 4633 4633 4633 4633 4633 4633 4633 6200 4633 4500 4633 4633 3300 4633 4633 4633 4633 4633 4633 4633
4633 4633 4634 4610 4620 4500 4633 4620 4633 4633 3100 5100 4633 1100 4634 1400 4633 1100 4633 4100 4633 3100 5600 5100 4633 4633 4633 4633 4300 4633 4633 4633 4633 4633 4636 4640
4633 4633 4631 4633 4633 4500 4633 4633 4633 4250 4632 5400 4633 4633 4633 4633 4632 4633 4634 4620 4633 2400 5100 4633 4633 4633 4633 6100 4633 4633 4633 4633 4633 4633 4500 4633
4633 4632 4633 4633 4633 1100 4610 4633 4633 4633 4633 4633 4634 4633 4633 4633 4633 4633 4633 4632 4633 4633 4633 4631 4633 4633 4633 4260 4633 4633 4633 4633 4633 4633 4633 4634
4633 4633 4633 4633 4300 2400 4633 4633 4633 4633 4633 4620 4633 4633 4633 4633 4633 4634 4633 4633 4633 4632 4633 5100 4633 4633 4633 4633 5500 4633 4633 4633 4633 4633 4633 4100
4633 4650 4631 4633 4634 4230 4650 4100 4100 4634 4500 6400 4100 4634 4633 4633 4650 4633 4633 4640 4633 4633 2500 4500 4633 4633 4633 4100 4633 4633 4633 4635 2100 4634 4100 4634
4633 4634 4633 4633 2600 2500 4633 4633 4633 4633 4633 5100 4633 4633 4633 4634 4633 4635 4633 4635 4633 4633 2600 6400 4633 4633 4633 4660 4100 4633 4633 4660 4633 4633 3100 4633
4633 4633 4300 4633 1100 4240 4633 4620 4633 4633 4634 5500 4634 4634 4633 4633 4633 2600 4633 4633 4633 4634 5400 4633 4633 4633 4400 2400 4633 4633 4633 4633 4633 2100 2400 5100
4633 4633 4633 4300 4634 2400 4500 4633 4636 4633 4500 4500 4633 4633 4633 4633 4633 4500 4633 4100 4633 4640 4636 4500 4633 4633 4633 4100 3100 4633 4633 4633 4633 4633 4660 4633
4633 4633 4610 4260 4640 4610 4633 4633 4633 4633 4634 2400 4634 4632 4633 4633 4633 6100 4633 4633 4400 4400 4633 4400 4633 4633 4633 2400 4633 4633 4633 4633 4634 4100 2100 4633
4633 4633 4633 4633 4633 2600 4633 4633 4633 4610 4633 4632 4633 4633 4633 4633 4633 4633 4633 4633 4633 4633 2500 5100 4633 4632 4633 4633 5100 4633 4633 4633 4633 4660 4633 4633
4633 4634 4634 4620 4633 1100 4634 4634 4634 4633 2100 6100 4634 4633 4650 4633 4634 4100 2400 4633 2500 4633 2400 4633 4633 4633 4634 3200 4633 4633 4633 4634 4636 4633 2200 4633
4633 4633 4634 4633 4100 3200 4633 4633 2100 4633 5100 4633 4633 4634 4633 4634 4632 6100 4633 4620 4633 4620 3200 4633 4633 4633 4633 3100 2100 4632 4632 4632 4632 4636 3100 5100
4633 4636 4634 4633 4633 4640 4634 4633 5500 4633 4633 5100 4633 4634 4633 4634 4634 5100 4633 4500 4633 5100 4633 4633 4633 4400 4633 5100 4634 4633 4633 4633 4633 4633 4400 4500
4633 4633 4634 4635 4633 4633 4633 4633 4633 4634 4633 4633 4633 4633 5100 4633 4633 5100 4633 4100 4634 4633 5500 4633 4633 4633 4634 4633 4633 4636 4633 4633 4633 4633 4633 4633
4633 4620 4260 4633 4210 4633 4633 4633 4633 4633 4633 4632 4634 4633 4633 4633 4634 4300 4633 4633 4633 4633 4500 4633 4633 4633 4633 4400 4633 2400 4633 4633 4500 4633 4400 4636
4633 4633 1300 4300 4210 4400 4633 4634 4640 4633 4300 4210 4634 4634 4610 1400 4640 5300 4633 4633 4633 4633 2600 4100 4633 4634 4634 2500 4500 4633 4633 4633 4634 4633 3200 4500
4633 4633 4633 4633 4632 4250 4633 4633 4633 4633 2100 4610 4633 4633 4633 4633 4633 4635 4633 4633 4633 4633 4633 2600 4633 4633 4260 4400 4640 4633 4633 4633 4633 4633 4633 2100
4633 4634 4633 4633 4633 4633 4633 4633 4633 4633 4633 6400 4633 4633 4633 4633 4633 4100 4633 4634 4633 4633 4100 4633 4633 4633 4633 4100 4633 4633 4633 4633 4634 4633 5100 4660
4633 4634 4633 4633 4633 2400 4633 4633 4633 4633 4633 2600 4633 4633 4633 4633 4633 2600 4633 4633 4633 4633 4636 4500 4633 4633 4633 4632 2400 4633 4633 4633 4633 4633 4634 4634
4633 4634 4633 4634 4400 2500 4240 1500 4400 4633 6500 4633 4634 4632 4100 4633 4650 4633 4633 4400 4100 3100 4250 4633 4633 4633 4633 5600 4660 4633 4634 4633 2100 4100 3200 4633
4633 4633 4400 4620 4400 4250 4633 4633 4633 4634 6100 5500 4634 4633 4633 4633 4633 4633 4633 4620 4633 4633 4100 4633 4632 4633 4633 4633 4633 4633 4633 4634 4633 4633 4634 4633
4633 4633 4240 4634 4636 4500 4633 4633 4640 4633 4633 4100 4633 4633 4633 4633 4633 4100 4633 4633 4633 4633 4634 4100 4633 4633 4660 4633 4500 4633 4633 4633 2500 4633 4500 4636
4633 4634 4633 4620 4260 4500 4633 4634 4100 4633 4635 4640 4633 4633 4633 4633 4633 4635 4633 4633 4633 4633 4500 4400 4633 4633 5100 3300 6400 4633 4633 4633 4633 4633 4633 4500
4633 4634 4640 4632 4633 2100 4634 4631 4634 4633 4640 6400 4634 4634 4634 4633 4633 5500 4632 4634 4633 5500 3100 2400 4633 4633 4100 3200 4633 4634 4633 4633 4633 4633 3400 4633
4633 4634 4633 4633 4633 4633 4633 4633 4633 1200 4635 4633 4634 4633 4634 4633 4633 4660 4633 4633 4633 4633 4100 4100 4633 4633 4633 1400 4500 4633 4633 4633 4634 4633 4500 1600
4633 4633 4633 4633 4634 4633 4633 4634 4633 4633 4633 4636 4634 4633 4634 4633 4633 4634 4633 4634 4633 4633 4633 4660 4633 4633 4633 4633 4400 4633 4633 4634 4633 4633 4634 4633
4633 4631 4633 4633 4633 4633 4633 4634 4633 4631 4631 5500 4631 4633 4633 4633 4633 6100 4633 4633 4632 4633 4634 2100 4633 4260 4620 4634 4633 4633 4633 4633 4633 4633 2400 4633
4633 4633 4634 3100 4400 4636 4633 4632 4633 4632 4634 1400 4633 4635 4633 4633 4633 4100 4633 4634 4634 4633 4634 1100 4633 4650 4620 1100 5100 4633 4633 5100 4632 4633 5100 5500
4633 4634 4633 2400 4500 4400 4636 4634 4633 4300 4633 5500 4634 4100 4633 4633 4634 6400 2500 4400 4632 4633 4100 4300 4631 4634 4633 2400 4100 4633 4633 4634 4634 4633 4633 4633
4633 4633 4632 4633 4633 4500 4633 4610 4634 4260 4632 6100 4633 4634 4633 4633 4633 5100 4633 4633 4633 4633 4632 5400 4633 4633 4633 2400 5300 4633 4633 4633 4634 4633 4632 1400
4633 4633 4633 4634 4633 4100 4633 4633 4634 4633 6500 4633 4633 4634 4633 4633 4634 6100 4633 4633 4633 6100 4500 4633 4633 4633 4633 4636 4633 4631 4633 2600 4633 4633 4633 4500
4633 4633 4634 4633 4633 4633 4633 4633 4633 4633 4633 4633 4633 4633 4633 4633 4633 4633 4633 4633 4633 4633 4633 4633 4633 4633 4633 4633 3100 4633 4633 4633 4633 4633 4633 4633
4633 4636 4260 4633 4640 2500 4633 4260 4634 4633 4650 4620 4633 4650 4620 4633 4620 4650 4633 4620 2100 4633 5400 4400 4633 4633 4500 2100 4634 4633 4633 4633 4632 4633 4400 4500
4633 4633 4633 4633 4634 4260 4633 4633 4632 4633 4634 4633 4633 4634 4633 4633 4633 4631 4633 4633 4633 4633 2500 4633 4633 4633 4631 4620 4500 4633 4633 4620 4620 4633 4260 4633
4640 4634 4632 4620 4260 2400 4633 4640 4633 4633 4633 4633 4633 4633 4633 4633 4633 4633 4633 4633 4633 4633 4500 4500 4633 4633 5100 4500 4633 4633 4240 4633 4633 4633 4500 4633
4633 4634 4632 4633 4634 4633 4634 4634 4633 4634 4634 4633 4634 4632 4634 4633 4633 4633 4632 4632 4633 4632 4632 4633 4620 4633 4634 4632 4633 4633 4633 4634 4634 4633 4634 4633
4633 4633 4632 4632 4250 4260 4633 4634 4633 4633 4633 4610 4634 4633 4632 4633 4633 4400 4633 4631 4633 4633 3200 4640 4634 4620 4633 2600 4633 4633 4633 4633 4633 4633 2200 4633
4633 4633 4620 4633 4633 4633 4633 4633 4633 4633 4633 6100 4633 4633 4633 4633 4633 4100 5100 4500 5400 4633 4633 5100 4633 4633 4633 4633 4633 4633 4633 4633 4633 4633 4633 4640
4633 4633 4620 4633 4634 4634 4633 4634 4633 4633 4640 4100 4633 4633 4633 4633 5500 5100 4633 4100 4633 4633 2100 4500 4633 4620 4633 4500 5100 4633 4633 4620 4260 4633 4400 4633
4633 4633 4633 4634 4633 4633 4633 4633 4633 4633 4633 5500 4633 4634 4633 4633 4633 4100 4633 4633 2500 4636 4633 4633 4633 4633 4633 4633 5100 4633 4633 4633 4633 4632 4633 4633
4633 4634 4634 4633 4260 1200 4633 4634 4634 4632 4634 4636 4633 4633 4633 4633 4632 4240 4633 5400 4633 4633 4633 4633 4633 4633 4633 4633 4633 4633 4633 4633 4633 4633 4633 4633
4633 4634 4634 4634 4633 4632 4633 4634 4620 4634 4634 4633 4634 4632 4633 4633 4633 4633 4634 4633 4633 1400 4633 4100 4634 4635 4633 4633 4620 4634 4633 4633 4634 4634 4633 4633
4633 4636 4300 4634 4633 3100 4633 4650 4633 4633 4634 4660 4633 4633 4633 4633 4633 4100 4636 4633 4633 4500 4633 4633 4633 4633 4633 4633 4640 4633 4633 4633 4633 4633 4633 4633
4633 4633 4620 4240 4633 2600 4633 4634 4633 4633 4633 4250 4633 4633 4633 4633 4633 5500 4633 4640 4633 4633 4633 5100 4633 4633 4633 4632 5100 4633 4633 4633 4633 4633 2400 4633
4633 4634 4620 4632 4620 4634 4631 4633 4633 4620 4633 4634 4631 4634 4633 4620 4633 4633 4650 4631 4633 4634 4633 4633 4633 4633 4620 4633 4620 4633 4633 4634 4633 4633 4633 4633
4633 4631 4634 4634 2600 4220 4633 5100 5500 4632 4633 4100 4634 4634 4633 4633 4633 5100 4634 4633 4633 4633 4633 4633 4633 4632 4500 4633 4633 4633 4633 4633 4632 4633 4633 4633
4633 4632 4634 4634 4640 4500 4634 4633 4634 4632 4634 4620 4633 4633 4634 4634 4633 4620 4633 4633 4633 4634 4634 5100 4634 4633 4634 4634 4400 4633 4633 4633 4620 4633 4634 2500
4633 4633 4634 4633 4633 4400 4632 4633 4633 4633 4633 2100 4633 4633 4633 4633 4634 4633 4633 4633 4633 4633 2100 4633 4633 4633 4633 4632 2400 4633 4633 4633 4633 4633 3100 4633
4633 4633 4634 4633 2100 2400 4633 4660 4633 4620 4650 5400 4634 4633 4620 4633 4250 4500 4633 4400 4633 4634 4610 2200 4633 4633 4100 2500 2100 4632 4633 4400 4633 4633 2500 2400
4633 4633 4633 4634 4633 2100 4240 4633 4633 4634 4634 4100 4634 4633 4634 4634 4633 4500 4633 4634 4634 4633 2500 2600 4636 4633 4633 4660 4400 4633 4633 4633 4633 4633 3100 4400
4633 4634 4610 4620 4620 1100 4633 4633 4610 4633 4500 4633 4633 4633 4633 4633 4633 4633 4633 4633 4633 4633 4100 4633 4633 4633 4633 2100 4633 4633 4633 4633 4633 4633 4633 4633
4633 4633 4633 4633 4620 4260 4633 4260 1100 4632 4634 6600 4634 4633 4633 4633 4650 4633 4634 4634 4633 4634 5200 4633 4633 4631 4250 1200 4633 4633 4633 4633 4633 4633 4210 4633
4633 4633 4400 4636 4633 2100 4633 4633 4633 4634 4633 4633 4633 4633 4633 4633 4633 4633 4633 4633 4633 4633 4636 2100 4633 4633 4633 2600 4640 4633 4633 2100 4633 4500 2600 4633
4633 4631 4633 4632 4400 2500 4633 4634 4633 4633 4640 6400 4633 4620 4631 4633 4633 4100 4633 4400 4500 4500 4500 4400 4633 4620 4610 2500 5100 4633 4633 4633 4633 4633 2500 4400
4633 4633 4633 4633 4632 4633 4633 4633 4633 4620 4634 4660 4633 4633 4634 4632 4634 5100 4633 4633 4633 1100 4634 4650 4633 4633 4633 4633 4633 4633 4633 4633 4633 4633 4633 4633
4633 4620 4631 4210 4633 4633 4633 4633 4634 4633 4634 4633 4633 4634 4634 4633 4620 4634 4260 4610 4632 4631 4500 4633 4633 4640 4633 4500 4640 4633 4500 4633 4632 4633 2400 4631
4633 4634 4634 4633 4634 4500 4633 4633 4634 4633 4620 4500 4633 4633 4633 4633 4633 4634 4633 4633 4633 4633 2500 3300 4633 4633 4633 4633 3200 4633 4633 4633 4633 4633 4632 3100
4633 4633 4633 4633 4634 4633 4633 4633 4633 4633 4631 4633 4633 4633 4633 4633 4633 4633 4633 4634 4633 4633 4633 4633 4633 4632 4633 4633 4633 4610 4633 4620 4634 4633 4633 4640
4633 4632 4633 4633 4633 4633 4633 4633 4633 4633 4633 4634 4633 4633 4633 4633 4633 4633 4633 4620 4633 4633 4640 4633 4632 4633 4633 4640 4633 4633 4633 4634 4633 4633 4633 4633
4633 4634 4633 4633 4260 4636 4634 4633 4633 4633 2500 4636 4633 4633 4610 4633 4632 4633 4633 4633 4633 4632 3100 4400 4633 4633 4634 4633 2500 4633 4633 4640 4633 4633 2500 2100
4633 4632 4634 4631 4634 4633 4634 4632 4631 4634 4634 4633 4634 4633 4634 4633 4660 4100 4633 4633 4610 4633 4634 4500 4633 4633 4633 4300 4633 4633 4633 4632 4633 4633 4620 4260
4633 4633 4620 4633 4633 4633 4633 4633 4633 4633 4633 4300 4633 4633 4633 4633 4633 5100 4633 4633 4633 4633 2100 4640 4633 4633 4634 4633 4610 4633 4633 4634 4634 4632 4400 4620
4633 3100 4500 6100 4620 2600 4634 4100 4633 4631 4500 3100 1400 4634 4634 4633 4633 5100 4633 2400 4634 4633 4633 2300 4633 4633 4633 4634 3400 4633 4633 4633 4633 4633 4633 2100
4633 4634 4634 4634 4260 4633 4633 4633 4633 4633 4620 3100 4633 4633 4633 4633 4610 4633 4633 4633 4633 4633 3300 2600 4633 4633 4633 3400 2600 4633 4633 4633 4633 4633 3300 4633
4633 4633 4633 2400 4636 4640 4633 2600 4632 4633 4633 4100 4633 4633 4633 4633 4635 4660 4633 4633 4633 4633 2500 4636 4636 4634 4633 3100 4633 4633 4633 4633 4636 4633 6100 4635
4633 4634 4634 4633 2100 4500 4634 4633 4634 4634 4633 2500 4633 4634 4634 4633 4633 4633 4620 4633 4634 4634 4633 4400 4633 4632 4633 4633 2400 4633 4633 4633 4633 4633 4633 2500
4633 4631 4634 4633 4633 4633 4634 4634 4633 4633 4634 4633 4632 4260 4633 1100 4633 4633 4633 4631 4633 4632 4633 4400 4634 4620 4633 4634 4633 4633 4633 2400 1200 4633 4633 4633
4633 4634 4631 4633 4640 5200 4634 4633 4631 4300 4631 3300 4631 4620 4634 4633 4634 4620 4633 4634 4633 4633 4634 2600 4633 4634 4633 4633 3300 4632 4620 4634 4636 4633 4634 3200
4633 4633 4650 4634 4633 3200 4632 4633 4633 4633 4634 6200 4633 4633 4633 4633 4634 4660 4633 4633 4633 4260 4633 3100 4633 4633 4633 2400 5100 4633 4633 4633 4633 4633 4636 2500
4633 4634 4634 4633 4636 4633 4634 4633 4633 4633 4633 4633 4633 4633 4634 4633 4633 4634 4633 4633 4633 4633 4633 4633 4633 4634 4633 4500 4633 4633 2400 4632 4632 4633 4500 4633
4633 4633 4634 4632 4636 4500 4633 4632 5200 4633 4634 4634 4633 4634 4635 4633 4633 4633 4633 4633 4633 4633 4500 4500 4633 4633 4634 4636 4633 4633 4633 4634 4633 4633 3300 6500
4633 4633 4620 4610 4633 2600 4634 4633 4633 4633 1100 1300 4633 4633 4633 4633 4633 4260 4633 4633 3100 4633 4633 2600 4633 4633 4633 4633 2500 4633 4633 4633 4633 4633 4634 3300
4633 4633 4610 4620 2500 4610 4634 4633 4633 4633 4633 5500 4633 4633 4633 4633 4633 4100 4633 2400 4633 4633 4100 4631 4633 4634 4633 4400 2400 4633 4633 4650 4633 4633 4633 4400
4633 4633 4633 4633 4650 4500 4633 4633 4633 4633 4633 3100 4633 4633 4633 4633 4634 4100 4633 4633 4633 4633 4633 3100 4633 4633 4633 4633 2600 4633 4633 4633 4633 4633 3100 2500
4633 4633 4633 4633 4620 4634 4633 4633 4633 4633 4633 4633 4633 4633 4633 4633 4633 4660 4633 4633 4633 4633 4633 4633 4633 4633 4633 4640 4640 4633 4633 4633 4633 4633 4500 4400
4633 4633 4633 4633 4230 4633 4633 4634 4633 4633 4633 4100 4633 4633 4633 4500 4633 4633 4633 4633 4633 4633 2400 4636 4633 4633 4633 4633 4400 4633 4633 4633 4633 4633 4633 4633
4633 4634 4634 4634 4634 4632 4633 4633 4633 4633 4633 4400 4634 4634 4633 4633 4633 4633 4633 4633 4633 4633 4634 4633 4634 4633 4633 4633 2400 4250 4633 4633 4633 4633 4633 4633
4633 4633 4633 4633 4633 4100 4633 4633 4633 4633 4633 4100 4633 4633 4633 4633 4633 4633 4633 4633 4633 4633 4633 6500 4633 4633 4633 4633 4500 4633 4633 4633 4633 4633 4633 6200
4633 4620 4650 4633 4240 4636 4633 4633 4633 4633 4633 4500 4633 4633 4633 4610 4633 4633 4633 4633 4633 4633 3200 4500 4633 4633 4633 4633 2100 4633 4633 4633 4633 4633 4640 4633
4633 4634 4633 4610 4632 4620 4633 4633 4633 4634 2100 1500 4610 4632 4660 4633 4633 3100 4100 4633 4635 4100 4633 6400 4633 4633 4633 2400 4633 4633 4633 6100 4633 4633 4633 3100
4634 4634 4633 4634 4633 2400 4633 4633 4620 4633 4633 4640 4634 4634 4633 4633 4633 2500 4633 4633 4633 4633 4633 4633 4633 4633 4633 4633 4633 4633 4633 4633 4633 4633 4633 1200
4633 4632 4100 4633 4634 4250 4634 4633 4660 4632 5500 4220 4633 5100 4100 4634 4634 4633 4634 5100 4100 5100 5500 4500 4633 4633 4610 4100 4500 4633 4633 5100 4633 4100 4633 4610
4633 4620 4634 4250 4620 4633 4633 4633 4634 4633 3100 4660 4260 4631 4633 4633 4633 6500 4633 6500 4633 4634 4633 4633 4500 4633 4620 4500 4633 4620 4633 4633 4633 4633 4633 4633
4633 4634 4633 5500 4633 4634 4633 4633 4650 4633 4632 6500 4633 4633 4633 4633 4633 4633 4633 4633 4633 2100 4633 4632 4633 4632 4632 4100 4633 4620 4633 4633 4634 4636 4631 4500
4633 4634 4633 4633 4633 4634 4633 4633 5100 4633 4634 4300 4633 4633 4633 4633 4634 4260 4633 4633 4633 4633 2400 4633 4634 4633 4633 4633 4633 4634 4633 4634 4633 4633 4633 4633
4633 4633 4634 4633 4634 4620 4633 4633 4633 4633 4633 4500 4633 4633 4633 4633 4633 4632 4633 4633 4633 4620 4400 4633 4633 4620 4633 4633 4500 4633 4633 4633 4633 4633 4250 4633
4633 4633 4634 4620 4610 4260 4634 4610 4634 4634 4633 4620 4633 4634 4633 4634 4633 4650 4633 4634 4633 4400 2100 4633 4633 4634 4640 4632 4634 4634 4633 4400 4634 4634 4500 4633
4633 4634 4632 4633 4633 4633 4632 4633 4632 4633 4634 4633 4633 4633 4634 4633 4633 4633 4633 4633 4500 4610 4633 4633 4632 4633 4633 4620 4633 4620 4633 4620 4634 4633 4633 4633
4633 4634 4650 4620 4260 4634 4634 4633 4634 4634 4635 4634 4633 4633 4633 4610 1100 4633 4620 4400 2400 4633 4634 4400 4634 4633 4633 4633 4500 4633 4633 4632 4633 4620 3300 4633
4633 4633 4634 4634 4620 4400 4634 4633 4500 4632 2100 5600 4633 4632 5500 4634 1200 5100 4633 2100 4633 4633 4660 4633 3200 4633 4633 2600 4500 4633 4633 4633 4633 4633 4634 2400
4633 4633 4631 4633 4633 5400 4631 4640 4633 4633 4633 6100 4633 4633 4633 4633 4250 5100 4633 5100 4633 4636 1400 4633 4633 4633 4633 5100 4500 4633 4633 4633 4633 4633 6100 4500
4633 4633 4500 4633 4500 5100 4633 4650 4633 4633 4633 4100 4620 4634 4660 4634 4634 4631 4634 4633 4633 4633 2500 3100 4633 2600 3100 4500 4640 4633 4633 4633 4633 4633 4634 3200
4633 4633 4632 4610 4634 4633 4634 4633 4632 4633 4650 4250 4633 4634 4632 4634 4633 1200 4633 4633 4633 4500 4633 4260 4633 4633 4633 2100 4633 4633 4633 4620 4632 4633 4633 1100
4633 4634 4633 4633 4634 4633 4620 4634 4400 4260 4620 4633 4631 4632 4634 4634 4633 1100 4633 4631 4633 4634 4633 4633 4610 4633 4633 4632 4650 4633 4633 4634 4633 4634 2400 4633
4633 4634 4634 4634 4634 4620 4634 4634 4634 4634 4634 4500 4634 4631 4634 4620 4500 4633 4633 4632 4633 4634 4634 4633 4634 4634 4633 5100 4633 4633 4633 4634 4633 4633 4633 4633
