4633 4500 4634 4632 4633 4633 4634 4634 4620 4633 1500 4636 4633 4633 4633 4633 4633 5100 4633 4633 4633 4633 4620 4633 4633 4633 4633 4633 4633 4633 4260 4634 4633 4634 4633 4620
4633 4633 4634 4633 4633 4636 5100 4633 1600 4634 4633 4633 4640 4633 4633 4633 4633 4633 4633 4633 4633 4633 4633 4633 4634 4634 4633 4633 4633 4633 4633 4632 4633 4633 4633 4633
4633 4633 4633 4634 4633 4100 4660 4634 4620 4633 4634 4640 4633 4633 4634 2100 4633 4636 4633 4633 1100 4633 6100 4633 4633 4633 4633 4633 4633 4633 4633 4633 4633 4660 4633 4635
4633 4633 4633 4634 4633 4633 4634 4633 4633 4633 4650 5500 4633 4633 4633 4633 4633 4633 4633 4633 4633 4633 4633 4635 4633 4633 4633 4633 4633 4633 4633 5100 4633 4633 4640 2100
4633 4633 5100 4633 4633 4633 4100 4633 4633 2400 4500 4633 4633 4633 4634 4633 4633 2600 2400 4633 4633 4633 4633 4633 3100 4610 4633 4633 4633 4633 4633 4634 4100 4633 4633 4633
4633 4620 4633 4633 4633 4633 4633 4632 4633 4633 4633 4633 4633 4633 4633 4633 4633 4633 4633 4633 4633 4650 4633 4633 4633 4632 4634 3100 4260 4633 4634 4620 4650 4634 4100 4633
4633 4634 4631 5500 4660 4633 4633 4633 4633 4633 4633 4633 4633 4633 4633 4500 4633 4633 4633 4633 4633 4633 4633 4633 4633 4634 4633 4400 4634 4631 4633 4633 4633 4633 4633 5100
4633 4634 4634 4633 5200 4632 4633 4660 4633 4633 4634 4260 4633 2500 4633 2400 4633 4634 4633 4633 2500 4633 4634 4633 4633 4633 4633 4636 4634 4634 2500 3100 4500 4634 4634 3300
4633 4634 5500 5100 4633 4633 4633 4633 4633 4633 4633 4636 4636 4633 6100 4633 4100 4636 4240 4636 4633 2100 4500 4633 4633 4633 5100 4633 4633 4633 4633 4633 4634 4633 4633 4633
4633 4633 1100 4632 4634 4633 4633 4634 4633 4633 4633 4634 4634 2100 4633 4631 4633 4633 4634 4633 4633 4610 4633 4633 4636 3100 4633 4633 4633 4633 4633 4633 4633 4633 4633 4633
4633 4260 4633 4633 4633 4634 4633 4633 4633 4633 4633 4633 4633 4633 3200 4633 4633 4633 4633 4633 4633 4633 4633 4633 4633 4633 4634 4633 4100 4650 2400 4633 4633 4633 4633 2500
4633 4633 4634 4650 4633 4633 4640 4620 2500 4633 4260 4620 4633 4633 4633 4634 4633 4633 4634 4633 4634 4633 4633 4633 6100 3200 4633 4633 4634 4100 4640 5500 4633 4633 4633 4633
4633 4634 4634 4633 4633 4633 4633 4633 4400 4500 4633 4633 4633 4633 4633 4634 4660 4640 4500 2100 4633 4633 4633 4633 4633 4633 4633 4633 4633 4633 4633 4633 4633 4633 4633 2500
4633 4633 4620 4633 1200 4633 4633 4631 4633 4633 4633 4633 4633 4400 5600 4633 4633 4633 4633 4650 4650 4240 5600 4633 4620 4633 4633 4100 4633 4300 4634 4100 5500 4634 4633 4400
4633 4636 4631 4632 4633 4634 4634 4633 4633 4633 4633 4633 4633 4634 4633 4400 2600 4633 4633 4633 4633 4633 4632 4633 4400 4633 4633 4632 4633 4634 4500 4500 4633 4633 1200 4633
4633 2400 3200 4633 4633 4633 4633 4633 4633 4633 4633 5400 2400 4633 4400 4100 4633 4633 4633 4633 4633 4633 4633 4633 4633 4500 4500 4633 4633 4633 4633 4633 4633 4633 4633 4633
4633 4633 4633 4633 2100 4650 4660 4633 4500 4633 4633 4634 4633 4633 5100 4633 4633 4633 2400 4633 4633 4632 3100 5100 4633 2600 4633 4633 4633 4260 4400 4633 4400 4632 4634 4634
4633 5100 4633 4633 4633 4633 4633 4633 4633 1100 4631 4632 4633 4400 4633 4633 4634 4632 4633 4633 2100 4633 4633 4632 4633 4633 4633 4633 4633 4633 4620 4633 4633 4633 4633 4631
4633 4633 4634 4634 4633 4610 4250 4634 4634 4633 1500 2100 4633 4633 4634 4633 6100 4633 4633 4633 4633 4633 4633 4633 4633 4633 4634 4633 4633 4633 4633 4633 4633 4620 2100 4632
4633 4633 2500 4610 4633 4650 4633 4635 4633 4633 4633 4634 4633 4633 4660 4633 4633 4633 4633 4633 4633 4633 4633 4633 4633 4633 2500 4500 4640 4400 4633 4633 4650 4633 4633 4633
4100 4633 4633 4634 4633 4633 4633 4633 3300 4100 4633 4633 4633 4633 4660 3100 3100 4633 4633 4633 3100 4633 4633 4633 4633 4633 4500 4633 4633 4633 4632 4634 4633 4634 4634 4633
4633 4633 4620 4636 4634 4633 4634 4635 2400 4633 4633 4633 4633 4633 4633 4100 6500 4631 4633 4634 4620 4633 4634 4634 4634 4634 4610 4633 4633 4634 4633 4633 4633 4640 4633 4634
4633 4633 4634 4633 4400 4636 4633 4633 4633 4633 4633 4633 4100 4633 2400 4633 4633 4633 4633 4633 4633 4633 4633 2100 4633 4100 4633 4634 4633 4634 4633 4633 4633 5500 4500 2400
4660 4633 4633 4633 4633 4634 4633 4634 4633 4633 4633 4633 4633 4633 4633 3100 4633 2500 2400 4633 4633 4633 4633 4633 4633 4620 6100 4633 4100 4633 4620 4634 4634 4633 4633 4633
4633 4634 4633 4634 4633 4260 4633 4633 4633 4633 4632 4633 4633 4633 4633 4633 4633 4633 4633 4633 4633 4633 4633 4633 4633 4633 5100 4633 4633 4633 4633 4633 4633 4633 4633 4633
4633 4633 4633 4610 4633 4633 4633 4634 6100 4633 4633 4633 4633 4633 4633 4633 4633 4633 4633 4633 4633 4633 2600 4633 4633 4633 2500 2400 4633 4633 4633 4633 4633 4633 4633 4633
4633 4633 4633 4634 4634 5600 4633 4633 4633 4633 4633 4633 4633 4633 4633 4633 4633 4633 4633 2600 2500 4636 4633 4633 4633 4633 4633 4633 4633 4633 4632 4633 4634 4633 4634 4633
4633 4633 4634 4633 4633 4633 4633 4633 4633 4633 4633 4633 4631 4632 4633 4640 4633 4636 1400 4633 4633 4633 4636 4633 4634 4633 4633 4633 4610 4633 4500 4100 4633 4640 4633 4633
4633 4633 4633 4633 4640 4633 4633 4633 4633 4633 4650 4633 4633 4633 4633 4633 4633 4610 4633 4633 4633 4633 4633 4633 4633 4633 4633 4633 4633 4633 4633 4633 4633 4631 4634 4633
4633 2100 4633 4633 4633 4633 4634 4633 4633 4632 4633 4634 4500 4633 4633 4633 4634 4634 4633 4634 4633 4633 4633 4633 4633 4633 4633 4633 4633 4633 4633 4633 4633 4633 4610 4633
4633 2500 4633 4633 4640 4633 4633 5600 4633 4633 4634 4633 4633 4633 4633 4633 4633 4633 4633 4633 4633 4632 5600 4633 4633 4633 4633 4633 4633 4633 4633 4633 4633 4633 4633 4633
4633 4634 4634 4634 4100 2300 4500 4633 4633 4633 4632 4210 4633 4632 4633 4240 2100 4633 4633 3100 4633 4633 4633 4633 4633 4633 4633 4500 4633 4633 4633 4633 6100 4633 4633 3100
4633 4633 4633 4633 4634 4620 4634 4633 4633 4633 4633 4633 4633 4633 4633 4633 4633 4633 4640 4633 4633 4500 4633 4633 4633 4620 4633 4100 4634 4631 2400 2500 4500 4634 4633 4633
4633 4633 4632 4634 4634 2600 4500 4634 4633 4620 4633 5500 4633 4633 4100 4633 4633 4633 4633 4633 4633 4633 4633 4633 4633 2400 4633 4633 4633 4640 4633 4633 4633 4633 4633 4633
4633 4240 4633 5500 4400 4636 4633 4633 4634 4633 4633 4633 4633 4633 4633 4633 4633 4633 2200 4633 4633 4633 2400 4633 6100 4633 4633 4100 3100 4633 4633 4633 4634 4633 4633 4633
4633 4633 4633 4620 4633 4634 4633 4633 4100 4633 4634 4633 4260 4633 4633 4632 4633 4633 4632 4633 4633 4640 2300 4633 4633 4633 4640 4633 4620 4610 4634 4632 4633 4633 4631 4400
4633 4633 4660 4634 4100 4633 4633 4634 4633 5100 4633 2600 2600 4633 4633 4633 4635 5300 4633 4633 4633 4634 4633 4633 4633 4633 2600 4635 4633 4633 4634 4610 4100 4633 4633 4633
4633 4634 4633 1100 4660 4633 4634 4634 4633 4400 4400 4633 2100 4400 4636 4633 4632 4633 4633 4632 4634 4634 4300 4633 4633 5100 4633 4633 4633 4633 4633 4620 4632 4633 4633 4633
4633 4633 4633 4631 4400 4633 4633 4633 4633 4633 4633 4632 4660 4500 4634 4100 4633 4633 4633 4633 4633 4633 4633 4633 4633 4634 6100 4636 4633 4633 4500 4633 4633 4633 3100 4633
4633 4633 4633 4620 4633 4633 4633 4633 3200 4633 4633 4633 4100 4633 4633 4633 4633 4633 5500 4633 4620 4634 4400 4250 4633 4650 4633 4633 4633 4250 4500 4634 4633 4633 4633 4633
4633 4631 4633 5300 4633 4633 4500 4640 3100 4633 4633 4634 4633 4633 4633 4633 4632 4633 4633 4633 4633 4633 4633 4633 4631 4633 4620 4633 4633 4100 4633 4633 4633 4500 4633 4633
4633 4633 4633 4633 4633 4100 4636 4633 4632 4633 4633 4640 5600 4633 4633 4633 4633 4633 4633 4633 4633 4634 4633 4633 4633 2600 4633 4633 4633 4633 4633 4633 4633 4633 4632 4633
4633 4633 5600 4633 4632 4633 1500 4610 4634 4633 4633 4633 4633 4633 4633 4633 4633 4633 4633 4633 4634 4633 4633 4633 4640 5100 2400 6400 4400 4633 5100 4500 4633 4633 4633 4633
4633 6400 4633 2100 4633 4633 4633 4633 4633 4633 2500 4636 6100 4633 4100 4633 4634 4632 4633 4500 4640 4500 4633 4633 4633 1100 4633 4633 4633 4633 4633 4636 4500 4633 3100 4500
4634 4633 4633 4633 4633 4633 4650 4633 4633 4633 5100 4633 4633 4633 4500 4633 4633 4633 4633 4633 1100 4634 4610 4633 4633 4635 4633 4640 4400 4631 4633 4634 4300 4633 4260 4633
4633 4633 4620 4260 2100 4633 4633 4633 4633 4633 4631 4633 4633 4620 4632 4634 5100 4634 4633 3100 4636 4500 4633 4633 4633 4633 4633 4633 4633 5400 4633 4633 4633 4633 4633 4633
4633 4634 4633 4633 4633 4633 4634 4633 4633 4633 4633 4633 4100 4633 4500 4633 4633 4633 4633 4633 4633 4633 4500 4633 4633 4633 4633 4633 4633 4633 2400 4640 5400 4633 4633 4633
4633 6500 4633 4632 4633 4100 4633 4633 4634 4633 4633 4633 4633 4500 4210 4633 4634 4635 2100 4633 4633 4633 4633 4620 4633 4633 4633 4633 4634 4633 4633 4633 4640 4633 4633 4633
4633 4100 4633 4634 4633 4633 4610 4500 3100 4633 4500 2500 5100 4633 4633 2500 4633 4633 4633 4633 2100 2400 4633 4633 4633 4633 4633 4633 4633 4633 5100 4633 4633 4633 4633 4633
5500 4500 4633 4633 4633 4633 4633 4633 4633 4634 4634 6100 1100 4634 4632 4633 4633 4650 4632 4632 4634 4634 5100 4660 3100 2500 4240 4633 4620 4633 4633 4633 4633 4633 4633 4633
4633 4620 4632 4633 4633 4100 4620 4633 4631 4633 4633 4620 4633 4633 4633 4633 4633 4633 4633 4633 4635 4633 5400 4633 4633 4633 4633 4633 4633 4400 4634 4500 4633 4633 4633 4633
4230 4633 4633 4633 4633 4620 4633 4633 4633 4633 2400 2600 4633 4633 4633 4620 4633 4633 4634 4633 4610 4634 4632 4633 4632 4300 4500 4634 4633 4634 4634 4633 4400 4634 5100 4610
4633 4633 4620 4100 4634 4634 4633 4500 4633 4300 4634 4634 4610 4633 4634 4500 4400 4633 4100 4633 4633 4633 3300 4633 4633 4633 4634 4634 1100 4633 4633 4634 4633 4633 4660 4633
4633 4633 4634 5400 4100 4635 4633 4633 4633 4633 4633 4633 4633 4632 4634 4634 4634 4634 4633 4633 4633 4633 4633 2600 4633 4633 4633 4633 4634 4633 4633 4633 4633 4660 4633 4100
4633 4633 4633 4500 4633 4640 4633 4633 4633 4633 4633 4634 4634 4633 4610 4100 4633 4640 5500 4633 4635 4633 4633 4634 4633 4633 4633 4250 4633 4633 4633 4633 4633 4633 4633 4633
4633 4631 4620 4631 4634 5100 4633 4633 2100 1400 4633 4100 4633 4633 4633 5100 4633 4632 4633 5100 4633 4633 4633 4633 4650 4633 4634 4631 4632 6200 4633 4633 4633 1100 4634 4633
4633 4634 4634 4610 4620 4633 4634 4620 6500 1100 4633 4633 4634 4631 4620 4634 4634 4633 3100 4610 4633 3100 4633 4633 4633 4633 4633 4633 4632 4640 4633 4610 4633 4633 4633 5500
4633 6100 4633 4633 4634 4634 4634 4620 4633 4260 4633 4633 4100 4634 3300 4633 4633 4634 4633 4633 4633 4633 4500 4633 4633 4633 2500 4633 4633 2500 4633 4633 4633 4620 4631 4633
4633 2100 4633 4633 4633 4633 4633 2600 4633 4633 4633 4633 4633 4633 4633 4634 4634 4632 4633 4634 4633 4634 4633 4633 4633 4500 4500 4633 4634 4633 4634 4650 4634 2500 4634 4633
4633 4633 4634 4633 4631 4634 4633 4100 4634 4632 4500 1500 4210 4633 4633 4634 4633 4633 4633 4620 4633 4633 4633 2300 2100 4633 4633 4633 2600 3300 4633 4633 4633 4640 4634 4633
4633 3200 4633 4633 4633 4633 1100 3100 1500 4633 4633 4633 4633 4633 4633 3400 4500 4633 4633 2100 4633 4633 4633 4633 4633 4633 4633 4633 4634 4633 4632 4620 4636 4610 4633 4650
4633 4633 4240 4634 4634 4634 4100 4100 4633 4633 4634 4631 2500 4610 4634 4634 4633 4633 4500 4632 4633 4634 4632 1100 4633 4633 1100 4500 4633 4634 4634 4633 4633 4633 4633 4633
4633 4633 4633 4633 4633 4500 1300 4633 4620 4632 4634 4400 4640 4640 6400 4633 4634 4634 4634 5100 4633 4634 4634 4633 4633 4633 4650 4633 4633 4500 5100 4633 4634 4660 4633 4633
4633 4633 4633 4633 4633 4633 4500 4260 2500 4500 4633 4633 4633 4633 4633 4633 4633 4633 4634 4400 4633 4633 4633 4633 6100 2100 2400 2100 4634 4633 4633 4610 4633 4633 4633 4633
4633 4633 4633 1200 4633 4633 4633 4633 4633 4633 4633 4633 4633 4633 4633 4633 4633 4633 4633 4633 4633 4633 4633 4633 4633 4633 4633 4500 4633 4633 4633 4634 5100 4100 4634 2300
4633 6400 4620 4634 4632 4633 4633 4633 4634 4633 4633 4633 4634 4633 4633 4633 4633 4633 2400 4633 4633 4633 4633 4633 4633 6500 4633 4633 4633 4650 4633 4500 4632 4620 4633 4633
4634 4633 4633 4620 4500 4633 6400 4633 4634 4633 3300 4633 4633 4633 4633 4633 2400 4633 4633 4633 4633 4633 4640 4633 4633 4633 4633 4633 2600 4633 3100 4633 4633 4633 6500 2100
4633 4633 4633 4633 4633 4633 5500 4633 4633 6200 4635 4633 4634 4633 4620 4633 4610 4633 4633 4634 4633 4230 4633 4633 4633 4633 2500 4633 4633 4633 4634 4633 4633 4633 4633 4633
4633 4634 4620 6100 4260 4260 4634 4500 4633 4620 4633 4620 4640 4633 4633 4634 4230 4633 4633 5100 4636 4633 4620 4640 4620 2400 4633 4633 4500 4633 4633 4633 4633 6400 4610 2600
4633 4633 3100 6400 4634 4240 4634 4633 4634 4500 4633 4400 2500 4633 4633 4633 4632 4633 4633 4633 4633 4633 4633 3300 4633 4633 4634 4633 4633 4633 4633 4633 2400 4633 4633 4633
4633 4633 4636 4636 4400 4100 4634 4633 2500 4640 4633 4633 4633 4633 4634 4620 4633 4633 4633 4633 4633 4633 4633 4633 4633 4633 4633 4633 4633 4633 4633 4633 4620 4633 4633 4633
4633 4633 4633 4632 4633 4640 4500 4240 4400 5500 4633 4633 4100 4633 4633 4633 4633 4633 4633 3100 4633 4633 4633 4633 4633 4100 4634 4633 4633 6600 2600 4633 4633 4633 4633 4633
4633 4633 4634 4633 4100 4633 2500 5100 4633 4620 4400 4633 4633 4634 4610 4633 4633 4620 4400 4634 3200 4633 4633 4633 4633 2400 4500 4500 4633 4633 4633 4633 4633 4633 4633 4633
4633 4634 2100 4633 4631 4632 5100 4633 4632 4634 4634 4633 4660 4500 5100 4633 4633 4100 2500 4640 4634 4633 4633 4633 4633 4633 4660 4633 4633 4633 4634 4633 4634 4633 4633 4633
4633 4633 4650 4633 4634 4634 5400 4632 4633 4634 2400 4633 4633 4633 4633 4633 4640 4633 4633 4634 4633 4633 4633 4633 4633 4633 4633 4633 2100 2600 4633 4633 4633 4633 2400 5100
4633 4500 4633 4631 4633 4633 4634 4635 4633 4633 4633 4633 4400 4633 4634 4240 4633 4633 4633 4633 4633 4633 4635 4633 4631 4633 4633 4633 4633 4633 4633 4633 4633 4633 4633 4633
4634 4633 4633 4634 4634 4633 4633 4636 4633 4633 4634 4633 4634 4633 4633 3200 4633 4633 2600 6400 4633 4633 4633 4633 4210 4633 4633 4633 2500 4633 4633 4633 4633 4633 4633 4633
4633 4633 4634 4260 4634 4634 4633 4620 4633 4633 4633 4634 4633 4633 4633 4633 4633 4633 4633 4633 4640 4633 4633 4633 4633 4633 4633 4400 4620 4633 4634 4500 3300 4633 4633 4632
4633 4632 4620 4632 4631 2100 4500 5100 4620 4500 2600 6400 4633 2100 4633 4633 4633 4633 4633 4633 4633 4633 4633 4633 4633 4633 4633 4633 4633 4633 4633 4633 2200 4633 3100 3100
4633 4633 4633 4633 4620 5200 4633 4633 4634 4633 4632 4634 4633 4633 4100 4610 4632 4634 4634 4634 4100 4632 4100 4633 4634 4631 4634 4620 4250 4633 4633 4633 4620 4610 4634 4634
4633 4634 4633 4633 6100 4633 4631 4633 4633 4634 4634 4100 4633 4633 6100 4633 4633 4633 4633 4633 4633 5500 4633 4632 4633 4633 4633 4633 4633 4631 4633 4633 4633 4633 2400 4633
4633 4260 4633 4633 4634 4633 5100 4634 4633 4633 4633 2500 4633 4633 4634 4633 4633 2400 4100 4634 4633 4633 4633 4633 4633 2600 4633 4633 4633 4633 4620 4633 2500 4400 4633 4633
4633 4634 4633 4633 4633 4633 4633 4633 4633 6500 4260 4633 5100 4633 4660 4633 4633 4633 4633 4633 4633 4633 4633 4634 4660 4633 4633 4633 4633 4633 4633 4633 4633 4633 4633 4620
4633 4640 4633 4633 4633 4633 4634 4633 4610 4633 4633 5500 4634 4634 4632 4633 4620 4633 4632 4633 4634 6100 4633 4633 4633 4500 4633 4633 4633 4633 4633 2400 4633 4640 4633 4633
4633 4633 4633 4633 4633 4634 4632 4633 3100 4220 4633 4633 4300 1100 4633 1400 4634 4632 4633 4633 4632 4633 4610 4633 4400 4633 4633 1400 4633 4634 4633 4633 4633 4633 4633 4633
4633 4631 4400 4240 4640 4633 4633 5500 4634 4634 4633 4640 4633 4634 4100 4633 4240 4633 4633 4633 2600 2500 6100 4633 4633 4633 5400 4500 2100 4633 4633 4633 4633 4633 4633 4633
4633 4633 4620 4634 4633 4632 4633 4633 4636 4633 4633 4500 4633 4634 4633 4633 4633 4633 4633 4633 4633 4633 4633 4633 4633 4400 4633 4633 4633 4633 4633 4620 4633 4620 4633 4634
4633 4632 5100 4100 4633 4633 4633 4633 4634 4634 4260 4610 4632 4633 4633 4633 2600 2100 4500 4500 4640 4633 4633 4633 4633 4633 4633 4632 4633 4633 3200 4633 4633 4633 3200 4633
4633 4634 4633 4620 4633 4634 4400 4260 4634 4633 4633 4634 4650 4260 4634 4636 4640 4240 4500 4620 4633 4634 4500 4633 4633 4633 4633 4633 4633 5100 4633 2600 4633 4633 4633 4633
4633 4633 4632 4633 4636 4500 4633 4632 2400 4636 4633 5500 4633 4634 4633 4633 4100 4633 4633 4634 4633 4633 4633 4633 2500 3100 2400 4633 4633 4633 4633 4633 4633 4633 4633 4633
4633 4634 4633 6400 4650 4634 4240 4633 4633 4633 4633 4633 4633 4634 4633 4633 4633 4633 4631 4633 4650 4633 4633 4632 4500 4633 3100 4634 4633 4633 4633 4633 4634 4633 4634 4250
4633 4633 4633 4634 4633 4633 4100 4634 4633 4633 4633 4500 4500 4500 4633 4633 4633 4633 4620 6100 4633 4633 4633 4633 4633 4633 4633 4633 4633 2400 4633 4633 4633 4620 4300 2400
4633 4100 3100 4660 4634 4620 4240 4633 4633 4632 4633 4633 4633 4633 4633 4633 4633 2400 4500 4633 4633 4633 4633 4633 4100 4635 4633 4100 4633 4633 4633 4634 4633 4632 4633 4633
4500 4634 4634 4633 4633 4633 4633 4633 4633 4633 4633 4633 4633 4660 4633 4633 4633 4634 4633 4633 3100 4633 4633 4100 4633 4631 4633 4633 4633 4633 4640 4500 2100 4633 4633 4633
4633 6600 4300 1400 4633 4634 4634 5500 4632 4633 4610 4634 4633 4400 4633 6100 4632 4634 4633 4633 4633 2400 2500 4633 4633 4633 4400 4633 4634 4633 4633 4633 4633 4633 4633 4633
4633 3200 4633 4100 4633 4633 4633 5100 4633 4633 4633 4633 4633 4633 1100 4633 4633 1100 4633 4634 4633 4633 4634 4633 4634 4633 4634 4634 4636 4633 4260 4633 3300 4620 4634 4633
4632 4632 4633 4633 4633 4634 4633 4300 4634 5400 4633 4632 4633 5100 4633 4633 4633 4500 3100 4500 4633 4633 4634 4100 4633 4633 4633 4400 4633 4633 4633 4633 4500 4633 4633 4400
4633 4634 5400 4632 4210 3200 2600 4633 4634 4633 4633 4634 4633 4633 4633 4633 5500 4633 4633 4633 4500 4633 4633 4633 4633 6500 2400 4400 4634 4634 4633 4633 4633 4635 4635 6100
4633 4633 4400 4500 2100 4300 4631 4633 4260 4631 4634 4400 4633 4634 4400 2300 4633 4633 4633 4633 4633 5100 2400 4633 4633 4633 4632 4633 4400 4632 4633 4633 4633 4633 3200 4610
4633 4633 4633 4634 4634 4633 4633 4633 4633 4633 4632 4631 4633 4633 4633 4633 4633 4633 4633 4633 4633 4633 4633 4633 4633 4633 4633 4633 4633 4633 4633 4633 4633 4633 4633 4633
4633 4633 4500 4260 4633 4633 4620 4634 4300 4633 3100 4636 4633 4633 4634 4633 4632 4633 4640 5100 4633 4633 4631 4633 4633 4633 4633 4633 4632 4633 4100 4633 4100 2400 4632 4633
4633 4633 4240 4633 4633 4634 4633 4633 4620 4633 4633 4633 4633 4633 4633 4400 4400 4634 4634 4633 2100 4250 4634 4633 4633 4633 4633 4633 4633 4633 4633 4633 4633 4633 4633 4635
4633 4633 4634 4500 4500 4634 4500 4633 4633 4633 2600 4633 4633 4633 4633 4633 3100 4633 4633 4633 4100 4633 4640 4632 4240 4632 4632 4634 4250 2400 4633 4633 4633 4633 4633 4633
4633 4633 4633 4633 4240 4633 4633 4633 4633 4633 4633 4620 4633 2100 4500 4633 4633 4634 3100 4634 4633 4500 4633 4633 5500 4633 4633 4631 4633 4633 4636 4633 4633 5100 4633 4633
4633 4633 4633 4631 1300 4632 6400 4250 4633 4620 4633 4620 4300 4634 4634 4300 4634 4100 4634 4634 4633 4660 4631 4633 4633 4634 4633 4620 4634 4633 4620 4260 4633 4633 4633 4633
4633 4634 4610 4633 4633 4633 4633 2600 4633 4633 4633 4634 4634 4633 4634 4633 4633 5100 4633 4633 4633 2500 4636 2400 4100 4633 4633 4633 4633 4634 4633 4610 4620 4300 4633 4634
4633 4633 4634 4632 4634 4250 4210 4634 4632 4632 3300 4633 4610 4634 4633 4632 4634 4633 4633 4633 4634 4634 4633 4634 4633 4633 4500 4500 4636 4633 3100 4634 4633 4633 4633 4100
4633 4632 4634 5100 6500 4100 4100 4633 4633 4632 4634 4634 4634 4634 4650 4660 4633 4633 4300 3300 4634 4633 4633 4633 4633 4633 4633 4633 4100 4633 4633 4260 4500 4633 4633 4634
4633 4633 4633 4632 4240 4633 4633 4100 6600 4400 4631 4633 4634 4634 4633 4633 4500 4632 4633 5100 4633 4633 4650 4633 4632 4633 4632 4634 4633 4633 4633 4632 4633 4633 4633 4632
4633 4620 4634 1400 4500 4633 4636 4635 4633 4633 4640 2400 4633 4633 4620 4633 4633 4632 4634 4633 4633 4633 4633 4631 4632 4634 4633 4632 4620 4634 4631 4631 4636 4633 5100 4650
4633 4633 4633 4633 4633 4632 4633 4633 4634 4633 2400 4633 4633 4633 4660 4633 4633 4100 4633 4633 4633 4620 4636 4633 4633 4500 4633 4633 4633 3100 4500 4633 2100 4632 4636 2100
4633 4633 2100 4500 4636 4633 4500 4633 5100 4633 4633 4633 2500 4660 4633 4633 6500 4400 2100 4633 4633 4633 4633 4500 4633 4633 4633 4500 4633 4633 4633 4633 4633 4100 4633 4633
4633 4633 4633 4632 4634 5100 4620 4633 2500 4100 4633 4633 4640 4633 4633 4633 4633 4620 4633 4634 6500 4634 2100 4634 5400 4633 4633 4633 4620 4633 4100 3300 4633 4633 4633 4633
4640 4634 4631 4633 4633 4634 4633 4636 4100 4633 4633 4633 4633 4633 4633 4635 4634 4633 4633 4633 4633 4635 4633 4633 4633 4100 2100 4633 4633 4633 4633 4633 4500 4633 4633 4634
4633 4634 4633 4610 4633 2638 5200 4634 4640 4633 4632 4633 4633 4631 4633 4633 4633 4633 4633 4634 4633 4634 4633 4633 4633 4634 4633 4633 4632 4633 3100 4633 4634 4633 4633 4633
4633 4633 4634 4633 4633 4650 4400 4633 4632 4633 4633 4633 4634 4620 4634 4634 4633 4633 1100 4634 4634 4633 4250 4610 4260 4633 4633 4633 4400 2100 4636 2400 4633 4633 4633 4633
4633 3200 4500 4633 4633 4633 4633 2600 2500 4400 4640 4620 4633 4633 4633 2600 4633 4100 4633 4633 2600 2100 4634 6100 4633 4633 4633 4633 4633 6100 4633 4633 4633 4633 4633 4633
4100 4633 4633 4633 4632 4633 4633 4634 4633 4633 4633 4633 4633 4633 4633 4633 4633 4633 4633 4633 4260 4636 4633 4633 4633 4100 4636 4500 4633 4633 4633 4633 4633 4633 4633 4633
4633 4640 4620 4634 4633 4633 4633 4633 4633 4634 4634 4634 4633 4633 4633 4640 4633 4633 4633 4633 4633 4633 4633 4633 4633 4633 4100 4660 4633 4633 4633 4633 4633 4100 4633 4230
4633 4633 4633 4620 4633 4633 4633 4260 4633 4620 4633 4633 4633 4633 4633 4633 4633 4633 4633 4633 4633 4633 4633 4633 4500 4633 4633 4633 4633 4633 4633 4633 4633 4633 4634 4633
4660 4640 4633 4633 4620 4634 4633 4400 4620 4610 4633 4633 4633 4633 4633 4633 4633 4500 4635 4633 4633 4633 4640 4633 4633 4633 4632 4633 4633 4100 4633 4633 4633 4635 4633 4633
4633 4631 4634 4500 4633 4632 4634 4634 4631 4633 4660 4100 4610 4620 4631 2400 4400 4300 4636 6400 4633 4633 4633 5100 4633 4633 4633 4632 4634 4260 4633 4634 4500 4633 4633 3300
4633 3200 4633 4500 4634 4633 4100 4633 4633 4633 4634 4633 4633 4633 4633 4633 4633 4633 3200 4633 4633 4633 4633 4633 4633 4633 4633 4633 4633 4400 4633 5600 4633 4634 4632 4633
4633 4633 4633 4633 5500 4500 4633 4633 4633 3100 4636 4633 4633 4633 4633 4633 5500 4500 4633 4633 4633 4633 4633 4640 4633 4634 4640 4633 4633 4633 4633 4633 4660 4633 4500 4636
4633 4660 4633 4634 4632 4633 5100 4633 4633 4633 4633 4633 4633 4634 4633 4633 4633 2100 4636 4633 4633 4633 4620 4634 3300 4633 4634 4633 4633 4633 4634 4633 4633 5100 4633 4633
4100 4633 4632 4633 4633 4633 4633 4633 4633 4633 4633 4633 4633 4633 6400 4634 3100 4633 4633 4633 4633 4650 4400 4633 4633 4633 4633 4300 4633 4634 4633 4633 4633 5500 4633 4633
4633 4631 4633 4634 4633 4633 4633 4634 4633 5100 4634 4633 4633 4500 2400 4633 4633 4634 4633 4633 4633 4633 4633 4633 4620 4633 4650 4633 4633 4633 4633 4633 4632 6500 4620 4100
4633 4632 4634 4633 4634 4633 4635 4633 4633 4631 4633 4633 4633 4633 4633 4633 4633 4633 4633 4633 5600 4633 4633 4633 4633 4633 4633 4633 4633 4633 2600 4636 4620 4633 4100 4100
4633 4633 4634 4250 4500 2100 4634 4634 4634 4500 4500 4210 4632 4400 4633 4634 4632 4633 4632 2100 1100 2500 6100 4633 4633 4500 4633 4610 4633 4631 4633 4633 2400 4633 4633 4634
4633 4634 3100 4632 4632 4633 4634 4634 4633 4636 4633 4636 5100 4633 4633 4610 4100 4260 4633 4634 4633 4633 4633 4633 4633 4633 4633 4633 4631 4633 2100 4631 4633 4633 4633 4633
4633 4633 4620 4633 4633 4610 4660 5100 4633 4400 4400 4632 4634 4633 4633 4633 4500 4620 4632 4633 4633 4631 6100 4633 4400 4633 4633 4633 4634 4633 4633 4633 4633 4633 4633 1400
5100 2400 1100 4633 4633 4500 4633 4633 4632 4633 4633 4633 4634 4633 4633 4633 2600 4633 4633 4633 4633 4633 2400 4633 4633 4633 4633 4633 4633 4633 5100 4633 4633 4634 4633 4250
4633 4620 4633 4633 4634 4633 4633 4633 4633 4633 4633 4633 4633 4633 3100 2400 4633 4633 4633 4633 4633 6400 4633 4500 5100 4634 4633 4633 4620 4620 4634 4633 5500 4250 6100 4633
4633 4300 4620 4634 4633 4631 4633 4633 4100 4633 4633 4634 4633 4634 2100 3100 4400 4634 4633 4300 3300 4631 4633 4633 4633 1200 4633 4633 4633 4633 4633 4400 4633 4634 4634 4633
4633 4634 4640 4500 4620 4633 4620 5500 6500 4634 4631 5100 4633 4633 4632 4633 4634 4633 4633 4633 4633 4633 4633 4633 4633 4633 4635 5100 4633 4633 4633 4633 4633 4633 2600 2400
4633 4633 4633 4633 4633 2500 4633 4620 4633 4633 4633 4633 4633 4634 4633 4633 6200 4633 4633 4633 2100 4640 4633 4633 4633 4633 4633 4260 4633 3300 2500 5100 4633 4100 4634 4633
4640 4633 4633 4500 4635 4633 4632 4631 4633 4633 4634 6400 4633 4633 1500 4660 4633 4633 4633 5100 4633 4633 4633 3200 4633 4633 4650 4633 4633 2400 4633 4634 4633 4260 4640 4632
4633 4500 4633 4650 2400 4633 4633 4260 4633 4632 4633 3300 4633 4633 4633 4633 4633 4633 4633 4633 4633 4633 4633 4633 4633 4633 4633 4633 4100 4633 4633 4633 4633 4633 4633 4633
4633 4633 4633 4634 4633 4633 4640 2500 4400 4100 4634 4634 4633 4632 4633 4633 4634 4620 4640 4400 4633 4634 4633 4634 4633 4633 4620 4633 4633 4633 4633 4633 4633 4633 4633 4400
4633 4633 4633 4633 3300 4633 6200 4633 3100 4633 6500 4633 3100 4400 4634 4633 4633 6200 4633 4633 4634 4633 3200 4633 4633 4633 4633 4633 4633 4633 4633 4633 4633 4633 4633 6500
4633 4633 4620 4633 4634 4633 4631 4633 4620 4633 2500 4660 4634 4634 4634 2100 4500 4633 4633 4634 2400 4633 4633 4500 4633 4634 4633 4633 4400 4633 4633 4633 4633 4660 4633 4633
4633 4620 4634 1400 4634 4634 4633 4620 4633 4633 1400 2500 4631 5100 4633 4633 4633 4634 4240 4634 4632 4634 4634 4633 4633 4400 2400 4640 4633 4633 4633 4633 4500 4610 4633 4633
4633 4633 4633 4633 4634 4633 4633 4633 4633 4620 4634 4633 4633 4634 4633 4633 2600 2100 4633 4633 4500 4610 4634 4633 4633 4633 4633 4633 4633 4400 2600 4633 4633 4633 4633 4633
4633 4633 4633 4633 4400 4400 4633 4634 4660 2600 4633 4633 4633 4633 4633 6100 4633 4633 4633 4633 4633 4634 4633 4633 4660 4633 4633 4633 4633 4633 4633 4633 4633 4100 4634 4633
4633 4633 4640 4634 2100 4633 4633 4633 4633 4633 4633 4632 4634 4633 4400 4633 4400 4640 4633 5100 4633 4633 4633 4620 4633 4634 5500 4632 4633 4633 4633 4633 4634 4633 4633 4633
4633 4634 4633 4633 4633 4633 4633 3100 4633 4636 2500 4633 4633 4633 4633 4633 4633 4633 4633 4633 4632 4632 4633 4633 5100 4633 4634 2500 4633 4633 2500 2100 4632 4634 4640 4500
4633 4632 4631 4633 4634 4634 4260 4632 4634 4633 4634 4250 4634 4634 4610 4633 4634 4632 2500 4636 2600 4633 4633 4635 4633 4633 4660 4633 4633 4633 4633 4633 4633 4633 4100 4632
4633 2500 4500 2400 4640 4633 4633 2100 4250 4100 4500 4633 4636 4633 6200 4633 4500 3100 4634 4633 4633 4634 3200 4633 4633 4634 4633 4633 4633 4633 4633 4633 1100 4500 4633 4631
6500 4500 4636 4633 4633 4633 4633 4100 4633 4633 4633 4633 4633 4633 4633 4633 4633 4633 4633 4633 4633 4633 4633 4633 4633 4633 4633 4660 4633 4633 4633 4633 4633 4633 4633 4633
4633 4632 4634 4633 4300 4636 4620 4633 4633 4634 4633 4100 4636 4633 4633 4633 4633 4634 4633 4634 4633 4633 4633 4633 4100 4633 4633 2500 4500 4633 4633 4633 4633 4632 4620 4100
4633 5400 4633 4633 4633 4633 4634 4633 4633 4633 4633 4633 4636 4633 4633 4633 4633 4633 4634 4633 4633 4500 2400 4633 4633 4633 4633 4632 4633 4632 4634 4633 4400 4633 4633 4633
2600 4500 4634 4100 4633 4632 4620 4633 4633 4633 4633 4633 4633 4633 4633 4634 4500 1100 6100 4610 5100 4633 2100 4633 4634 4632 4633 4633 4634 4633 4400 4635 4633 4633 4633 4633
4633 4634 4633 4400 4633 4633 4633 4633 4633 4660 4633 4633 4633 2400 4633 4633 4633 4633 4633 4633 4100 4633 5500 4631 3100 4633 5100 4633 4633 4633 3200 2400 4633 4633 4650 4633
4633 4633 4631 4634 4633 4633 2100 2400 4640 4633 5100 4633 4633 4633 1200 4633 4633 4633 4633 4633 4633 4633 4633 4633 4632 4635 4633 2500 4633 4635 4633 4633 3400 6100 4633 4633
4633 4633 4100 4100 4634 4631 4633 5100 4633 4633 4633 4634 4633 4633 4633 4633 4633 4633 4633 4633 4633 4633 4633 4633 4633 4633 4633 4633 4633 4100 4633 4610 4633 4633 4660 4633
4633 4633 4634 4632 2400 4633 4633 4633 4633 4633 4633 4633 3100 4634 2500 4640 4633 4633 4660 4620 4633 4633 4633 6400 4633 4633 4634 4633 4633 4633 4633 4633 4633 4633 4633 4640
6100 4634 4633 4632 4633 4633 4400 4633 4633 2300 4633 4633 4633 4633 4620 4633 4633 4633 4633 4633 4633 4633 4633 4633 4633 4635 4633 4633 2500 4100 4633 4633 4633 4633 4633 4633
4633 4633 3100 4633 4633 4633 4633 4633 4633 4633 4634 4634 4633 4634 4633 4633 4633 4633 4633 4633 4633 4634 4640 4633 4633 4633 4500 4500 4633 4100 4633 4633 2400 4633 4633 4633
2100 5600 4633 4633 4633 4400 4633 4632 4633 4632 1100 4634 4633 4620 4633 4636 4640 4634 6100 4633 4633 4633 4634 4633 4633 4633 4633 4633 4633 4633 4633 4633 4634 4634 4633 4620
4633 4634 4633 4633 4634 4634 5500 4634 4620 4632 4500 4633 4633 4610 4633 4100 4633 4632 4632 4633 4633 2400 5100 4633 4633 4633 4633 4633 4633 4633 4633 4633 4633 4633 2100 1400
4632 4633 4633 4633 4633 4633 4633 4634 4633 4633 4633 4633 4633 4633 4634 4634 4650 4633 4634 4100 4650 4633 4633 4633 4633 4633 4633 4633 6100 4500 2100 2500 4640 4633 4634 4633
3100 4633 4633 4633 5100 4633 4634 2600 4633 4633 4633 4633 4633 4633 4633 4631 4633 6400 4633 4633 4633 3200 4633 4633 4633 4633 4633 4633 4633 4633 4633 4633 4633 4633 4633 4633
4633 4633 4620 4633 4620 4634 4633 4632 4650 4633 4633 4100 4634 1200 4633 4633 5400 4633 4633 4633 2500 2100 4633 2600 4633 4633 4633 2100 5100 4633 4633 4633 4634 4633 4650 4633
4633 4634 4634 5400 4631 4633 4634 4634 4634 4633 4634 4633 4620 4633 4100 4633 4633 4632 4633 6100 4633 4633 4633 4633 4633 4633 4633 4633 4633 4633 4633 4634 4633 4633 4634 4633
4633 4633 4633 4633 4500 4633 4633 4633 4633 4633 5600 4633 4633 4250 4620 4633 4633 4633 4100 4633 4633 4633 4634 4250 4633 4633 5600 4633 4633 4633 4500 4660 4633 4633 4633 4634
6100 4633 4633 4633 4633 4633 4500 4633 4633 4633 4633 4610 4500 4633 4633 4633 4633 4633 4633 5500 5400 2100 4500 4634 4620 4633 4633 4634 4633 4633 2600 4633 4633 4633 4633 4633
4633 4633 4633 4633 4633 2500 4500 4633 4633 4633 4634 4633 4633 4300 4633 2100 4500 4633 2500 2100 4633 4500 4633 4633 4633 4633 4634 4633 4634 4634 4100 4400 5100 3200 4633 4635
4633 4631 4633 4240 4633 4633 4633 4633 4633 4633 4634 1100 4634 4631 4633 4632 4400 4633 4633 4633 4633 4634 4660 4633 4633 4660 4633 3400 4400 4633 4660 4633 4634 4633 4633 4633
4633 4634 1100 4634 4633 4634 4634 4633 4636 4633 4634 4634 4400 4633 2500 4633 4633 4633 4633 4633 4633 4633 4633 4633 4633 4633 4633 4633 4633 4633 3200 4633 4100 4633 4620 4500
4633 4100 4650 4634 4633 4634 6400 4633 4634 5100 4633 4633 4635 4500 4633 4635 4633 4633 4633 4633 4633 4633 4640 4633 4633 4633 4633 4633 4633 4620 4632 4634 4633 4620 4610 4634
4633 4633 4633 4634 4633 4633 4620 4632 4633 4300 1400 4633 4635 4620 5100 4633 4633 4633 4633 4633 4633 4633 4633 4633 4500 4633 4633 4633 4633 4633 4633 4633 4633 4633 4634 4633
4633 4633 1100 4634 4633 5500 2400 4633 4633 4633 4633 4633 4633 2500 4633 2100 4633 6100 4633 4633 4633 4633 5500 4633 4633 4633 4633 4633 4633 4300 5100 4633 4633 4400 4634 1200
4633 4631 4633 2600 4633 4633 4633 4633 4633 4633 4633 4633 4633 4635 2400 4633 4633 4400 4633 4633 4633 4633 4633 4633 4633 4500 4633 4633 4636 4633 4100 4633 4634 4400 4500 4400
4633 4240 1200 4633 4633 4633 4633 4633 4633 4633 4633 4633 4100 4633 4633 1200 4633 4633 4632 5400 4640 4633 4634 4633 4633 4633 4633 4633 4633 4500 4633 4633 4634 4633 4633 4633
4633 4633 4634 4634 4634 4633 4400 4633 4632 2400 1600 4633 4633 4100 4633 4633 4633 4633 4633 4660 4633 4633 4633 4634 4633 4633 4633 4633 4633 4633 4633 4633 4632 4634 4633 4633
4500 2400 4633 4633 4633 4400 4633 4633 4633 4633 5500 4633 4633 4633 4634 4100 4633 4634 4633 4633 4633 4633 4620 4260 4633 4610 2600 4633 1100 4633 4620 4633 6400 4634 4633 4633
4633 4633 4633 4100 4633 4633 4633 4633 4633 4633 4633 4632 4634 4632 4633 4632 4620 4633 2500 4640 4500 4631 4633 4620 4633 4633 4633 4632 4633 4633 4620 4633 4631 4633 4633 4633
4633 4633 4633 4633 4610 4634 4633 4633 4633 4633 2500 4633 4633 4633 2600 4633 4633 4500 4633 4633 4100 4640 4633 3300 4633 3100 2100 4500 4633 4633 4633 4633 4633 2600 2400 4633
4633 4633 4634 4633 4633 4633 4633 4633 4633 4633 4633 4633 4633 4633 2100 4633 5500 4633 4633 4633 4400 4634 4100 2400 4633 4633 4400 2400 4633 4633 4633 4633 4633 4633 4400 2100
4633 4633 4633 5385 4500 2600 4500 4634 4633 4633 4633 4633 4633 4633 4633 4633 4633 5500 4240 4633 4633 4633 4633 4633 4633 4633 4634 4633 4636 4636 4633 4633 4634 4634 4633 4633
4633 5500 4633 4633 4633 4633 4633 4634 5100 4620 4260 4634 4633 4634 4633 4633 4633 4633 4633 4636 4633 4100 4633 4633 4640 4634 3100 4634 3100 2100 4633 4633 4634 4633 4633 4633
4634 4633 4633 4632 6100 4633 4633 4633 4633 4100 4633 4633 4633 3100 4100 4633 4633 4633 2500 4500 4610 4633 4633 4633 4633 4633 4633 4633 4633 4633 4633 3100 4633 4633 4633 5100
6100 4633 6300 2346 4633 4633 4633 4633 4633 4633 4633 4633 4633 4634 6200 4633 4633 4633 4633 4633 4633 4400 4300 2400 4634 4633 4633 4633 4100 4633 4634 4633 4633 4633 4633 4633
4633 4633 4650 4633 4633 4633 4636 4633 4633 4633 4633 4633 4633 4633 4400 4500 4633 4633 4633 4633 4632 4633 4634 4633 4610 4633 4633 4100 4632 4633 4633 4633 4660 4633 4633 4633
4633 4634 4632 4634 4400 4634 4620 1200 4640 4500 4633 2600 4633 4633 4633 4633 4634 4633 4500 4633 4633 4633 4633 4633 4633 4633 4633 4633 4633 4633 4634 4633 4633 4633 4633 4633
4633 6100 4633 4633 4633 4633 4100 4633 4633 4633 4633 4640 4633 4633 4633 4100 4633 4633 4634 4633 4400 4500 4633 4633 4100 4633 4633 4633 4634 4633 4633 4633 4300 4632 2500 4100
4633 4633 4633 4633 4633 4633 4633 4633 4633 4300 4633 4633 4633 4633 4620 4633 4400 4220 4633 4500 4633 4633 4633 4660 4633 4620 4634 4633 4633 4633 4640 4633 4633 4633 4633 4633
4633 4633 4633 4634 5300 4633 4633 4634 4620 4620 4634 4620 4634 4633 4620 4634 4634 5100 4633 4620 4634 4633 4634 4632 2100 4634 4632 4632 4633 4633 4500 1400 4633 4634 4633 4634
4633 4632 4633 4610 4633 4633 4633 4633 2400 4633 4633 4633 4633 4633 4633 4633 4633 4636 4632 4633 4632 4633 4640 4633 4633 4633 4634 4500 4633 4633 1100 4634 4634 4633 4634 4260
4633 4633 4633 4260 4631 4633 4633 4633 4633 4633 4633 4633 4633 4633 4633 4633 4633 4633 4633 4633 4633 4633 4633 4633 4633 4633 4633 4633 4633 2400 4500 4500 4633 4633 4633 4633
4500 4610 6500 4633 4633 4633 4633 4633 4500 4634 4260 4633 4635 4633 4633 4500 2100 2600 4632 4633 4633 4660 4633 4633 4635 4633 4100 4100 4633 4633 4633 4633 4633 4633 4633 4633
4633 4633 4634 4634 4634 4633 4634 5100 4633 4633 4660 4633 4633 4100 4633 4633 4633 4633 5600 4633 4631 4634 4400 4400 5500 4634 4634 4633 4633 4633 4100 6500 4620 4632 4631 4633
4633 4633 4633 2600 4633 4633 2400 4632 4633 4633 4633 4633 4633 4633 4633 4633 4633 4633 4633 4633 4633 4620 4633 4660 3200 4633 4633 4633 4633 4633 4633 4633 4633 4633 2500 4633
4633 4634 4632 4633 5100 4500 4633 4633 4633 4500 4636 4633 4633 4633 4650 4633 4634 4640 4633 4633 4633 4633 4633 4633 4633 4633 4633 4620 4634 2100 4633 4640 6400 4635 5100 4633
4633 3100 4636 4636 4633 4633 4633 4633 4633 3100 4500 4632 4633 4633 4633 4633 4100 4634 4633 4634 4633 4640 4633 4634 5600 4633 4633 4633 4633 4633 4100 4633 4633 4633 4633 4633
4500 4633 4633 4634 4633 4633 4633 4100 4633 4260 4620 4634 4633 4633 4633 4633 4633 4634 5100 4633 4660 4633 2500 2100 4633 4633 4633 4633 4633 4633 4100 4633 4633 4610 4633 4632
4633 3100 4400 4633 4660 4633 4400 4633 4633 4633 4635 4100 4633 4634 4400 4500 4500 4633 4633 4633 4660 4633 5500 4633 4100 4633 4620 4633 2100 4633 4260 4633 4633 4634 4620 2500
2600 2600 4633 4633 4633 4640 4636 4632 4633 4633 4634 4633 4650 1400 4500 4633 4660 4633 4633 4633 5100 4633 4632 4633 4633 4633 4633 4633 4633 4634 2100 4660 4633 4633 4634 4633
4633 4633 5100 2400 4633 4633 4633 5600 4633 4633 4633 4633 4633 4610 4634 5500 4633 4633 4633 4633 4633 4633 4633 4633 5500 4634 4633 4633 4633 4633 4633 4633 4633 4632 6600 4610
4633 4100 4634 4634 4634 4632 4634 4633 4100 4633 4620 5400 4633 4633 4633 4400 4610 4633 4633 4633 4633 4633 4633 4633 4632 4633 4634 4633 4634 5100 4633 4633 4633 4633 1400 4633
4633 4633 4500 4634 4636 4636 4633 4632 1100 4635 1100 4633 4633 4634 4634 4634 4636 4610 4633 4633 4634 4633 4230 4633 5100 4633 2100 4400 4633 4634 4260 2500 2500 4400 4631 2400
4633 4240 2100 6100 4634 4400 4610 4633 4610 4633 2500 4635 4633 4633 4633 4633 4633 4633 2400 4633 4633 2600 4633 4633 4633 4633 4633 4633 4633 4633 4633 5600 4634 4633 4634 4633
4633 4633 4632 4634 4633 4632 5500 4633 4634 4633 4610 4633 4620 4640 4633 4633 4633 6100 4633 4633 4634 4633 4633 4633 4633 4633 4633 4633 4633 4633 2600 4400 4633 2100 4633 4633
4633 4633 4631 4633 4633 4400 4660 4633 4633 4633 4636 4633 4633 4633 4100 4633 4632 4634 4631 4633 4633 4610 4631 4633 4633 4633 4633 4633 4633 4250 2100 5600 4633 4633 4100 4633
4633 4633 4633 4633 4634 4633 4632 4633 4620 4400 4633 4640 4633 4633 4100 4633 4500 4633 4633 4634 4620 4633 6100 4632 4633 4633 4634 4633 4633 2600 4633 4633 4633 4633 4633 4633
4633 4633 4634 2100 4633 4100 4100 4633 4633 4633 4633 4633 4633 4633 4633 4633 4633 4633 4633 4633 2600 4633 4633 4633 4633 4300 4632 4620 4633 4210 4400 4400 4620 4632 4633 4633
4633 4633 4633 4633 4634 4633 4633 4400 4633 4633 4633 4633 4632 4633 4633 4633 4634 4640 4633 4633 4634 4633 4633 4633 4633 4633 4633 4633 4400 4633 4633 2600 4633 4633 4633 4633
4632 4633 4633 4633 4633 4633 4633 4633 4633 4633 4634 4633 4633 4632 4620 4500 4634 4633 4620 4631 3100 4640 5100 4400 6200 4633 4633 4633 3200 4633 4633 6500 4634 4632 2100 4633
4633 4633 4633 4633 4633 4633 5100 4633 4633 4633 2400 4633 4634 4633 3100 4634 4633 4633 4633 4633 3300 4633 4633 4100 4633 4633 6600 4620 2500 2100 4634 4400 4631 5500 1400 4633
4633 4633 4633 4633 4633 4633 4633 4633 4633 4633 4633 4633 4633 4633 4633 4633 4633 4633 4633 4633 4634 4633 4633 4633 4633 4633 4633 4633 4100 4633 4634 4633 4633 4400 4633 3100
4633 4631 4634 4633 5600 4640 4633 4620 4634 4633 4633 4633 5100 4633 4633 4634 4633 4633 4633 4633 5100 4633 4633 4633 4633 1200 6500 4633 4634 4633 4632 4620 4400 4633 4633 4633
4633 4633 4634 4100 4633 4633 4636 2600 4633 4634 4633 4633 3200 4660 4633 4634 4633 4620 4634 4634 1100 4100 4634 4634 4640 4633 4633 4633 4620 5500 4634 4633 4633 4634 4400 4632
4633 4633 4634 4633 4633 4300 4240 4633 4633 4633 4634 4633 4633 4633 5400 4633 4633 4633 4633 4633 4633 4633 4632 4634 4500 4633 4633 4400 4633 4634 2100 4633 4633 4633 3100 4633
4633 4633 4633 4633 2500 4633 4634 4260 4633 4633 2600 4633 4633 4633 4633 4632 4634 4500 4633 4633 4633 4633 4633 4633 4633 4633 4633 4633 4633 2400 4400 4633 4633 3100 4633 4633
4633 4633 4633 4633 4633 4633 5100 4633 4636 4633 4633 4633 4620 4400 4636 4633 4634 4633 4633 4633 4633 4633 5100 4633 4633 4633 4633 4633 4633 4633 4633 2500 4633 4633 4633 4633
4633 4633 4634 4633 5600 4633 4633 4633 4633 4633 4500 4633 4633 4633 4633 4633 4633 4633 4634 4633 4633 4633 4633 4633 4633 4633 4633 4633 4633 4633 4633 4633 4633 4633 4633 4633
3100 4633 4633 4633 4634 4632 4634 4633 4633 4633 4634 4633 4633 4634 4660 4633 4633 4633 3100 2100 4633 4633 4633 4633 4633 4635 4633 4633 2500 4633 4660 4633 4633 4634 4633 4633
4633 4633 3300 5400 4633 4633 4633 4620 4633 4634 4633 4633 2100 4633 4633 4633 4631 4633 4633 4633 4633 4633 4633 4633 4660 4633 4633 4633 4634 3100 4633 4633 4633 2400 4500 4633
4633 4633 6500 4633 4634 4634 4620 4632 4400 4633 2400 4633 4634 4633 4633 4633 5500 4500 4633 4633 4633 4633 6500 4610 4620 4634 4633 4400 4633 4633 4620 4634 4633 4620 4260 4632
4633 4635 4633 4633 4633 4633 4633 4634 4400 2500 4620 4634 4250 4634 2300 4633 4634 4634 4620 1200 4633 4633 4633 4633 4633 3100 4633 4633 4633 4633 4633 4633 4634 4633 4633 4633
4633 4633 4633 4633 4632 4633 4633 4633 4633 4633 4632 4633 4631 4631 4634 4633 4100 4633 4633 4633 4500 4633 4633 4633 2100 4633 2100 4636 4633 4633 4100 4633 4631 4633 4633 2600
4633 4633 4240 4500 4636 4610 4633 4633 4633 4633 4633 4633 4633 4633 4610 4633 4633 4633 4634 4633 4633 4633 4633 4633 4660 4633 4633 4633 4633 4633 4633 4100 4633 4633 4620 4633
4633 4633 4500 4634 4633 4620 4633 4500 4634 4633 4632 4100 4634 4632 4634 4640 4633 4634 4633 4634 4240 4660 4631 4610 4633 2400 4633 4633 4633 4633 4633 4632 4633 4636 4633 4633
4633 4633 4400 4610 4634 4633 4633 4636 4260 4634 4100 4633 4633 4633 4631 2100 4633 4634 4500 4633 4260 4633 4610 4633 3100 2100 4633 4633 4633 4633 4633 4633 4633 4633 4633 4633
4631 4640 4500 3100 4633 4633 4633 4633 4633 4633 4633 4633 4633 4633 4633 4633 4633 3100 2100 4633 4633 4633 4633 5500 4633 4633 4635 4633 4633 4633 4633 4633 4633 4633 4633 4633
4633 1400 4640 5100 4633 4633 4633 4633 4633 4631 4610 4100 4633 4633 4631 4633 4632 4633 4640 4640 4633 4633 5500 4633 4633 4633 4633 4633 4633 4633 4633 4633 4634 4633 4633 4633
4633 4634 4633 2400 4633 4633 4633 4100 4633 4632 4500 4633 4632 4632 5100 4633 4633 4633 4633 4633 4633 4633 4633 4633 4633 4633 4633 4633 4633 4400 4631 4633 4633 4633 4636 4634
4633 4633 4634 6100 4634 4634 4260 4631 5100 4634 4633 4633 4634 4633 4633 4633 4633 5500 4633 4633 4633 4633 4633 4634 4240 4633 4633 4620 4633 4633 4633 4633 5500 4636 4632 4500
4633 4620 6100 4633 4100 4633 4633 4633 4633 3100 2500 4250 4633 4633 4633 4633 4100 4633 4100 4633 5100 4633 4633 6100 4633 4400 4650 4633 4633 4633 4633 4100 4633 4633 4633 4632
4500 4633 4633 4634 5100 4633 4633 4633 4633 4633 4633 4633 4633 4633 4633 3200 5100 4633 4633 4633 4633 4633 4633 4633 4634 4620 4633 4633 4634 4633 4633 4633 4633 4633 4634 4633
4640 4633 4633 4633 4620 4620 4634 4633 4633 4634 4633 4620 4400 4633 4634 4660 4633 4632 4400 4632 4634 4400 4500 4633 4632 4631 4633 4633 3300 4633 4620 4632 4633 4633 4260 4634
4500 4633 4633 4633 4633 4634 4633 4633 4633 4100 4632 1100 4634 6400 4633 4633 4633 4100 4634 4633 4633 4633 2600 4633 4633 4633 4634 4260 4633 4633 4633 4633 4633 4100 4633 4100
4633 4633 4634 4632 4634 4634 4633 4634 4100 4634 4633 4633 4633 4633 4633 4633 4100 4634 4633 4634 4631 4633 4633 4500 4636 4633 4632 4633 4633 4633 4633 4660 4633 4100 4633 4633
5100 4634 4633 4634 4634 4633 4632 4633 4633 4633 4633 4633 4633 4633 4633 4634 4633 4633 4633 4631 4400 2100 4633 2400 4633 4633 4633 4633 4633 4636 4633 4633 4633 4633 4633 2500
4633 4633 6500 4633 4633 4634 5500 4636 4633 4633 4633 4640 4650 4633 4400 4633 4633 4633 4633 4633 4633 4633 4633 4633 4633 4400 4633 4633 4633 4633 4620 4633 4634 4500 4633 4632
4633 4633 4633 1100 4633 4631 4260 4400 4633 1100 4632 4660 4633 4632 4633 4633 2100 4634 4633 4634 4620 4634 4633 1300 4631 2100 4633 4634 4633 4633 4640 4610 4631 4633 4633 3100
4633 4500 4633 4633 4634 4633 4100 4633 4633 4400 4633 4633 4620 4633 4633 4633 4100 4633 4633 4634 4634 4633 4633 4660 4633 1600 4633 5100 4632 5500 4633 4633 4633 4500 4633 4633
4633 4633 4633 4633 4633 4633 4633 4633 4260 4633 4633 4633 4633 4633 4634 4633 4633 4633 4400 4633 4633 4633 4633 4633 4633 4633 4633 5100 4633 4633 4633 4100 4633 4633 4400 4400
4633 4633 4633 4633 4633 4633 4500 4633 4500 4400 2100 4633 4620 4633 4634 4634 4634 4634 2500 4632 4633 4633 4210 3200 4633 4633 4633 4620 4100 4633 4634 2100 5100 4633 4633 4633
4633 4631 4633 4640 4634 4620 4633 4100 4100 4633 4634 4633 4500 4632 4633 4633 4400 4632 4634 4633 4634 4633 4260 4500 4100 4634 4100 4633 4633 4634 4633 4633 4620 4650 3100 4636
4633 4633 4633 4633 4400 4640 4640 4633 4633 4660 4633 4633 4633 4634 4633 4633 4100 4400 4500 4633 4633 4633 4260 4500 4633 4650 4634 2400 4633 4633 4634 4635 4500 4633 4633 4633
4300 4633 4633 4633 4633 4633 4633 4633 4633 4633 4633 4633 4633 4633 4633 4633 4633 4633 4500 4633 2500 4633 4633 4633 4633 2600 4633 4633 4633 4633 2400 5500 4633 4633 4633 4632
5500 4633 4633 4633 4633 4633 4633 4633 4634 4620 4631 4631 4636 4633 4633 4633 4620 4631 4633 4634 4633 4100 4620 1100 4634 4633 4633 4633 4633 4633 4634 4632 4620 4620 4633 4633
4633 4633 4633 4633 4660 2500 4633 4633 4632 4633 4633 4633 4633 4633 4633 4633 4633 4633 4633 4633 4633 4640 4633 4633 4636 4500 4633 5100 4633 4620 4633 4250 4633 5100 4633 4632
4633 3100 4633 6200 4633 4633 4400 4633 4633 4610 4633 4633 4633 4633 4633 4633 4633 4634 4633 4633 4633 4633 4633 4633 4633 4633 4633 4634 4633 4500 4633 4640 4633 4633 4633 4633
4633 4620 4640 2400 4633 4633 4633 4633 4633 2600 4640 4500 4633 4635 4633 4633 4634 4500 2400 4633 4640 4400 4633 2200 4633 4632 4634 4634 4620 4633 4632 5100 4633 4500 4633 4634
4633 4631 4634 3200 4632 4634 4633 4634 2400 4400 4633 4633 4633 4633 4633 4634 4634 4633 4633 4500 4633 4633 2100 4640 4633 3100 4633 4633 4633 4633 4633 4633 4633 4633 4633 6500
4633 4634 4633 4500 4634 4633 4633 4633 4633 4633 4633 4636 4500 5100 4633 4260 4633 4634 4633 4633 4633 4633 4633 4633 4633 4633 4632 4633 4633 5100 4633 4633 2600 2400 4633 4633
4633 4632 4634 4632 2100 4620 4100 4650 4632 4620 4250 4640 4633 4260 4260 4500 4633 4400 4650 4633 2400 5500 4660 4633 4633 4633 4633 4633 4632 4633 4633 4634 4633 4633 4633 4640
4633 4632 4631 6400 4633 4633 4633 5500 4633 4633 4620 4633 4300 4633 4633 4633 4634 4633 4633 4633 4633 4633 4633 4633 4633 4633 4633 4633 4633 4660 4633 4633 4633 4634 4633 4633
4633 4250 3200 4633 4633 4634 4633 4633 4633 4633 4633 4635 4633 4633 4633 4633 4633 4100 4633 4633 4633 4633 4633 4633 5500 4640 4633 4633 2500 4633 4635 4633 4633 4634 4633 4633
4633 3300 5100 4633 4633 4633 4633 4610 4633 4633 4634 4633 4633 4633 4633 4633 4633 4500 4633 4633 4633 5100 4634 4634 4634 4633 4260 4633 5100 4633 4660 4633 4633 4633 4632 4633
4633 4633 4400 4610 4633 4633 4633 4633 4633 4633 4633 4633 5500 4610 4620 4633 4632 4634 4632 4610 4632 4633 4650 4632 4634 4634 4633 4633 4633 4633 4633 4634 4633 4633 4633 4640
4633 4634 4620 4633 4633 4634 4634 4633 4634 4610 4634 4633 4633 4633 4633 4633 4633 4633 4633 4633 4633 4633 4250 4633 4633 4633 4633 4633 4633 4634 4633 4633 4633 4633 4640 4634
4633 4633 4633 4660 4633 4634 6600 2500 4634 2100 4100 6200 3200 4633 4633 4633 4633 4633 4633 4633 5100 4633 4660 4633 4633 4633 1100 4633 4500 4633 4632 4620 4633 4635 4633 4633
4633 4634 4634 4633 4634 4100 4632 4634 4240 5100 4634 5100 4633 6100 4633 4500 4633 4634 4633 4500 4633 4633 4633 4633 4633 4633 4633 4633 3100 4633 4633 4633 4633 4633 4633 4633
4633 4633 4633 4633 2400 4634 4635 4633 4634 4633 4633 4633 4634 4633 2500 4500 4633 4633 4633 4633 4633 4633 4633 4633 4633 4633 4633 4633 4633 4633 4633 4633 4633 4400 4633 4633
3100 4632 4633 4634 4250 4633 4633 4633 4634 4633 4633 4100 4633 4633 4633 4633 4250 4633 4633 4633 4633 4633 4633 4633 4633 4500 2100 5600 4633 4635 4633 4633 4620 4100 4633 4633
4633 4633 4634 4633 4260 4634 4634 4631 4632 4620 4400 3100 4633 4633 4240 4633 4631 4634 4633 4633 4634 4633 4633 4633 4633 4633 4633 4633 4633 4633 4633 4633 2400 4632 4633 4633
4633 4633 4633 4633 4633 4100 4633 4633 4633 4633 4400 4610 4633 4633 4633 4633 4634 4633 4633 3100 4640 4633 4633 4634 4633 4636 4633 4633 4633 4634 4633 4633 4633 4100 4633 4633
4633 4633 4633 4633 4633 4500 4260 4633 4620 4633 4500 4633 4633 4633 4620 4500 4633 4634 4633 4633 2100 4500 4500 4633 4500 1100 4250 4633 4633 4632 4610 4633 3400 4633 4633 4633
4640 4634 4633 4633 4633 4633 4633 4633 4634 4633 4633 4633 4633 4633 4633 4633 2100 4640 4633 4633 4633 4633 4633 3100 4633 4633 4633 4633 2100 4633 4633 4633 4500 4633 4633 4633
4633 4620 4634 4634 4634 4620 4631 4633 4634 4633 4634 2400 4634 4633 4633 4633 4633 4300 4633 4634 4634 4620 4632 4633 4100 4633 4633 5500 5100 4633 2500 4633 4633 4633 4633 4633
4660 4634 4633 4633 4633 4640 4633 4633 2600 2100 4260 4633 4633 4633 4633 2100 4400 4620 4634 4633 4632 2500 3300 4633 4634 4633 5200 4632 4633 4400 4610 4632 2600 4634 3100 4633
4633 2600 4633 4633 1100 5600 4633 4500 2500 4400 4610 3100 2100 4634 2400 4633 4633 4632 4620 6100 4632 4633 4632 4633 4633 4633 4633 4636 4633 4633 4633 4230 4633 4633 2100 4633
4610 4620 3100 4620 4633 4634 1600 4240 5300 4633 4633 4633 4633 4633 4620 6500 4633 4633 4633 4633 4100 4633 4633 5500 4633 4633 4633 4633 4633 4100 4633 4633 4634 3200 4100 4633
4633 4620 4260 4633 4634 4610 4633 4100 4634 2500 4633 4610 4633 4633 4650 4634 2500 4400 4633 4632 4633 4634 4634 4633 4620 4632 4633 4634 4633 4631 4633 4634 4632 4633 4632 4634
4633 4633 4634 4633 4633 4632 2400 4634 4633 4633 4633 4633 4633 4633 4633 4633 4633 2600 4633 4633 4633 4633 4634 4633 2400 4633 4400 4633 4633 4633 4500 4633 4633 4633 4633 2400
4633 4633 4633 4633 4633 4633 4620 4633 4634 4633 4633 3100 4633 4633 4633 4100 4633 4635 4633 4633 4636 4632 4250 4633 4633 4633 4633 4640 3200 4633 4633 4633 4633 4634 4633 4633
4633 4633 4500 4633 4660 4633 4633 4633 1400 4633 4633 4633 4633 4633 4633 4633 4633 4632 4633 6400 4633 2600 2400 4633 4633 4632 4634 4633 4633 4633 4633 4300 4633 4633 4633 4633
4633 4633 4634 4633 4634 4634 4634 4633 5500 4633 4660 4633 4633 4633 4633 4633 4633 4633 5100 4633 3100 5100 4633 4633 4633 4400 4636 4240 4610 4633 4633 4633 4633 4632 4633 4620
4633 4633 2400 4633 4633 4633 4633 4633 4633 4633 4634 4634 4260 4640 4636 4634 4633 4633 4636 4633 4634 4636 4633 4633 4633 4633 4632 4633 4633 2400 2400 4633 4633 4633 4633 4633
4633 3100 4640 4633 4633 4633 4633 4633 4634 4633 4633 5100 4633 4633 4633 4620 4632 4633 4633 1100 4634 4633 4250 4633 2200 4633 4633 4633 4633 4633 4631 4633 4633 4633 4633 2100
4633 4633 4633 4500 4633 4633 4633 4633 4634 4633 4633 4400 5100 4633 4633 4620 4636 4633 4633 4633 4633 4633 4633 4633 4633 4633 4633 4633 4633 4500 2600 2400 4633 4633 4633 4633
4633 4620 4635 4635 3100 4633 4633 4633 4633 4633 4633 4633 5100 4633 3200 4633 4633 4633 4633 4633 4633 4633 4633 4100 4633 4634 5600 4633 4633 3100 2300 4633 4633 4633 4620 4633
4633 2400 4500 2600 4633 4633 4633 4633 4633 4633 4635 4634 4500 2500 2400 4633 4633 4633 4633 4633 4633 4633 5500 4633 4633 4633 4633 3200 4633 4633 4633 4633 4660 4633 4633 4633
4633 4640 4633 4633 4633 4632 4633 4634 4610 4610 4633 4633 2400 4633 4633 4633 4634 4634 4633 4633 4620 4633 4500 4400 4610 4633 4633 4633 4633 4633 4100 4633 4633 4633 4634 2600
4633 4634 4634 4633 4633 4633 4633 4633 4633 4633 4500 5100 4633 4633 4633 4100 4633 4631 4633 4500 4633 4633 4633 4634 4633 4633 4633 4633 4633 4633 4633 4631 4633 4633 5500 4633
4633 4633 4633 4633 4633 4400 4633 4633 4633 4633 4633 4640 4633 4633 4633 4633 4635 4634 4633 4633 4633 4633 4633 4633 4633 4650 2500 4633 4632 4636 4633 4633 4633 2100 2400 4633
4633 4100 4633 4632 4633 4633 6600 4610 4633 4633 4230 4633 4633 4633 4633 4634 4633 4610 4633 4633 4633 4610 4632 4633 4632 4633 4633 4633 4633 4633 4500 4633 4633 4633 4660 4633
4633 4633 4633 4633 5500 4633 4633 4633 4633 4633 4634 2100 4633 4634 4100 4633 4633 6500 4633 4633 4633 4635 4400 4633 4633 3100 4640 4500 4633 4632 4634 4633 2400 4633 4633 4633
4633 4634 4634 4640 4633 4633 4634 4210 4633 4633 4633 4500 4650 2300 4633 4633 4633 4634 4633 4500 4634 4500 2400 4633 4633 4633 4633 4633 4633 4633 4633 4632 4633 4633 4633 4634
4633 4100 4633 4631 4633 4633 4633 4634 4635 4633 4633 4633 4633 4632 4633 4633 4620 4633 4660 4633 4633 4633 4633 4634 4633 4633 4633 4633 4633 4633 4250 4633 4633 4633 4633 4633
4633 4633 4633 4633 4633 4633 4633 4633 4633 4633 4633 4633 2100 4633 4633 4633 4400 4610 4633 4633 4633 4633 4633 4633 4633 5100 4633 4633 4633 4634 4633 4633 4634 4633 4633 4610
4633 4633 4634 4634 2400 4634 4634 4633 2500 4610 4634 4633 4634 4620 4634 4633 4633 4633 4634 4100 4500 4633 1300 4633 4633 4633 4633 4633 5500 4634 4633 4633 4633 4633 4633 4500
4633 4633 4633 4632 4631 4633 1100 4633 5500 4636 4633 4634 4633 4620 4633 4633 4633 4635 4633 4633 4500 4633 4633 4635 4633 4633 4633 4633 2400 4500 4633 4633 4633 4633 4633 4633
4633 4631 4634 2100 4633 4634 4240 4633 4634 4634 4633 4633 4632 4631 5100 2400 4634 4633 4632 4620 4634 4634 4620 4634 4634 4100 4633 2600 4633 4633 4633 4633 4650 4633 2600 4633
4633 4633 4620 4640 4633 4634 4634 4632 4634 4633 4633 4633 4633 4634 4633 4633 4634 4633 4633 4633 2500 5100 4633 4633 4620 4500 4500 4633 5100 4633 4633 4633 4633 4634 6400 2600
4633 4633 4633 4633 1200 4633 4633 4633 4633 4250 4633 4620 4633 4634 4633 4633 4633 4633 4633 4633 4633 4633 4633 4610 4635 2100 4250 4634 4633 4633 4634 4634 4634 4500 4400 2300
4633 4633 4300 2100 4636 4634 4633 4633 4633 4633 4634 4634 4633 4633 4633 3300 4633 5500 4633 4633 4634 4633 4500 2500 6100 4640 2100 4634 4100 4633 4633 5100 4633 4633 2400 4633
4633 4633 4633 4100 4633 5400 4633 4633 4633 4640 5100 4633 4633 4633 4633 4633 4636 4633 4633 4633 4633 4632 4633 4633 3100 4633 4633 4633 4633 4633 4633 4633 4500 4634 4633 4633
4633 1300 4633 4633 4640 4632 4632 4633 4633 4633 4633 4633 2400 2600 4633 6100 4633 4633 4633 4640 4633 4633 4633 4620 4631 4100 4633 4633 4633 4633 4633 4620 4620 4633 4633 4633
4633 4640 4633 4633 4634 5400 4633 4633 4260 4100 4633 4633 4633 4633 4633 4633 4633 4633 4633 4633 5500 4633 4633 4400 4633 4633 4633 4634 4633 4620 4633 4633 4100 4633 4633 4633
5500 4633 4633 4633 4633 4633 4633 4633 4633 4633 4633 4633 4400 4633 4620 4633 4632 4610 4633 4633 4500 4300 4633 4650 4634 2500 2100 4634 4633 4633 4633 4633 4633 4634 4633 4620
4633 4632 4260 4610 4633 5100 4633 4633 4633 4500 4633 4633 4633 4633 4634 4633 4633 4633 4633 4633 4634 4500 4634 4633 4633 4633 4633 4633 4620 4633 4633 4633 4633 4633 4633 4633
4633 4633 5100 4633 4633 4633 6300 2600 2600 4610 4633 4633 4633 4100 4633 4633 4633 4633 4633 4633 4633 4633 4633 4100 4633 4633 4633 4633 4633 4633 4633 4633 4633 4633 4633 4633
4633 4633 4633 4634 4633 1200 4633 4633 4634 4634 4634 4633 4620 4631 4633 4634 4634 4250 4632 4634 4633 4634 5500 3200 4633 4633 4633 4633 4633 4633 4633 4633 2400 4633 4633 4633
4633 4633 4500 4610 4633 4633 4633 2400 4633 4633 4633 4633 5100 4633 3100 4634 2400 4633 4633 4633 5100 4633 4634 4640 4633 4633 4633 4633 4100 5100 4633 4100 4633 4633 4633 4632
4633 4633 2600 4620 6600 4634 4635 4633 4633 4633 4633 4634 4100 4633 4633 4633 4633 4632 4633 4632 4631 4620 5500 4660 1100 4633 4636 4633 4634 4633 4260 4636 2500 1500 4400 4634
4633 4633 4634 4632 4631 4650 4631 4633 4634 4634 4632 4633 4634 4633 4634 4633 4631 4620 4620 4633 4634 2400 5100 4633 4633 4633 4634 4633 4634 4633 4633 4633 4640 4633 4633 4633
4633 4633 4650 4633 4620 4633 4650 4633 4633 4633 4633 4634 4633 4633 4620 4633 4633 4633 4633 4634 2500 4633 4633 4633 4633 4633 4636 4633 4633 5100 4634 4620 4620 4631 1400 4633
4635 4633 4633 4633 4633 4300 4633 4633 4632 4633 4633 4633 4633 4633 4633 4633 4500 2600 3200 4633 4633 4633 4634 4633 4633 4633 4633 4632 4633 4633 4633 4633 4633 4634 4633 4633
4633 4633 4633 4633 4620 4633 4633 4633 4633 4633 4633 4633 4633 4633 4633 4633 4650 4633 4633 4650 4634 4633 4633 4633 4633 4633 4633 4633 4634 4633 2100 4633 4633 4633 4633 4633
4633 4633 4633 4640 4220 4633 4633 4634 4500 4260 4633 4633 4633 4633 4633 4633 4633 4633 4633 5200 4633 4632 4230 4633 4633 4633 4633 4633 4633 2600 4633 4633 4633 4620 4636 4500
4633 4100 4634 4634 4634 2100 2500 4633 4620 2100 1100 4634 4633 4620 4634 4634 4633 4640 4634 4100 4610 4633 4100 4634 4633 4633 4633 4633 4100 4636 4634 4636 4500 4633 4633 4634
4632 4260 1100 4620 4634 4633 4500 4634 4634 4500 5200 4620 4633 1200 4633 4633 3100 4633 4100 4633 4631 4634 4633 4633 4633 4633 4620 4634 4632 4634 4633 4633 4633 4100 4620 4634
4633 6500 4633 4633 4610 4633 4633 5500 4650 2400 4633 1500 4660 4660 5500 4633 4633 5100 4633 4633 4633 4633 4633 6500 4633 2500 4636 4633 4633 4634 4632 3100 4633 4634 4610 4633
4500 4633 4633 4633 4633 4633 4633 4633 2600 4633 4633 4620 4633 4500 4620 4631 4634 4634 4633 4633 4634 2600 4633 4260 2100 4633 4633 2400 4633 4633 4500 4633 4633 4400 4633 4633
4633 4633 4500 4634 4633 4634 4500 5300 5100 4632 4634 4230 4634 4633 2100 4500 3300 4400 4650 4633 4633 4610 4633 4633 4634 4634 4633 4633 4610 4633 4634 4634 4633 4633 4633 6100
4633 4633 1200 4633 4633 4633 4240 4633 4633 5500 4633 4633 4633 4633 4633 4633 4633 4633 4633 4633 4633 4634 4633 2500 4633 4633 4633 4633 4633 4633 4633 4100 4633 4633 4500 4632
4633 4633 4633 4633 4632 4633 4660 4633 2400 4633 4633 5100 2600 4633 4100 4633 4633 4633 4633 4633 4633 4633 4620 4633 4633 4633 4633 2100 4633 4632 4620 4634 4633 4633 4620 4634
4633 4632 4633 4634 4633 4633 4633 4633 4632 2400 5100 4633 4633 4633 4633 4633 4633 4633 4633 4633 5500 4500 4633 4633 4632 4633 4620 5100 4633 4633 4633 4400 4633 4633 4633 4633
4633 4610 4634 4633 4633 4632 4633 4633 4632 3100 4400 4250 4633 4632 4633 4632 4633 4633 4633 4633 4633 4632 4633 4634 4100 5100 4633 4633 4635 4633 4633 4633 4634 4633 4633 4633
4633 4633 4633 4634 4100 4633 4633 4633 5500 4633 4633 4633 4633 4633 4633 4633 4633 4634 4634 4633 4633 4634 4633 4633 4633 4633 4633 4633 4633 4633 4620 4633 4633 4633 4633 4633
4633 4634 4634 4634 4633 4633 4620 2400 4633 4633 4633 4633 4633 4633 4633 4633 6100 4633 4633 4100 4633 4634 4634 4633 4500 4633 4633 4633 4633 4633 4400 5200 4633 4633 5400 4620
4633 2600 4633 4633 4633 4633 4633 4633 4633 4633 4633 4633 4633 4633 4633 4633 4633 4640 4633 4633 4500 4633 4633 4633 4633 4633 4632 4633 4633 4500 4636 6600 4634 4633 2400 4633
6100 4633 4500 6400 4500 4633 4633 4634 6100 4633 4633 4633 3400 4633 4633 4633 4633 4620 4632 4633 4633 4634 4633 3400 4633 4633 4634 4631 4633 4633 4633 4633 4633 4633 4400 6100
4633 4633 4633 4633 4633 4400 4633 4633 4633 4633 4620 4633 4633 4633 4633 4633 4633 4633 4640 2400 4633 4500 4633 5100 4633 4633 4633 4260 4634 4634 4633 4633 4633 4633 4633 4633
4500 4633 4633 4633 4500 4633 4633 4640 4633 4633 4633 4633 4633 4633 4633 4633 4633 4633 4634 4633 4633 4633 4633 5500 4633 4634 4633 4633 4633 4632 4633 4100 4634 1200 4633 4633
4633 4633 4660 2100 4633 5100 4633 4633 4633 4633 3100 4633 4633 4500 4633 2300 4500 4633 4633 4634 4633 4660 4633 4633 4633 4633 4633 4633 4633 4633 4640 4633 4634 4633 4631 4633
4633 4632 4633 4500 4633 4640 2600 4633 4633 4633 4633 4633 4634 4633 1500 5600 4633 4633 4260 4632 4260 4634 4633 4634 4633 2600 4633 4633 4633 4633 4633 2400 4633 4633 4634 2100
4633 4633 4633 4633 4634 4636 4633 4632 4633 4633 4633 3400 4633 4633 4633 4633 4634 4634 4634 4633 4633 4633 4633 5100 4633 4633 4633 4620 4633 4631 4610 4634 4633 2600 4400 4633
4633 4634 4633 4620 4650 4633 4633 4634 4620 4633 4633 4633 2400 4633 4632 4400 4633 4634 4634 5100 4633 4633 5500 4634 4631 4633 4633 4633 4633 4633 4633 4634 4250 4100 4632 4633
4633 4633 4633 4640 4633 4633 4100 3100 4633 4633 5100 4633 4633 4633 4633 4633 4100 4633 4633 4634 4400 4636 4632 4632 4633 4500 4400 4250 1400 4100 3400 4633 4634 4634 4634 4633
4633 4634 4633 2600 4633 2500 4633 4633 4633 4633 4640 4633 2100 2100 4633 4634 4633 4633 4633 4633 4633 4400 4500 4633 4633 4633 4633 4633 4633 4633 4633 4633 4633 3200 4633 4633
4633 4633 4634 3300 4634 4500 5100 4633 4660 4633 4633 4633 4633 4633 4633 5100 4633 4633 4633 4633 4633 4633 4634 4634 4633 4633 4633 4400 2100 4633 4633 4633 4634 2500 5100 4640
4633 4633 4631 3200 4633 4633 4633 4620 4633 4633 4633 4633 4633 4633 4633 4633 4633 4633 4633 4650 4633 4633 4633 4633 4633 4633 4633 4633 6200 4633 4633 4633 4633 4100 5100 4633
4634 4633 4634 4633 5100 4250 4633 4633 4633 4100 4633 4634 4633 4633 4633 4633 4620 4633 2500 4660 4633 4633 4633 4636 4633 4633 4633 4633 4633 4633 4633 4633 4633 4633 4633 4620
6273 4634 1400 4633 4633 4633 4633 4633 4633 4633 4633 4632 2600 4632 4400 4633 4633 4633 4633 4633 4633 4633 4633 4633 4633 4633 4633 4634 4634 4633 4634 4633 4400 4633 4632 4631
4633 4633 4633 4633 5100 2100 4610 5100 2500 4500 5100 4633 4633 4634 4633 4633 4633 4633 4636 4633 4634 5100 4633 4633 4660 4100 4632 4400 4633 4634 4633 4633 4633 4633 4633 4633
4633 4240 2100 4633 4633 4632 4633 4633 4633 4634 3100 4633 5100 4633 4633 4100 4633 4633 4633 4634 4633 4633 4620 4633 4633 4633 4633 4633 4634 5500 4633 4100 4633 4633 4633 4632
4633 4633 4634 4620 4633 4633 4634 4633 4633 4400 4500 4633 4636 4633 4633 4633 4633 4633 4633 4633 4633 4620 4633 4633 4633 4660 4633 2100 4640 4634 4631 4633 4634 4633 4633 4633
4633 4634 4634 4632 4634 4636 4634 4500 4633 4633 4632 4633 4633 4633 4633 4633 5300 4633 5500 4640 4634 4633 3100 4636 4633 4633 4633 4633 4633 4633 4633 4633 4633 4633 4634 4633
4633 4634 4634 4632 4633 4250 4634 4633 1400 4633 4634 4632 4633 4634 2100 4633 4632 4634 4620 4631 4633 4634 4633 4634 4634 4634 4633 4400 4631 4636 5100 4610 4633 4633 4633 4633
4633 4633 4633 4634 4634 2300 4633 4633 4633 4633 4633 4633 4633 4633 4633 4633 4633 4633 4633 4633 4633 4633 4633 4633 4633 4633 4633 4100 4634 4633 1100 4636 4660 4633 4620 4633
4633 4634 4634 4634 4633 4633 4634 4633 4636 4610 4633 4633 4660 5600 4633 4633 5500 4400 2400 4633 4633 4633 4633 4633 4633 4634 4633 4100 4636 4633 4634 4633 4633 4633 4633 4633
4633 4633 4634 4633 4633 4633 5500 4633 4633 4633 4633 4636 4620 4633 4633 4640 4100 4633 4633 4633 4633 2100 4633 4633 4633 4633 4633 4633 4633 4633 4633 4633 4633 4633 4633 4633
4633 3100 4634 4634 4633 4650 4634 4240 4640 4633 4633 4633 4633 4633 4633 4633 4633 4633 4633 4633 4650 4633 4633 4620 4633 4400 2500 5300 4633 4633 4633 4634 4620 5100 4633 4633
4633 4620 4260 4632 4610 4634 4632 4633 4610 4633 4633 4634 4100 4633 4633 4633 5100 4633 4633 4633 4632 4633 4633 4620 4633 4633 4633 4633 4634 4634 4633 6100 4633 4633 4633 4633
4633 4633 4633 4634 4260 4632 4634 4633 4634 4633 4633 5500 4633 4633 4633 4400 1400 4633 4633 4633 4610 1200 4633 4633 4633 4633 4633 4633 4633 2500 4500 4633 4633 4633 4633 4610
4633 4633 4633 4633 4633 5100 4633 4633 4100 4633 4620 4633 2100 3100 4634 4634 4633 4400 4633 3300 4634 4633 4633 4660 4633 4633 4633 4633 4633 4633 4633 3100 4633 4633 4633 4634
4633 6500 4633 4631 5100 4633 4633 4633 2500 4636 4633 4633 4633 4632 4633 4634 4632 4634 4634 4400 4633 4620 4634 4634 4634 4634 4633 4633 4633 4260 4633 4640 4634 3100 4500 4633
4633 4633 4633 4633 4633 4633 3400 2600 4633 4633 4633 4633 4633 4633 4633 4500 4633 4633 4633 4633 4633 4633 4634 4632 4632 4633 4633 4633 4632 4633 4633 4633 4633 4632 4620 4634
4633 4633 4300 4634 4633 4633 4636 3300 4633 5500 4633 4633 4633 4633 4633 4633 4633 4240 4633 4633 4633 4633 4633 4633 4634 4633 4633 4633 6400 4633 4633 4633 4633 4633 4633 4633
2100 4633 4633 4633 4633 4633 4633 4610 4633 4634 5300 4633 4633 4633 4634 4634 4633 4633 4633 5500 4633 4633 4633 4633 4633 4633 4660 4633 4633 4100 4633 4633 4634 4633 4633 4634
4633 4634 4634 4500 4632 4633 4500 4633 4633 4634 4633 4634 4500 4400 3100 4400 4400 4500 4633 4634 4633 4634 4633 4633 4633 4633 4633 4633 4633 4633 4633 4633 4633 3100 4633 4633
4633 4633 4633 4633 6200 4633 4634 3200 4633 4634 4633 4660 4633 4633 4632 4634 4610 4632 4633 4100 4633 4633 4633 4633 4634 2400 4632 4633 2100 4634 3100 4650 4633 4250 4633 4500
4633 4633 4634 4634 4636 4640 4620 4633 4631 5600 4633 4634 4620 4633 4633 4632 4633 4500 4640 4633 4650 4634 4633 4633 4632 4633 4633 3100 4500 1100 4633 4633 4100 4634 5400 4633
4500 4100 4634 4633 4633 4633 4633 4633 4633 4633 4633 4633 4633 4633 4633 5100 4633 4633 4634 4634 4633 4632 4633 4632 4632 4634 4620 4633 4620 4634 4634 4633 4633 4634 4631 4400
4633 4633 4640 4500 4633 4634 4633 4633 4633 4633 4633 4620 4633 4633 4633 4633 4633 4633 4633 4250 4500 4633 4633 4500 5500 4633 4633 4634 4633 4633 4634 4640 4633 4633 4633 5100
4633 4633 4633 4632 4634 5200 4633 4633 4636 4633 4633 4636 4633 4633 4633 4633 4633 4633 4633 4634 4633 4633 4500 2100 2100 4633 4500 4633 2200 4633 4633 4633 4633 4634 4633 4633
1609 4634 4633 4634 4631 4634 4634 4633 4633 4633 2400 4633 4634 4634 4633 4620 4633 5500 2500 4634 4633 4634 4633 4633 2400 4500 4633 4633 3300 4633 4633 4633 4633 4633 4633 3100
3100 4633 4633 4634 4633 4633 4633 4633 4500 4633 4633 4633 4634 4634 4633 4633 4633 4633 4500 4300 4610 4634 4633 4633 4631 2100 4633 4634 4633 5100 4633 4500 4500 4633 4633 4633
4633 4640 5200 4634 4634 4260 4633 4620 4250 6100 4633 2500 4240 4633 4633 4100 4633 4650 4634 4260 4633 4633 4633 4634 4636 4636 4633 4633 5100 4633 4633 4633 4633 4632 4500 4634
4660 4633 4260 5100 3100 4633 4633 4633 4633 4633 4633 4633 5600 4633 4633 4633 2600 4610 4633 4500 4300 4620 4633 4640 4633 4633 4634 4633 4610 4633 4633 4633 4633 4633 4633 4634
4633 4633 4633 4634 4633 4632 4634 4633 4633 4633 4633 1400 4633 5100 4633 4633 1100 4633 4633 4634 4610 5100 3100 4634 4633 4633 4620 4640 4633 4633 4634 4610 2500 4633 4633 4633
4633 3300 4631 4633 4634 4632 4634 4634 4633 4633 4634 4633 4100 4650 4634 4633 4634 4100 4633 4633 4633 4250 4633 4633 4633 4633 4633 4633 4100 4650 4633 4633 4633 4634 4400 4633
4633 4633 4634 4634 4632 4634 4633 4633 4633 4633 4100 4633 4633 4633 4633 4633 4633 1100 4100 4633 4633 4633 4633 4634 4633 4633 2500 4100 4632 2500 4250 4260 4632 4620 4633 4634
4633 4631 4633 4633 4633 4634 4633 4633 4633 4633 4634 4633 2600 4633 4633 4633 4633 4633 4633 4633 4633 4633 2400 4633 4633 5100 4633 2500 4633 4633 4633 4500 4500 4633 4633 4633
4633 4633 2400 4633 4660 4633 4633 4620 4633 2400 4633 4633 4100 4620 4635 4633 4633 4633 4633 4633 4635 4634 4633 4633 4633 4633 4634 4632 4633 4633 4633 6100 5500 4633 4633 4633
4633 4632 4634 4633 4633 4500 2100 4610 6100 4633 4633 4633 4633 4633 4633 4400 4634 4634 4636 4633 4633 4633 4633 4633 4500 4610 4633 3100 4633 4633 4633 4633 4633 4620 4634 4633
5100 4633 4633 2100 4634 4633 4650 4633 2100 4610 4633 4633 4633 4633 4633 4633 4500 4633 4633 4633 4633 4633 4633 4633 4633 4640 1500 5100 4633 4633 4633 4633 4633 4633 4633 4633
4633 4300 4634 4610 1100 4633 3300 4635 4633 4634 4633 6500 4632 4633 4632 4633 4633 4633 4100 4633 4633 4620 4633 4633 4633 4633 4633 4633 4633 4633 4633 4633 2200 4633 4633 4400
4633 4633 4400 4633 4633 4634 4633 4634 4633 4633 4633 4633 4633 4100 4633 4633 4633 4633 4620 4230 4633 4631 4500 4633 3100 4633 4633 4620 5400 4633 4633 4633 4633 4500 4632 4633
4633 4633 4633 4100 2400 4636 4632 4633 4634 4633 4634 4400 4633 2500 4400 4631 4633 4633 4633 4633 4640 4500 4633 4500 6100 4633 4633 4633 4633 5100 4634 4633 4633 4633 4100 1100
4633 4100 4634 4631 4634 3200 1400 4633 4633 4633 4633 4633 4633 4633 4633 4633 2200 4633 4634 4633 4400 2400 4660 4633 4633 4633 4633 4633 4633 4633 4633 4634 4633 4633 4260 4633
4633 4633 4633 4260 4633 4633 4633 4633 4633 4633 4633 4633 4633 4633 4633 4633 5100 4633 4633 4633 4633 4633 4633 4634 4633 4633 4633 4633 4633 4633 4633 4633 4633 4633 4632 4620
4633 4631 4633 4633 5100 4634 4500 4634 4633 4100 4633 4660 4633 4633 4633 3200 4633 4633 4633 4633 4633 4633 4633 4633 4633 4633 5100 4633 4633 4633 4633 4500 4633 4633 4633 4633
4633 4633 4633 4633 4633 4633 4633 4633 4633 4633 4633 4633 2600 4500 4633 4633 4633 4633 4633 4633 4633 4633 4633 4633 4633 4633 4633 4633 4633 4633 4633 4633 4633 4633 4633 4633
4633 4634 4633 1100 5100 5100 4633 4633 4633 4633 4633 4633 4633 4633 4633 4634 4633 4633 3200 4633 4633 4633 4633 4633 4633 4633 3200 4633 4400 4633 4633 4633 4634 4633 4633 4633
4633 4400 4633 4620 4634 4633 5100 2100 3100 4636 4632 4633 4634 4633 4633 4250 4633 4633 4633 4633 4633 4633 4633 3200 4633 4633 4633 4633 4300 4633 4634 4633 4634 3100 4500 4250
4633 4620 4634 4240 4633 2500 4634 4633 4633 4633 2400 4633 4633 4620 4620 4633 4633 4633 4634 4633 4633 4640 4640 4633 4633 4633 4633 4633 4633 4633 4633 4633 4634 4633 4633 4634
2500 2100 5100 4633 4633 4633 4633 4633 4633 4633 4633 4633 4633 4633 4633 4633 4633 4633 4633 4633 4633 2600 2100 4400 4633 4633 4500 4634 4632 4634 4260 4400 4633 4660 4633 4633
4633 4620 4250 4620 4633 2100 4640 3100 4633 4634 3100 4633 4633 4650 4632 4250 4634 4633 4620 2500 2400 4633 4633 4633 4633 4633 4633 4633 4633 4633 4633 4633 4633 4633 4500 4633
4633 4633 4633 4633 4633 4633 4633 4500 4634 4634 4400 4633 3100 4633 4633 2600 4633 4633 4633 4633 4633 4633 4633 4633 6200 4633 3400 5100 4633 4633 4633 4633 2400 4634 4500 4500
4633 4633 4633 4634 4634 4634 4250 4633 4300 4633 4634 4631 4634 4636 4633 4633 4633 4633 5600 4633 4633 4633 3100 4633 4633 4633 4632 4633 4633 4633 4633 4633 4633 4633 4633 4633
4633 4300 4633 4632 3100 4633 4633 4633 5100 4633 4634 4633 4633 4633 4633 4633 4633 4636 4633 4633 4633 4633 4633 6100 4634 4633 4633 4633 4633 4633 4633 4633 4260 4632 4633 4633
4633 4633 4633 4500 4633 4633 4633 2100 4633 4633 4633 4633 4633 4633 4633 4633 4633 4633 4632 4634 4633 4634 4633 4632 4633 4260 4633 4633 4400 4633 4633 4633 4633 4632 4620 4633
2445 4632 4633 4633 4633 4633 4632 4620 4633 4633 4633 4634 4634 4634 4633 4633 4633 4633 4633 4633 2100 4632 2400 4633 5100 4633 4632 4636 4634 4634 2600 4633 4633 4632 2500 4633
4633 5100 4633 4633 4640 4620 4632 5600 4632 4633 4500 4634 4620 4633 4100 4660 4633 3200 4500 4633 2400 4633 4633 4633 4634 4633 4633 4633 4634 4633 4633 4633 4633 4633 4633 2500
4633 4500 4633 4620 4650 1100 4633 4633 4634 4633 4620 3100 4500 4634 4633 4633 4634 4634 4633 4633 4633 4633 5100 2100 4633 1200 4633 4633 4633 4100 4633 4400 4632 4632 4634 4632
4633 4633 4633 4633 4633 4100 4633 4500 3100 3300 4634 4633 4633 4633 4633 4633 4633 4500 4633 4633 4633 4633 4633 4633 4633 4633 4633 4500 4620 4633 4634 4633 1100 4634 4633 4633
4633 4633 4633 4634 4634 4634 6400 4610 4634 4634 2400 4633 4633 4633 4633 4300 4634 4633 4650 4633 4633 4633 2600 4633 4633 4633 4633 4633 4633 4633 4633 4633 4633 4633 4633 4633
4633 4400 1400 4631 1400 6100 4100 4633 4633 4633 4633 4633 4633 4633 4633 4633 4633 4633 4633 4633 6300 2707 4633 4633 4633 4633 4633 4633 4633 4633 2600 4633 4633 4633 4633 4633
5100 4634 4633 4633 4633 6100 4633 4633 4633 4660 4633 4633 4633 4633 4632 4633 4633 4633 4633 4633 4633 4633 4633 4634 4633 4633 4633 4633 2100 4633 4633 4633 4633 4634 4633 4633
4633 4633 4633 4633 4633 4633 4633 4633 4620 1100 2200 4633 4633 4660 4633 4500 4633 4210 4633 4633 4633 4633 4633 4633 4633 4633 4633 4633 4633 1100 4633 4633 4633 4640 4634 4633
4633 4634 4631 4631 4400 4633 4633 4633 4634 6400 4633 4632 4633 4633 2400 4633 4634 4633 4633 4636 4633 4633 4633 2500 4620 4633 4633 4633 4633 4633 4633 4633 4633 4633 4633 2100
4633 4633 4633 4633 4634 4633 4634 3300 4500 4633 4633 4633 4100 4633 4633 4633 4633 4633 4633 4633 4633 4633 4633 4633 4633 4633 4633 4633 4633 4500 4633 4633 4633 4633 4634 2100
4633 4633 4633 4633 4633 4633 4633 4100 4633 4633 4632 4634 4100 4400 3300 4633 4660 4633 4620 4633 4633 2400 4633 4633 4633 4633 4633 6100 4633 4633 4633 4633 4633 4635 4633 4633
4633 2100 4634 4610 3100 2500 4633 4633 4633 4634 4260 4634 5500 4500 4633 4633 4634 4620 4500 2600 4633 4633 4633 4633 4633 4633 4633 4633 4633 4633 4633 4400 3100 4632 4633 4633
4633 4634 4634 4634 4633 4100 4300 4633 4633 4633 4634 4633 4634 4634 4631 4100 4650 4620 5100 3400 4100 4633 4100 4633 4633 4634 4633 4633 4635 4633 4633 4650 4633 4660 4632 4640
4632 4633 4620 4633 4633 4633 4634 4633 4640 4633 4633 4633 5100 4633 4633 4633 4633 4633 4500 4400 4633 4633 4633 4633 4633 3100 4633 4636 4633 4633 4633 4633 4633 4633 4633 4633
4633 4634 4633 4633 3100 4631 4634 4633 4633 4633 4660 4633 4633 4633 4633 4633 4633 4633 4633 4636 4250 4633 4500 4633 4633 2400 4250 4633 2100 1200 4633 4633 4633 4634 4633 4100
4633 4400 5100 4633 4634 4633 4633 4636 4633 4632 4634 4610 1400 4634 4634 2400 4634 4633 4633 4633 4633 4633 4633 4633 4633 2100 4100 4633 4633 6100 4633 4634 4633 4633 4633 4633
4633 4633 4633 4633 4633 4633 4633 4633 4633 4634 4634 4633 4633 4633 4633 4633 4633 5100 2500 4610 4633 4633 4633 4633 4633 4633 4500 4633 4633 4633 4633 4633 4633 4500 4633 2500
4633 4633 4634 4634 4100 4633 2400 2400 4633 4633 4633 4633 4633 4633 4633 4633 4633 4633 4633 4640 2600 4633 4633 4633 4633 4633 5500 4633 4633 4633 4633 4634 4633 4633 5100 4633
4633 4634 6500 4250 4632 4634 4634 4634 4636 4634 4633 4400 4610 4634 4634 4636 4633 4633 4633 4633 4634 4633 4633 4633 4633 4633 4633 2400 4633 4633 4633 4633 4633 4100 4633 4633
4633 4633 4633 4634 4636 4633 4633 4633 4633 4634 4500 4633 4633 4633 4633 4633 4633 4633 4633 4633 4633 4633 4633 4633 4635 5100 4633 4633 4631 2400 4633 4633 4633 4633 4633 4636
4633 4634 4250 4633 4633 4636 4260 1400 4636 4633 4100 4633 4633 4633 4633 4633 4633 4633 4633 4633 4400 4633 4633 4634 4633 4400 4210 4633 4633 4633 2400 4633 2600 4633 4633 4633
4633 4634 4633 4633 4633 4632 4260 4633 4634 4632 4632 4260 4634 4500 4633 4620 4633 4633 4636 6400 4633 4633 4633 4300 4633 4633 1100 4633 4260 4634 4633 4633 4634 4636 4634 4633
4633 4636 2400 4100 4633 4633 4633 2400 4633 4633 4633 4633 4633 4633 2600 4633 4633 4633 4633 4633 4634 4640 4610 4633 4633 4632 4633 4634 5600 5500 4633 4633 4633 4633 4500 4650
4633 4632 4633 4633 4240 4633 4633 4633 4400 4400 4633 4633 4633 4633 4633 4633 4633 4632 4633 4633 4633 4633 4633 4633 4633 4633 4633 4633 6300 4400 4633 2100 5100 4633 4633 4633
4633 4633 4633 4640 4633 4633 4633 6500 4633 2400 4633 4633 4633 4633 4633 2200 4633 4634 4632 4400 2400 4633 4634 3100 4631 4633 4633 4633 4633 4633 4633 3300 4633 4633 4633 4633
4635 4631 4633 4634 4634 4633 4634 4636 4400 2100 4633 4260 4634 4633 4633 4633 4633 4100 4633 2100 4633 4635 4634 4633 4633 4100 4634 4633 4100 4633 4633 4633 4633 4633 4633 4633
4633 4633 4100 4400 4636 4633 4633 4633 1100 4633 4650 4633 4632 4633 4620 4633 4632 4633 6500 4633 4635 2500 4633 4633 4633 5500 4633 4633 4633 4633 4633 4633 4633 4660 4500 4500
4633 4633 4631 4633 4633 4610 4633 4633 4633 4633 4633 5100 4650 4633 4633 4633 4633 4633 4633 4100 4400 2500 4400 2100 4620 4634 4634 6400 5200 4633 4633 4634 4100 4633 4634 4633
4633 4634 4633 4632 4633 4634 4634 4640 4634 1400 4633 4620 4640 4632 4240 4634 4650 4634 4633 4633 4633 4633 4634 4633 4633 5600 4633 3100 4633 4633 4650 4620 4633 4634 4633 4633
4633 4631 4633 4633 4633 4632 5100 4633 4500 4633 4633 4634 4634 4633 4100 4636 4633 4634 4633 4633 4633 4633 4633 4633 4620 4633 4633 5500 4260 4633 4633 4632 4633 4633 3100 4631
4633 4632 4633 4634 4631 4633 4634 4634 4633 4400 4634 4634 4633 4634 3200 4633 4633 4633 4633 4634 4633 4634 4633 5400 4620 4633 4633 4633 4633 4633 4633 4633 4660 4633 4633 4633
4633 4634 2600 2100 5300 4633 3200 4633 4633 4633 4633 4634 4633 4633 4633 4633 4633 4633 4633 2500 4633 4633 4633 4632 5100 4633 4633 4633 4633 4500 4633 4633 2100 4260 4633 4660
4633 4620 4636 4633 5100 4633 4633 4633 4633 4633 4633 4633 4633 4633 4633 4633 4650 4633 4633 4633 4610 4400 4500 4634 4633 4634 4633 2100 4633 4633 4632 4634 4633 4633 4633 4500
4633 4633 4631 4634 4633 4633 4633 4633 4633 4633 4633 4633 4660 4633 4633 4633 4633 4633 2100 3100 4632 4633 4633 4633 4632 4634 4633 4633 4636 6100 4633 4633 4633 4500 4633 4633
4633 4633 4633 4634 4634 4632 4634 4500 4500 4620 4636 4633 4260 4632 4633 4633 4633 4632 4633 4633 5500 4634 4633 4100 4633 4100 4633 4660 4633 4633 4634 4633 4634 4610 4400 4633
4100 4633 4660 4230 4632 4633 4633 4633 2400 4633 4633 4633 4633 4632 4633 4633 4633 3100 2100 3100 4633 4633 3200 4633 4633 4633 4100 4633 4633 4633 4633 4633 4634 4633 4633 2100
4633 4633 4633 4633 4633 4633 4633 4633 4633 4633 4633 4633 4633 4633 4633 4633 4634 4633 4633 4633 4633 4633 4633 4633 4633 4633 4633 4620 4250 4633 4633 4635 2400 4635 4633 4633
4633 4500 4634 4631 4634 2400 4633 4633 4633 4633 4633 4634 4620 4633 4633 4633 4500 4633 4633 4633 5100 4633 3400 4633 4633 4633 4633 4633 4633 4633 4633 4633 4633 4633 4100 4633
4633 4634 4634 4632 4610 4633 4632 4634 4633 4633 3200 4500 4633 4633 4633 4633 4633 4634 4633 4634 4633 4634 4650 4633 4633 4633 4633 4610 4633 5500 4500 4633 4633 4633 4640 4634
4620 4633 4633 4633 4633 4633 4100 5500 4633 4400 4633 2600 4633 4633 4633 4260 3400 4633 4633 4633 4100 4633 4633 4633 4620 4633 4633 6200 4633 4633 4633 4100 4632 4100 4633 4634
4633 4633 4632 4634 4634 4633 4632 4620 5100 4632 5600 4633 4633 4633 4633 4633 4633 4633 4633 6100 4633 4633 4636 4633 4633 4633 4633 4633 4633 4633 4633 4635 4633 4633 4633 4500
4633 4633 4633 4633 4634 4633 4633 4634 4633 4633 4633 4633 4633 4634 4633 4500 4633 4633 4633 4634 4633 4633 4633 4633 4633 4610 4632 4610 4633 4633 4633 4633 4633 4633 4633 4633
4633 4634 2400 4633 4633 4633 4633 4100 4633 4633 4633 3200 4633 4633 4633 4633 4633 5300 4633 4633 4633 4634 4620 4650 4633 4633 2100 4632 4633 4633 4634 4634 4636 4620 4633 4632
4633 4633 4632 5100 4633 4633 4633 4633 4640 4633 4633 4640 6400 4632 4636 3300 2600 4633 4633 4633 4633 4660 4633 3100 4633 4633 4633 4632 4632 4633 4250 4633 4633 4633 2600 4633
4633 4634 4633 4634 4660 4260 4633 3200 4633 4633 4400 4631 4633 4633 4633 4633 4633 4633 4633 4633 4100 4633 4633 4633 4633 4633 4250 6100 4633 4633 4620 4636 4633 4633 4633 4633
4500 2400 4633 4633 4632 4634 4634 4633 4632 4632 2400 4633 4633 4634 4633 4634 4634 4631 4634 4633 4633 4633 4633 4633 4633 4633 4633 4633 4640 4500 4633 4633 4633 4633 4633 2100
4633 4633 4632 4631 4634 4631 4634 2100 5600 4400 4633 4610 4633 4634 4633 4650 4633 4633 4634 1400 4633 4633 4400 4500 4633 4633 4633 4633 4633 4634 4633 4633 4632 4620 4633 4634
4633 4500 4400 4633 2400 4633 4634 4620 2100 4636 2100 3100 6100 4500 4500 4500 4633 2400 4633 4633 4633 4633 4633 4633 4633 4633 4633 4633 4633 4633 4633 4500 5100 4633 4633 4633
4633 4620 4633 4633 4633 4633 4633 4633 4640 4633 4633 4633 4633 4633 4633 4635 4633 4633 4633 4633 4633 4633 4633 4634 4633 4633 4610 4633 4633 4620 5500 4634 4632 4633 4636 4633
4633 4633 4633 4633 4633 4634 4250 4620 4632 4634 4634 2400 4633 4633 4633 4633 4633 4633 4633 2500 4500 2100 4633 4633 4633 4633 4633 4633 4633 4634 4633 4633 4633 4100 4633 4634
4633 4633 4635 4632 4633 4633 4632 4633 4634 5500 4633 4632 4633 4633 2100 4633 4634 4633 4633 4633 4633 4633 5100 4633 4633 4633 4633 4633 4633 4633 5400 4633 2500 4633 4633 4633
4633 4633 4633 4500 1200 4500 4633 4633 4633 4633 4633 2600 5100 4633 4633 4633 4633 4633 4633 4633 4634 4634 3100 5100 2600 2100 4650 4633 5200 4633 4633 4633 4640 4620 4632 4633
4633 4640 1500 4400 4500 4633 4260 4620 4633 4633 4631 4636 4633 4633 4633 6400 4633 4633 4633 4632 4633 4610 4633 4633 4633 4633 4633 4633 4633 4633 4633 4633 2600 4400 4633 4633
4633 4634 4633 4636 4636 4633 4633 4633 4230 4633 4633 4633 4633 4633 4633 4633 5100 4633 4633 4633 4633 4633 4633 4633 4633 4633 4633 4633 4634 4632 4620 4634 4633 4634 4633 4260
4633 4633 4633 4633 4631 4633 4633 4633 4633 4400 4633 4633 4633 4633 4660 4633 4633 4633 4633 2600 4633 4633 4633 4633 4633 4633 4633 4633 4633 4633 4633 4633 4633 4633 4633 4632
4633 4500 4633 4633 4633 4633 4633 4620 4634 4620 4633 4632 4620 4633 4100 6400 4620 2500 4634 4634 4634 4634 4634 4633 4632 4633 4400 4500 4633 4633 4500 4634 4633 4633 4633 2100
4633 4633 4633 4633 4633 4633 4633 4633 4633 4633 4620 4633 4633 4633 4633 4640 4633 4100 6100 4633 4633 4634 4633 4634 6400 4633 4633 4633 4633 4633 4633 4633 4633 4633 4633 4633
4633 3100 4500 4210 4633 3200 4633 4633 4633 4633 4633 6400 4633 4633 4633 4633 3300 4633 4620 4633 4500 4634 4633 4633 4633 4633 4640 4636 4633 4633 4100 4633 4610 4633 4660 4633
4633 2100 4631 4620 4633 4633 4633 4634 4100 4633 4632 4633 4634 4633 4640 2400 4633 4633 4633 4633 4633 4632 4633 4640 4633 4633 4634 4633 4634 4633 2100 4610 4633 4633 4633 4633
4633 4634 6300 4400 1200 4633 4631 6200 4633 4633 4633 4633 4631 4633 4633 4633 4633 5500 4633 4633 4633 4100 4633 4210 4633 4633 4633 5500 4620 4633 5100 4633 4633 4633 4634 4633
4633 4633 4634 4620 4633 4660 4250 4634 4634 4634 4633 4210 4633 2500 4500 4610 4640 4634 4500 4633 5100 4633 4633 4633 4620 4633 4634 4633 4634 4633 4633 4633 4633 4633 4633 4633
4633 4633 4620 4632 4250 4633 4633 4500 4634 4633 4633 4620 4620 4260 3400 4633 4633 4633 4633 4633 4633 2600 4633 4633 4633 4620 1200 4633 4633 4634 4633 4633 4633 4634 4633 4633
4633 4633 4610 6500 4634 3100 4610 4632 4633 4633 4500 4634 4633 4633 4634 4633 4633 4633 4633 4633 4633 4633 4633 4633 4260 4632 4633 4633 4633 4633 4633 4633 4633 4633 4500 4633
4633 4633 4633 4633 4633 4633 4633 4633 4633 4633 4633 4634 4633 4633 4633 4500 3100 1100 4633 4634 4634 4633 4633 4633 4633 4633 4633 4633 4633 4634 2500 3100 5100 4633 4633 4633
4633 4633 4632 4620 4631 4634 4633 4633 4633 4620 4620 2400 4633 4635 4633 3100 4633 4633 4100 4633 4633 2100 4633 4631 4633 4633 3100 4633 4633 4633 4633 4634 4633 4633 4633 4633
4633 4633 4631 4100 4633 4610 4633 5400 4633 4640 4610 4633 4633 4633 4633 4634 4633 4633 6500 4620 4634 4634 4633 4260 4634 4632 4633 4634 4634 6400 4633 4633 4633 4650 4633 4633
4633 4634 4634 4633 4500 4300 4633 4633 4633 4634 4634 4633 5200 4500 4660 4620 4634 4633 4634 4633 4633 4634 4633 4633 4634 4633 4633 4633 4633 4633 4633 4633 4633 4500 4633 4500
4633 4633 4633 4633 6100 4500 4631 4633 4636 4500 4633 4633 4635 4632 2500 3100 4400 4400 4633 4620 4633 6100 4633 4633 4633 4633 3100 4633 2600 4633 4633 4633 4634 4634 4634 4634
4633 4633 4634 4633 4633 4633 4633 4633 4635 4632 4633 2500 4100 2100 4500 4633 4633 4633 5100 4634 4633 4660 4633 4100 4634 4260 4632 4634 4633 4633 4633 2500 2400 4633 4633 4633
4633 4633 4633 4633 4634 4633 4633 4634 4633 4635 4633 4633 4635 2100 4633 4633 4400 4633 4633 4633 4633 4633 4633 4633 4633 4633 4633 4300 4633 4634 4633 4633 4634 4633 4620 4633
4633 4633 4633 4633 4632 4634 4620 4620 4634 4633 4634 4633 4633 2600 4633 4634 4634 4633 4633 4634 6100 4632 4633 4633 4634 4634 1200 4633 4633 2100 5200 4634 1400 4240 4633 5100
4633 4634 4640 4610 2500 4636 4500 4633 4633 4633 4633 4650 4620 4633 4633 4633 4633 4633 4633 4633 4633 4633 4633 4633 5100 4650 2400 4633 4633 4634 4633 4634 2400 4633 4633 4634
4633 4633 4633 4500 4633 4633 4633 4633 4400 4633 4633 4633 4633 4633 4633 4633 4610 4633 4633 4633 4633 4633 4633 4634 4633 4631 5100 4631 4633 4633 4633 4633 4633 2300 4633 4633
4633 4631 4632 4634 4650 4633 4633 4633 4634 4636 2400 4633 4633 4633 4633 4633 4633 4633 4633 4633 4633 4633 4610 4633 2400 4400 6200 4633 4260 4633 4633 4633 4633 4633 4633 4633
2400 4634 4632 4633 4633 4633 5100 4633 4633 4633 4633 4633 4633 2600 4633 4633 4633 4633 4633 4633 4633 2400 5100 4633 4633 4633 4634 4633 4500 4633 4633 4633 4633 4633 4633 4633
4633 4633 5500 4633 4633 4633 4633 4633 4633 4633 4633 4633 5100 4633 4633 4633 4633 4633 4260 4500 2100 4636 2400 4633 4633 4633 4634 4633 4633 4633 4633 1100 4633 4633 4400 4634
4633 4633 4633 4633 1100 4633 4633 4633 4633 3200 4633 4633 2100 4633 5500 4633 4633 4633 4633 4633 4633 6500 4633 4633 4400 4400 4634 4634 4633 4633 4620 4634 1400 4633 4650 4633
4633 4634 4633 4634 4633 4633 4634 4633 4633 4633 4633 4633 4633 4633 4633 4633 4633 4633 4633 4633 4633 4633 4100 4634 4500 4633 4633 4633 2500 4633 4633 4633 4633 4633 4633 1200
4633 4633 4633 4633 4633 4633 4633 4633 4633 4632 4634 2600 4633 4634 4633 4100 4633 4633 4633 4633 4633 4633 4633 4633 4633 4633 4633 4635 4633 4633 4633 4633 4633 4633 4633 4633
4633 5100 4633 2100 4633 5500 4620 4633 4633 4633 4632 4250 4633 4633 4633 4634 4500 4632 4640 4633 4633 4633 4633 4633 4620 4634 4634 4634 4633 4634 4633 4633 4633 4633 4633 4633
5500 4633 4633 4633 4633 4633 4633 4633 4633 4636 4633 4633 4633 4633 4633 4633 4633 4633 4620 4400 4633 3200 4633 4633 4633 4633 4260 4633 4633 4620 4634 4633 4633 4633 4633 4633
4633 4633 4635 4640 4620 4650 4100 4633 4633 4620 4633 4633 4660 4633 4632 4634 4633 4633 2100 4633 4633 4500 4633 4633 4500 4633 4633 4633 4633 4640 2100 4250 4633 4633 4633 1400
4633 4633 4633 4100 6100 4633 4633 4633 4633 4633 4633 4633 2400 4633 4633 4633 4500 4633 4633 4633 4634 4633 4633 4633 4633 4633 4620 4634 4633 4633 4633 4636 4633 4633 4633 4633
4633 4634 4633 4634 4633 4631 4632 4633 4633 4632 4634 4633 4632 4633 4634 4100 4632 4633 4633 4634 4633 4633 4633 4634 4633 4500 4633 4633 4633 5100 2400 4633 4633 4400 4633 4633
4633 4632 4632 4633 4620 4633 4634 4100 4633 4634 4634 4634 4633 4640 4633 4633 1949 4633 4633 4634 4633 4633 4633 4633 2500 4633 4633 4633 4633 4633 4620 4633 4633 4633 4633 4633
4633 4633 4633 4633 4633 4634 4632 4634 4634 4100 4620 4634 4634 2400 4633 5100 4100 4633 4633 4633 4633 4633 4620 1100 4632 4634 3100 4633 4633 4633 4633 4633 4633 4633 4633 3100
4633 6100 4100 4633 4633 4400 4633 4633 4100 4633 4634 4633 4633 4633 5100 4633 4633 4633 4633 4633 4633 2400 4220 4633 4633 4633 4632 4500 4636 4633 4633 4100 4633 4633 4633 4633
4633 4633 4633 4635 4610 4633 4633 5500 4634 5100 4633 5600 4633 4633 4620 4634 4634 4633 4633 1100 4634 3100 4632 4633 4634 2400 4500 4100 4100 2100 4500 4633 4633 2100 4636 4633
4633 4633 4634 4634 4633 4632 4620 4610 4633 4620 4636 4500 4632 4636 4633 4633 4633 5500 4633 4100 4100 4633 4633 2100 6100 4633 4633 4633 4633 4633 3100 4633 4633 4633 4633 4633
4633 4500 4633 4633 4633 4631 4633 6500 4633 4633 4633 4620 4633 4500 4500 4633 4633 4634 4633 4633 4633 4633 4633 4633 4634 4633 4633 4633 4633 4633 2600 6100 4633 4640 4633 4500
4633 4633 4634 4633 4633 4633 4250 4633 4633 2500 4634 4633 4400 4633 4633 5100 4633 4633 4633 4633 4632 4633 4633 4500 4633 4633 4633 4634 4633 4633 4633 4633 4633 4633 4633 4633
4634 5100 4634 4633 4633 4633 4633 4640 4633 2100 2400 4633 4632 4640 3300 3400 4633 4634 4633 4633 3100 4100 4633 4633 4633 4634 4620 4634 4660 4633 4633 4500 2100 4633 2400 4633
4633 4620 4634 4633 4634 4100 4632 4640 4633 4633 4633 4633 4633 4100 4633 4633 4620 4660 4634 4633 4633 4633 4633 4632 4633 4634 4634 4633 4633 4633 4633 4633 4633 4633 4633 4634
4632 4633 4633 4250 4633 4633 4632 4633 4610 6100 4633 4633 4633 4620 4633 4640 4633 4633 4633 3400 4500 4400 4633 5100 4633 6400 4634 4633 4633 4633 4633 4640 4633 4633 6500 4631
4633 4633 4633 4633 4500 4633 4633 4633 4633 4633 4633 4260 4634 4633 4633 4620 4640 4633 4620 4633 4634 4250 4633 5500 4633 4633 4633 4633 4633 4633 4633 4633 4633 4633 4633 4633
4633 4633 4633 4633 4633 4633 2600 4633 4633 4633 4633 4633 4635 4633 4634 4633 4633 4633 4633 4633 4633 4633 4633 4633 4633 4633 3100 3300 4633 4633 4660 4633 2600 4633 4633 4632
4633 4631 4634 4632 4260 4633 3400 4633 4633 4633 4633 4633 4633 2400 4250 4633 4633 4633 4620 4250 4633 4634 4632 4634 4633 3100 2100 4633 4633 4633 4620 4633 4633 4633 4633 4634
4633 4634 6100 4634 4633 4633 4633 3100 4610 4633 4633 4633 4620 4633 4633 3100 4633 4633 4633 4633 4100 4633 4500 4633 4633 4100 4633 4633 4633 4633 4631 4633 4633 4632 4633 4633
4660 4633 4633 4633 4633 4633 4634 4633 4633 4633 4633 4633 4633 4632 4633 4633 4633 4633 4633 4633 4633 4633 4633 4633 4633 4633 4633 4633 4632 4633 4633 4633 5100 4633 4633 4633
4633 4633 4633 4633 4633 4634 4633 4633 4633 4660 3100 4633 4633 4633 4633 4633 4633 4633 4620 4633 4633 4633 4633 4634 4633 4634 4100 4100 4634 4633 4500 4633 4633 4633 4633 4633
4633 4633 4633 4633 4633 4633 4633 4633 4633 4633 4633 4633 4633 4400 4633 4633 4633 4633 4633 4633 4633 6200 4633 4633 4633 4635 4620 4633 4633 4633 4100 4633 4633 6400 4633 4632
4633 4633 4633 4633 2100 4633 4633 4633 4633 4633 4633 4633 4633 4633 4633 4633 4633 2400 4633 4633 1100 4633 4633 4640 4633 4100 5100 4633 4620 4634 4633 4640 4633 4633 4633 4633
4633 4634 4620 4634 4240 4634 4633 4633 4633 4632 4633 4620 4632 4634 4632 4634 4634 4632 4634 4632 4650 4634 4633 4633 4634 4633 4220 4633 4633 4633 4660 4634 4633 4633 4633 4633
4633 4633 4610 4633 4633 4633 4633 4633 4633 4633 4633 4633 4633 4633 4633 4633 4633 4633 4633 2400 4635 4635 4633 4633 4633 4633 4633 4633 4633 4633 4633 4633 4633 4633 4633 4633
2100 4500 4633 4633 4500 4633 4633 4634 4633 4100 4633 4633 4634 4633 4633 4633 4633 4634 4633 4632 4633 4636 1200 4633 4633 4633 4633 4100 4633 4634 4633 4633 3400 4635 4633 4633
4633 4634 4633 4633 4632 4633 4632 4620 4634 4633 4634 4610 2500 4631 4634 4633 4636 4636 4633 4633 4633 4636 2100 2400 4633 4633 4633 4633 4633 4633 4634 4610 4640 4633 4500 4636
4632 4633 4633 4633 4634 4633 4100 4633 4260 4633 4633 4633 4633 4633 4633 4500 4631 4633 4633 4634 4633 4633 4633 4633 4632 2600 4633 4633 4633 4633 4633 4100 4633 4633 4633 4634
2300 4633 4633 4633 4633 6400 4633 4633 4634 4632 3100 4240 4250 4633 4633 4620 4650 4633 4633 4633 4500 4633 4633 4633 4633 4633 4633 4633 4633 4633 4633 4633 4660 4633 4633 5100
