$TYPE inputvec
$XDIM 137
$YDIM 1
$VECDIM 18

0.62 0.62 0.62 0.62 0.62 0.62 0.62 0.62 0.62 0.62 0.62 0.5 0.62 0.62 0.62 0.62 0.62 0.62 0
0.62 0.62 0.62 0.62 0.62 0.62 0.62 0.62 0.62 0.62 0.62 0.62 0.62 0.62 0.62 0.62 0.62 0.62 1
0.62 0.62 0.62 0.62 0.62 0.62 0.62 0.62 0.62 0.62 0.62 0.62 0.62 0.62 0.62 0.62 0.3 0.62 2
0.62 0.62 0.62 0.62 0.62 0.62 0.62 0.62 0.62 0.62 0.62 0.62 0.62 0.62 0.62 0.62 0.62 0.62 3
0.62 0.62 0.62 0.64 0.62 0.4 0.62 0.62 0.62 0.62 0.62 0.66 0.62 0.62 0.62 0.62 0.62 0.5 4
0.62 0.62 0.62 0.62 0.62 0.62 0.62 0.62 0.62 0.62 0.61 0.5 0.62 0.62 0.62 0.62 0.62 0.65 5
0.62 0.62 0.62 0.62 0.61 0.62 0.62 0.62 0.61 0.62 0.62 0.66 0.62 0.62 0.65 0.62 0.62 0.3 6
0.62 0.62 0.62 0.62 0.62 0.62 0.62 0.62 0.62 0.62 0.62 0.62 0.62 0.62 0.62 0.62 0.62 0.62 7
0.62 0.62 0.62 0.61 0.62 0.62 0.62 0.4 0.62 0.62 0.62 0.66 0.62 0.62 0.62 0.62 0.3 0.62 8
0.62 0.62 0.62 0.62 0.62 0.3 0.62 0.62 0.62 0.62 0.62 0.65 0.62 0.62 0.62 0.62 0.62 0.5 9
0.62 0.62 0.62 0.62 0.62 0.62 0.62 0.62 0.62 0.62 0.62 0.62 0.62 0.62 0.62 0.62 0.62 0.62 10
0.62 0.62 0.62 0.62 0.62 0.62 0.62 0.62 0.62 0.62 0.62 0.65 0.62 0.62 0.62 0.62 0.62 0.5 11
0.62 0.62 0.62 0.62 0.62 0.4 0.62 0.61 0.62 0.62 0.62 0.61 0.62 0.62 0.62 0.62 0.62 0.62 12
0.62 0.62 0.62 0.62 0.62 0.4 0.62 0.62 0.62 0.62 0.62 0.61 0.62 0.62 0.62 0.62 0.62 0.62 13
0.62 0.62 0.62 0.62 0.62 0.62 0.62 0.62 0.62 0.62 0.62 0.62 0.62 0.62 0.62 0.62 0.62 0.62 14
0.62 0.62 0.62 0.62 0.62 0.62 0.62 0.62 0.62 0.62 0.62 0.66 0.62 0.62 0.62 0.62 0.62 0.63 15
0.62 0.62 0.62 0.62 0.62 0.62 0.62 0.62 0.62 0.64 0.62 0.1 0.62 0.62 0.62 0.62 0.62 0.62 16
0.62 0.62 0.62 0.62 0.62 0.62 0.62 0.62 0.66 0.63 0.65 0.63 0.62 0.62 0.65 0.62 0.62 0.62 17
0.62 0.64 0.62 0.62 0.62 0.1 0.62 0.62 0.62 0.62 0.62 0.3 0.62 0.62 0.62 0.62 0.62 0.1 18
0.62 0.62 0.62 0.64 0.62 0.63 0.62 0.62 0.62 0.62 0.63 0.3 0.62 0.63 0.62 0.62 0.63 0.3 19
0.62 0.62 0.65 0.62 0.62 0.62 0.62 0.62 0.62 0.62 0.63 0.5 0.1 0.62 0.63 0.62 0.62 0.5 20
0.62 0.62 0.63 0.62 0.62 0.62 0.62 0.62 0.62 0.62 0.63 0.62 0.62 0.62 0.62 0.62 0.1 0.65 21
0.62 0.62 0.62 0.62 0.62 0.65 0.62 0.62 0.62 0.62 0.62 0.1 0.62 0.62 0.62 0.62 0.62 0.66 22
0.62 0.62 0.62 0.62 0.62 0.3 0.62 0.3 0.3 0.62 0.62 0.62 0.62 0.62 0.62 0.62 0.62 0.3 23
0.62 0.62 0.62 0.62 0.62 0.4 0.62 0.62 0.62 0.62 0.62 0.62 0.62 0.62 0.3 0.62 0.62 0.62 24
0.62 0.62 0.62 0.62 0.63 0.62 0.62 0.62 0.62 0.62 0.64 0.62 0.62 0.62 0.62 0.62 0.62 0.63 25
0.62 0.62 0.62 0.62 0.62 0.3 0.62 0.62 0.62 0.62 0.62 0.62 0.62 0.62 0.62 0.62 0.62 0.62 26
0.62 0.62 0.63 0.62 0.62 0.62 0.62 0.62 0.62 0.62 0.61 0.62 0.62 0.62 0.62 0.3 0.62 0.3 27
0.62 0.62 0.62 0.62 0.62 0.4 0.62 0.62 0.65 0.62 0.62 0.65 0.63 0.62 0.62 0.62 0.62 0.66 28
0.62 0.62 0.62 0.62 0.62 0.61 0.62 0.62 0.62 0.62 0.62 0.65 0.62 0.62 0.62 0.62 0.62 0.62 29
0.62 0.62 0.62 0.62 0.62 0.4 0.62 0.62 0.62 0.62 0.62 0.62 0.3 0.62 0.63 0.62 0.62 0.5 30
0.62 0.62 0.62 0.62 0.62 0.62 0.62 0.62 0.62 0.62 0.62 0.4 0.62 0.62 0.62 0.62 0.62 0.5 31
0.62 0.62 0.4 0.61 0.62 0.62 0.61 0.62 0.62 0.62 0.62 0.5 0.62 0.62 0.62 0.62 0.62 0.62 32
0.62 0.62 0.63 0.62 0.62 0.4 0.62 0.62 0.62 0.62 0.62 0.65 0.62 0.62 0.62 0.62 0.62 0.62 33
0.62 0.63 0.62 0.62 0.62 0.3 0.62 0.62 0.62 0.62 0.62 0.63 0.62 0.62 0.65 0.62 0.62 0.5 34
0.62 0.62 0.62 0.62 0.62 0.62 0.62 0.62 0.62 0.62 0.62 0.62 0.62 0.62 0.63 0.62 0.62 0.62 35
0.62 0.62 0.62 0.62 0.62 0.61 0.62 0.62 0.62 0.62 0.62 0.3 0.62 0.62 0.62 0.62 0.62 0.62 36
0.62 0.62 0.62 0.63 0.62 0.62 0.62 0.62 0.62 0.62 0.4 0.66 0.62 0.1 0.62 0.1 0.62 0.1 37
0.62 0.62 0.62 0.62 0.62 0.62 0.62 0.62 0.62 0.3 0.62 0.3 0.62 0.62 0.62 0.62 0.62 0.62 38
0.62 0.62 0.62 0.62 0.62 0.3 0.63 0.62 0.62 0.62 0.62 0.62 0.62 0.62 0.62 0.62 0.62 0.62 39
0.62 0.62 0.62 0.62 0.2 0.61 0.62 0.62 0.62 0.62 0.62 0.62 0.62 0.62 0.62 0.62 0.62 0.62 40
0.62 0.64 0.62 0.62 0.62 0.3 0.3 0.65 0.65 0.62 0.62 0.5 0.65 0.62 0.62 0.62 0.64 0.62 41
0.62 0.62 0.62 0.62 0.4 0.4 0.62 0.62 0.62 0.62 0.62 0.65 0.62 0.62 0.62 0.62 0.62 0.62 42
0.62 0.62 0.3 0.62 0.1 0.3 0.62 0.63 0.62 0.62 0.62 0.66 0.62 0.62 0.62 0.62 0.62 0.4 43
0.62 0.62 0.62 0.3 0.62 0.61 0.62 0.62 0.62 0.62 0.62 0.62 0.62 0.62 0.62 0.62 0.62 0.62 44
0.62 0.62 0.63 0.3 0.62 0.3 0.62 0.62 0.62 0.62 0.62 0.3 0.62 0.62 0.62 0.62 0.62 0.5 45
0.62 0.62 0.62 0.62 0.62 0.4 0.62 0.62 0.62 0.63 0.62 0.62 0.62 0.62 0.62 0.62 0.62 0.62 46
0.62 0.62 0.62 0.62 0.62 0.3 0.62 0.62 0.62 0.62 0.61 0.5 0.62 0.62 0.64 0.62 0.62 0.65 47
0.62 0.62 0.62 0.62 0.65 0.4 0.62 0.62 0.61 0.62 0.65 0.62 0.62 0.62 0.62 0.62 0.62 0.5 48
0.62 0.62 0.62 0.62 0.62 0.62 0.62 0.62 0.66 0.62 0.62 0.66 0.62 0.62 0.62 0.62 0.62 0.65 49
0.62 0.62 0.62 0.62 0.62 0.4 0.62 0.65 0.62 0.62 0.5 0.5 0.62 0.62 0.62 0.62 0.65 0.62 50
0.62 0.62 0.62 0.62 0.62 0.62 0.62 0.62 0.62 0.62 0.62 0.62 0.62 0.62 0.66 0.62 0.62 0.66 51
0.62 0.62 0.3 0.62 0.3 0.62 0.62 0.62 0.62 0.62 0.62 0.62 0.62 0.62 0.62 0.62 0.62 0.3 52
0.62 0.62 0.2 0.3 0.3 0.61 0.62 0.62 0.62 0.62 0.2 0.3 0.62 0.62 0.63 0.1 0.62 0.2 53
0.62 0.62 0.62 0.62 0.62 0.3 0.62 0.62 0.62 0.62 0.61 0.63 0.62 0.62 0.62 0.62 0.62 0.62 54
0.62 0.62 0.62 0.62 0.62 0.62 0.62 0.62 0.62 0.62 0.62 0.5 0.62 0.62 0.62 0.62 0.62 0.62 55
0.62 0.62 0.62 0.62 0.62 0.4 0.62 0.62 0.62 0.62 0.62 0.4 0.62 0.62 0.62 0.62 0.62 0.4 56
0.62 0.62 0.62 0.62 0.61 0.4 0.3 0.2 0.61 0.62 0.5 0.62 0.62 0.62 0.65 0.62 0.64 0.62 57
0.62 0.62 0.61 0.62 0.61 0.3 0.62 0.62 0.62 0.62 0.5 0.5 0.62 0.62 0.62 0.62 0.62 0.62 58
0.62 0.62 0.3 0.62 0.62 0.62 0.62 0.62 0.62 0.62 0.62 0.65 0.62 0.62 0.62 0.62 0.62 0.65 59
0.62 0.62 0.62 0.63 0.63 0.62 0.62 0.62 0.65 0.62 0.62 0.62 0.62 0.62 0.62 0.62 0.62 0.62 60
0.62 0.62 0.62 0.62 0.62 0.61 0.62 0.62 0.62 0.62 0.62 0.5 0.62 0.62 0.62 0.62 0.62 0.5 61
0.62 0.62 0.62 0.62 0.62 0.62 0.62 0.62 0.62 0.1 0.62 0.62 0.62 0.62 0.62 0.62 0.62 0.62 62
0.62 0.62 0.62 0.62 0.62 0.62 0.62 0.62 0.62 0.62 0.62 0.62 0.62 0.62 0.62 0.62 0.62 0.62 63
0.62 0.62 0.62 0.62 0.62 0.62 0.62 0.62 0.62 0.62 0.62 0.66 0.62 0.62 0.62 0.62 0.62 0.5 64
0.62 0.62 0.62 0.4 0.61 0.62 0.62 0.62 0.62 0.62 0.62 0.1 0.62 0.62 0.62 0.62 0.62 0.65 65
0.62 0.62 0.62 0.61 0.62 0.61 0.62 0.62 0.62 0.2 0.62 0.66 0.62 0.65 0.62 0.62 0.62 0.5 66
0.62 0.62 0.62 0.62 0.62 0.64 0.62 0.63 0.62 0.63 0.62 0.5 0.62 0.62 0.62 0.62 0.62 0.66 67
0.62 0.62 0.62 0.62 0.62 0.65 0.62 0.62 0.62 0.62 0.5 0.62 0.62 0.62 0.62 0.62 0.62 0.5 68
0.62 0.62 0.62 0.62 0.62 0.62 0.62 0.62 0.62 0.62 0.62 0.62 0.62 0.62 0.62 0.62 0.62 0.62 69
0.62 0.62 0.3 0.62 0.62 0.4 0.62 0.3 0.62 0.62 0.3 0.62 0.62 0.64 0.62 0.62 0.64 0.64 70
0.62 0.62 0.62 0.62 0.62 0.63 0.62 0.62 0.62 0.62 0.62 0.62 0.62 0.62 0.62 0.62 0.62 0.62 71
0.62 0.62 0.62 0.64 0.3 0.61 0.62 0.62 0.62 0.62 0.62 0.62 0.62 0.62 0.62 0.62 0.62 0.62 72
0.62 0.62 0.62 0.62 0.62 0.62 0.62 0.62 0.62 0.62 0.62 0.62 0.62 0.62 0.62 0.62 0.62 0.62 73
0.62 0.62 0.62 0.62 0.3 0.3 0.62 0.62 0.62 0.62 0.62 0.63 0.62 0.62 0.62 0.62 0.62 0.61 74
0.62 0.62 0.62 0.62 0.62 0.62 0.62 0.62 0.62 0.62 0.62 0.5 0.62 0.62 0.62 0.62 0.62 0.62 75
0.62 0.62 0.64 0.62 0.62 0.62 0.62 0.62 0.62 0.62 0.62 0.65 0.62 0.62 0.62 0.62 0.66 0.65 76
0.62 0.62 0.62 0.62 0.62 0.62 0.62 0.62 0.62 0.62 0.62 0.66 0.62 0.62 0.62 0.62 0.62 0.62 77
0.62 0.62 0.62 0.62 0.3 0.1 0.62 0.62 0.62 0.62 0.62 0.62 0.62 0.62 0.62 0.62 0.62 0.3 78
0.62 0.62 0.62 0.62 0.62 0.62 0.62 0.62 0.63 0.62 0.62 0.62 0.62 0.62 0.62 0.62 0.62 0.62 79
0.62 0.62 0.3 0.62 0.62 0.4 0.62 0.64 0.62 0.62 0.62 0.62 0.62 0.62 0.62 0.62 0.62 0.62 80
0.62 0.62 0.63 0.3 0.62 0.4 0.62 0.62 0.62 0.62 0.62 0.3 0.62 0.62 0.62 0.62 0.62 0.66 81
0.62 0.62 0.62 0.62 0.62 0.62 0.62 0.62 0.62 0.62 0.62 0.62 0.62 0.62 0.62 0.62 0.62 0.62 82
0.62 0.62 0.62 0.62 0.4 0.3 0.62 0.66 0.3 0.62 0.62 0.65 0.62 0.62 0.62 0.62 0.62 0.66 83
0.62 0.62 0.62 0.62 0.62 0.62 0.62 0.62 0.62 0.62 0.62 0.62 0.62 0.62 0.62 0.62 0.62 0.62 84
0.62 0.62 0.62 0.62 0.62 0.61 0.62 0.62 0.62 0.62 0.62 0.61 0.62 0.62 0.62 0.62 0.62 0.62 85
0.62 0.62 0.62 0.62 0.62 0.62 0.62 0.62 0.62 0.62 0.62 0.62 0.62 0.62 0.62 0.62 0.62 0.3 86
0.62 0.62 0.62 0.62 0.61 0.61 0.62 0.62 0.62 0.62 0.64 0.61 0.62 0.62 0.62 0.62 0.3 0.62 87
0.62 0.62 0.62 0.62 0.62 0.61 0.3 0.62 0.62 0.62 0.62 0.65 0.62 0.62 0.62 0.62 0.62 0.63 88
0.62 0.62 0.63 0.62 0.62 0.3 0.62 0.62 0.63 0.62 0.62 0.62 0.62 0.62 0.62 0.62 0.62 0.62 89
0.62 0.62 0.62 0.62 0.62 0.3 0.62 0.3 0.3 0.62 0.62 0.5 0.62 0.62 0.62 0.62 0.3 0.62 90
0.62 0.62 0.61 0.62 0.62 0.61 0.62 0.62 0.62 0.62 0.62 0.62 0.62 0.62 0.62 0.62 0.62 0.62 91
0.62 0.62 0.62 0.62 0.61 0.4 0.62 0.62 0.62 0.62 0.64 0.5 0.62 0.62 0.62 0.62 0.62 0.65 92
0.62 0.62 0.62 0.62 0.62 0.62 0.62 0.62 0.62 0.62 0.62 0.62 0.62 0.62 0.62 0.62 0.62 0.65 93
0.62 0.62 0.62 0.3 0.62 0.62 0.62 0.62 0.62 0.62 0.62 0.62 0.62 0.62 0.62 0.62 0.62 0.62 94
0.62 0.62 0.62 0.62 0.62 0.62 0.62 0.62 0.62 0.62 0.63 0.62 0.62 0.62 0.62 0.62 0.62 0.62 95
0.62 0.62 0.62 0.62 0.62 0.62 0.62 0.62 0.62 0.62 0.62 0.62 0.62 0.62 0.62 0.62 0.62 0.62 96
0.62 0.62 0.62 0.62 0.62 0.62 0.62 0.62 0.62 0.62 0.62 0.62 0.62 0.62 0.62 0.62 0.62 0.62 97
0.62 0.62 0.62 0.62 0.3 0.62 0.62 0.62 0.62 0.62 0.4 0.62 0.62 0.62 0.63 0.62 0.62 0.62 98
0.62 0.62 0.62 0.62 0.62 0.62 0.62 0.62 0.62 0.62 0.62 0.62 0.62 0.62 0.62 0.62 0.62 0.62 99
0.62 0.62 0.62 0.62 0.62 0.62 0.62 0.62 0.62 0.62 0.62 0.2 0.62 0.62 0.62 0.62 0.62 0.66 100
0.62 0.4 0.63 0.5 0.62 0.4 0.62 0.65 0.62 0.62 0.63 0.4 0.1 0.62 0.62 0.62 0.62 0.65 101
0.62 0.62 0.62 0.62 0.63 0.62 0.62 0.62 0.62 0.62 0.63 0.4 0.62 0.62 0.62 0.62 0.63 0.62 102
0.62 0.62 0.62 0.61 0.62 0.62 0.62 0.4 0.62 0.62 0.62 0.65 0.62 0.62 0.62 0.62 0.62 0.62 103
0.62 0.62 0.62 0.62 0.61 0.63 0.62 0.62 0.62 0.62 0.62 0.4 0.62 0.62 0.62 0.62 0.62 0.62 104
0.62 0.62 0.62 0.62 0.62 0.62 0.62 0.62 0.62 0.62 0.62 0.62 0.62 0.3 0.62 0.3 0.62 0.62 105
0.62 0.62 0.62 0.62 0.62 0.3 0.62 0.62 0.62 0.3 0.62 0.4 0.62 0.62 0.62 0.62 0.62 0.63 106
0.62 0.62 0.64 0.62 0.62 0.4 0.62 0.62 0.62 0.62 0.62 0.5 0.62 0.62 0.62 0.62 0.62 0.62 107
0.62 0.62 0.62 0.62 0.62 0.62 0.62 0.62 0.62 0.62 0.62 0.62 0.62 0.62 0.62 0.62 0.62 0.62 108
0.62 0.62 0.62 0.62 0.62 0.62 0.62 0.62 0.3 0.62 0.62 0.62 0.62 0.62 0.62 0.62 0.62 0.62 109
0.62 0.62 0.63 0.64 0.62 0.4 0.62 0.62 0.62 0.62 0.3 0.3 0.62 0.62 0.62 0.62 0.62 0.3 110
0.62 0.62 0.63 0.62 0.4 0.63 0.62 0.62 0.62 0.62 0.62 0.5 0.62 0.62 0.62 0.62 0.62 0.65 111
0.62 0.62 0.62 0.62 0.64 0.63 0.62 0.62 0.62 0.62 0.62 0.4 0.62 0.62 0.62 0.62 0.62 0.65 112
0.62 0.62 0.62 0.62 0.62 0.62 0.62 0.62 0.62 0.62 0.62 0.64 0.62 0.62 0.62 0.62 0.62 0.62 113
0.62 0.62 0.62 0.62 0.62 0.62 0.62 0.62 0.62 0.62 0.62 0.62 0.62 0.62 0.62 0.62 0.62 0.62 114
0.62 0.62 0.62 0.62 0.3 0.62 0.62 0.62 0.62 0.62 0.62 0.65 0.62 0.62 0.62 0.62 0.62 0.62 115
0.62 0.62 0.62 0.62 0.62 0.62 0.62 0.62 0.62 0.62 0.62 0.61 0.62 0.62 0.62 0.62 0.62 0.62 116
0.62 0.62 0.62 0.62 0.62 0.62 0.62 0.62 0.62 0.62 0.62 0.65 0.62 0.62 0.62 0.62 0.62 0.62 117
0.62 0.64 0.3 0.62 0.3 0.62 0.62 0.62 0.62 0.62 0.62 0.65 0.62 0.62 0.62 0.63 0.62 0.62 118
0.62 0.62 0.62 0.63 0.62 0.62 0.62 0.62 0.62 0.62 0.61 0.2 0.63 0.62 0.62 0.62 0.62 0.4 119
0.62 0.62 0.62 0.62 0.62 0.61 0.62 0.62 0.63 0.62 0.62 0.62 0.62 0.62 0.62 0.62 0.62 0.4 120
0.62 0.62 0.65 0.62 0.62 0.3 0.62 0.62 0.62 0.62 0.66 0.3 0.62 0.66 0.65 0.62 0.62 0.62 121
0.62 0.62 0.62 0.3 0.62 0.62 0.62 0.62 0.62 0.62 0.4 0.62 0.63 0.62 0.62 0.62 0.62 0.5 122
0.62 0.62 0.62 0.66 0.62 0.62 0.62 0.62 0.64 0.62 0.62 0.5 0.62 0.62 0.62 0.62 0.62 0.62 123
0.62 0.62 0.62 0.62 0.62 0.62 0.62 0.62 0.62 0.62 0.62 0.62 0.62 0.62 0.62 0.62 0.62 0.62 124
0.62 0.62 0.62 0.62 0.62 0.62 0.62 0.62 0.65 0.62 0.62 0.3 0.62 0.62 0.62 0.62 0.62 0.3 125
0.62 0.62 0.62 0.62 0.62 0.63 0.62 0.62 0.62 0.62 0.62 0.61 0.62 0.62 0.62 0.62 0.62 0.62 126
0.62 0.62 0.62 0.62 0.63 0.3 0.62 0.63 0.62 0.62 0.62 0.62 0.62 0.62 0.62 0.62 0.62 0.64 127
0.62 0.62 0.62 0.62 0.62 0.62 0.62 0.62 0.62 0.62 0.62 0.62 0.62 0.62 0.62 0.62 0.62 0.62 128
0.62 0.62 0.64 0.62 0.3 0.62 0.62 0.62 0.62 0.62 0.62 0.62 0.62 0.62 0.62 0.63 0.1 0.62 129
0.62 0.62 0.62 0.62 0.62 0.61 0.62 0.62 0.62 0.62 0.61 0.5 0.62 0.62 0.66 0.62 0.1 0.65 130
0.62 0.62 0.62 0.62 0.62 0.65 0.62 0.62 0.62 0.62 0.62 0.5 0.62 0.62 0.62 0.62 0.3 0.66 131
0.62 0.62 0.62 0.62 0.62 0.62 0.62 0.62 0.62 0.62 0.62 0.61 0.62 0.62 0.62 0.62 0.62 0.62 132
0.62 0.62 0.62 0.62 0.62 0.65 0.62 0.64 0.62 0.62 0.62 0.65 0.62 0.62 0.62 0.62 0.62 0.62 133
0.62 0.62 0.62 0.63 0.62 0.62 0.62 0.62 0.62 0.62 0.64 0.3 0.62 0.62 0.62 0.62 0.62 0.1 134
0.62 0.62 0.62 0.62 0.62 0.62 0.62 0.62 0.61 0.63 0.64 0.62 0.62 0.62 0.62 0.62 0.62 0.3 135
0.62 0.62 0.62 0.62 0.62 0.62 0.62 0.62 0.62 0.62 0.62 0.62 0.62 0.62 0.62 0.62 0.62 0.62 136
