$TYPE inputvec
$XDIM 126
$YDIM 1
$VECDIM 36

0.652 0.652 0.652 0.652 0.652 0.652 0.652 0.652 0.652 0.652 0.652 0.33 0.652 0.652 0.652 0.652 0.652 0.652 0.652 0.652 0.652 0.652 0.652 0.652 0.652 0.652 0.652 0.652 0.652 0.652 0.652 0.652 0.652 0.652 0.66 0.652 0
0.652 0.652 0.652 0.652 0.652 0.652 0.652 0.652 0.652 0.652 0.652 0.654 0.652 0.652 0.652 0.652 0.652 0.6509999999999999 0.652 0.652 0.652 0.652 0.652 0.652 0.652 0.652 0.652 0.652 0.652 0.652 0.652 0.652 0.652 0.652 0.652 0.652 1
0.652 0.652 0.652 0.6509999999999999 0.6509999999999999 0.652 0.652 0.652 0.6509999999999999 0.652 0.6509999999999999 0.652 0.652 0.652 0.652 0.652 0.61 0.652 0.652 0.61 0.652 0.652 0.652 0.652 0.652 0.652 0.652 0.66 0.652 0.652 0.652 0.652 0.652 0.652 0.652 0.652 2
0.652 0.654 0.652 0.652 0.652 0.652 0.652 0.652 0.652 0.654 0.652 0.652 0.652 0.652 0.652 0.652 0.652 0.652 0.652 0.654 0.652 0.652 0.652 0.652 0.652 0.652 0.652 0.652 0.652 0.6509999999999999 0.652 0.652 0.652 0.652 0.652 0.652 3
0.652 0.652 0.652 0.6559999999999999 0.652 0.54 0.652 0.652 0.652 0.652 0.652 0.36 0.652 0.652 0.652 0.652 0.652 0.36 0.652 0.652 0.652 0.652 0.1 0.53 0.652 0.652 0.652 0.652 0.55 0.652 0.652 0.652 0.652 0.652 0.652 0.54 4
0.652 0.652 0.652 0.652 0.652 0.652 0.652 0.652 0.652 0.654 0.655 0.36 0.652 0.652 0.652 0.652 0.652 0.66 0.652 0.652 0.652 0.652 0.54 0.62 0.652 0.652 0.652 0.652 0.652 0.652 0.652 0.652 0.652 0.652 0.652 0.652 5
0.652 0.652 0.6509999999999999 0.652 0.53 0.652 0.652 0.652 0.53 0.654 0.652 0.62 0.652 0.652 0.66 0.652 0.652 0.61 0.34 0.63 0.62 0.6509999999999999 0.2 0.652 0.63 0.652 0.32 0.62 0.652 0.652 0.652 0.2 0.652 0.66 0.653 0.652 6
0.652 0.652 0.652 0.652 0.652 0.652 0.652 0.652 0.652 0.652 0.652 0.652 0.652 0.652 0.652 0.652 0.652 0.652 0.652 0.652 0.652 0.652 0.652 0.52 0.652 0.652 0.652 0.652 0.52 0.652 0.652 0.652 0.652 0.652 0.652 0.652 7
0.652 0.652 0.653 0.655 0.653 0.653 0.652 0.55 0.6509999999999999 0.652 0.652 0.62 0.652 0.652 0.652 0.652 0.61 0.654 0.62 0.62 0.62 0.652 0.53 0.63 0.53 0.53 0.654 0.652 0.652 0.652 0.652 0.66 0.652 0.652 0.652 0.652 8
0.652 0.652 0.652 0.652 0.652 0.64 0.652 0.652 0.652 0.652 0.652 0.66 0.652 0.652 0.652 0.652 0.652 0.31 0.652 0.652 0.34 0.31 0.652 0.62 0.652 0.652 0.652 0.36 0.653 0.652 0.652 0.652 0.652 0.652 0.2 0.36 9
0.652 0.652 0.652 0.652 0.652 0.652 0.652 0.652 0.652 0.6509999999999999 0.652 0.652 0.652 0.652 0.652 0.652 0.652 0.654 0.652 0.652 0.652 0.652 0.53 0.652 0.652 0.652 0.63 0.652 0.652 0.652 0.652 0.652 0.652 0.652 0.654 0.652 10
0.652 0.652 0.652 0.652 0.652 0.653 0.652 0.652 0.652 0.652 0.652 0.62 0.652 0.652 0.652 0.652 0.652 0.32 0.652 0.652 0.652 0.652 0.652 0.33 0.652 0.652 0.652 0.652 0.652 0.652 0.652 0.652 0.652 0.6509999999999999 0.653 0.1 11
0.652 0.652 0.652 0.652 0.652 0.1 0.652 0.652 0.652 0.652 0.652 0.53 0.652 0.652 0.652 0.652 0.652 0.652 0.652 0.652 0.652 0.652 0.1 0.54 0.653 0.652 0.652 0.655 0.1 0.652 0.652 0.652 0.652 0.652 0.652 0.53 12
0.652 0.652 0.652 0.653 0.653 0.652 0.652 0.652 0.652 0.652 0.652 0.652 0.652 0.652 0.652 0.652 0.652 0.652 0.652 0.652 0.652 0.652 0.652 0.652 0.652 0.652 0.652 0.653 0.652 0.652 0.652 0.652 0.652 0.652 0.652 0.652 13
0.652 0.652 0.652 0.652 0.652 0.653 0.652 0.652 0.652 0.652 0.652 0.36 0.652 0.652 0.652 0.652 0.652 0.63 0.652 0.652 0.6559999999999999 0.66 0.52 0.653 0.652 0.652 0.652 0.652 0.652 0.652 0.652 0.652 0.652 0.652 0.652 0.652 14
0.652 0.6509999999999999 0.66 0.63 0.652 0.652 0.652 0.652 0.36 0.63 0.62 0.63 0.652 0.652 0.66 0.652 0.652 0.652 0.652 0.652 0.652 0.652 0.652 0.652 0.652 0.652 0.66 0.6509999999999999 0.6509999999999999 0.652 0.652 0.652 0.652 0.652 0.6509999999999999 0.652 15
0.652 0.652 0.654 0.652 0.652 0.66 0.6509999999999999 0.652 0.652 0.654 0.6559999999999999 0.2 0.652 0.652 0.652 0.652 0.652 0.62 0.652 0.652 0.652 0.652 0.652 0.61 0.652 0.652 0.652 0.652 0.2 0.652 0.652 0.652 0.652 0.652 0.35 0.652 16
0.652 0.652 0.652 0.6509999999999999 0.652 0.61 0.6509999999999999 0.61 0.64 0.6509999999999999 0.652 0.6559999999999999 0.652 0.652 0.654 0.652 0.652 0.61 0.652 0.652 0.652 0.6509999999999999 0.1 0.63 0.652 0.652 0.6509999999999999 0.64 0.64 0.652 0.652 0.63 0.652 0.652 0.652 0.652 17
0.652 0.652 0.652 0.652 0.652 0.52 0.652 0.652 0.654 0.652 0.6509999999999999 0.654 0.652 0.652 0.61 0.652 0.652 0.652 0.652 0.652 0.652 0.652 0.61 0.66 0.6509999999999999 0.652 0.652 0.54 0.53 0.652 0.652 0.652 0.652 0.652 0.1 0.652 18
0.652 0.652 0.652 0.652 0.63 0.63 0.652 0.6509999999999999 0.652 0.6509999999999999 0.63 0.652 0.6509999999999999 0.6509999999999999 0.63 0.652 0.652 0.63 0.652 0.652 0.652 0.6509999999999999 0.6509999999999999 0.652 0.652 0.652 0.652 0.652 0.652 0.652 0.652 0.652 0.652 0.652 0.652 0.652 19
0.652 0.652 0.652 0.653 0.652 0.61 0.652 0.652 0.652 0.652 0.652 0.652 0.652 0.652 0.652 0.652 0.652 0.652 0.652 0.652 0.652 0.652 0.62 0.652 0.652 0.652 0.62 0.52 0.655 0.652 0.652 0.652 0.652 0.652 0.652 0.652 20
0.652 0.652 0.63 0.652 0.652 0.6509999999999999 0.652 0.652 0.652 0.652 0.53 0.6509999999999999 0.652 0.652 0.652 0.61 0.652 0.64 0.652 0.652 0.63 0.652 0.652 0.63 0.652 0.63 0.652 0.1 0.652 0.652 0.652 0.652 0.652 0.652 0.655 0.51 21
0.652 0.654 0.652 0.652 0.652 0.54 0.652 0.652 0.66 0.654 0.652 0.62 0.63 0.652 0.652 0.652 0.652 0.62 0.652 0.66 0.652 0.35 0.66 0.653 0.654 0.1 0.653 0.652 0.66 0.652 0.652 0.1 0.652 0.652 0.55 0.652 22
0.652 0.652 0.652 0.652 0.63 0.63 0.652 0.652 0.652 0.652 0.653 0.66 0.652 0.652 0.652 0.652 0.652 0.652 0.652 0.652 0.652 0.652 0.652 0.652 0.652 0.652 0.652 0.6509999999999999 0.652 0.652 0.652 0.652 0.66 0.652 0.654 0.652 23
0.652 0.654 0.652 0.652 0.6509999999999999 0.54 0.652 0.652 0.652 0.652 0.6509999999999999 0.652 0.61 0.652 0.63 0.652 0.652 0.33 0.652 0.654 0.652 0.652 0.36 0.36 0.652 0.652 0.653 0.652 0.652 0.652 0.652 0.652 0.652 0.652 0.61 0.6559999999999999 24
0.652 0.652 0.652 0.652 0.652 0.652 0.652 0.652 0.652 0.652 0.653 0.55 0.652 0.652 0.652 0.652 0.652 0.32 0.652 0.653 0.53 0.655 0.33 0.652 0.652 0.652 0.652 0.1 0.652 0.652 0.66 0.652 0.652 0.652 0.36 0.652 25
0.652 0.652 0.54 0.53 0.652 0.653 0.53 0.652 0.652 0.652 0.652 0.36 0.652 0.652 0.652 0.652 0.652 0.652 0.652 0.652 0.652 0.652 0.652 0.652 0.653 0.652 0.652 0.655 0.652 0.653 0.652 0.652 0.652 0.652 0.652 0.652 26
0.652 0.652 0.63 0.652 0.652 0.51 0.652 0.652 0.652 0.652 0.652 0.66 0.652 0.652 0.652 0.652 0.6509999999999999 0.652 0.652 0.652 0.652 0.652 0.53 0.652 0.652 0.652 0.652 0.1 0.652 0.652 0.652 0.652 0.652 0.652 0.36 0.652 27
0.652 0.63 0.654 0.652 0.6509999999999999 0.61 0.654 0.652 0.6509999999999999 0.652 0.653 0.63 0.652 0.654 0.66 0.652 0.6509999999999999 0.34 0.654 0.652 0.652 0.652 0.53 0.652 0.64 0.652 0.652 0.55 0.652 0.652 0.652 0.652 0.652 0.652 0.53 0.652 28
0.652 0.652 0.652 0.63 0.652 0.652 0.652 0.652 0.652 0.652 0.652 0.652 0.652 0.652 0.63 0.652 0.652 0.652 0.652 0.652 0.652 0.652 0.652 0.652 0.652 0.652 0.652 0.652 0.652 0.652 0.652 0.652 0.652 0.652 0.652 0.63 29
0.652 0.652 0.652 0.652 0.652 0.655 0.652 0.652 0.652 0.652 0.652 0.4 0.652 0.652 0.652 0.652 0.652 0.652 0.652 0.652 0.652 0.652 0.652 0.34 0.652 0.64 0.652 0.652 0.1 0.652 0.652 0.652 0.652 0.652 0.652 0.652 30
0.652 0.652 0.652 0.63 0.6509999999999999 0.653 0.652 0.6509999999999999 0.652 0.652 0.1 0.62 0.652 0.2 0.652 0.2 0.652 0.2 0.652 0.66 0.652 0.1 0.36 0.66 0.652 0.652 0.652 0.652 0.4 0.652 0.652 0.652 0.652 0.652 0.652 0.653 31
0.652 0.652 0.654 0.652 0.652 0.653 0.652 0.652 0.652 0.61 0.6509999999999999 0.56 0.652 0.652 0.652 0.652 0.6509999999999999 0.652 0.652 0.63 0.652 0.54 0.62 0.652 0.652 0.652 0.652 0.33 0.652 0.652 0.652 0.652 0.652 0.652 0.653 0.652 32
0.652 0.6509999999999999 0.652 0.652 0.652 0.2 0.63 0.652 0.652 0.652 0.652 0.652 0.652 0.652 0.652 0.652 0.652 0.652 0.652 0.652 0.652 0.652 0.652 0.654 0.652 0.652 0.652 0.63 0.652 0.652 0.652 0.652 0.652 0.652 0.652 0.652 33
0.652 0.652 0.652 0.652 0.4 0.53 0.652 0.652 0.652 0.652 0.652 0.6509999999999999 0.652 0.652 0.652 0.652 0.652 0.652 0.652 0.652 0.652 0.6509999999999999 0.652 0.62 0.652 0.652 0.652 0.652 0.36 0.652 0.652 0.652 0.652 0.652 0.652 0.66 34
0.652 0.6559999999999999 0.6559999999999999 0.652 0.652 0.64 0.64 0.66 0.66 0.652 0.653 0.32 0.66 0.652 0.652 0.652 0.64 0.652 0.652 0.6559999999999999 0.652 0.652 0.54 0.655 0.652 0.652 0.652 0.64 0.652 0.652 0.652 0.652 0.53 0.652 0.66 0.652 35
0.652 0.652 0.652 0.652 0.52 0.54 0.652 0.652 0.652 0.652 0.652 0.66 0.652 0.652 0.652 0.652 0.652 0.652 0.652 0.652 0.652 0.652 0.52 0.32 0.652 0.652 0.652 0.654 0.66 0.652 0.652 0.652 0.652 0.654 0.1 0.652 36
0.652 0.652 0.4 0.652 0.2 0.61 0.652 0.63 0.652 0.652 0.652 0.62 0.652 0.652 0.652 0.652 0.652 0.52 0.652 0.652 0.652 0.652 0.62 0.652 0.652 0.652 0.66 0.51 0.652 0.652 0.652 0.652 0.652 0.53 0.55 0.66 37
0.652 0.652 0.652 0.64 0.652 0.53 0.653 0.652 0.652 0.652 0.653 0.653 0.652 0.652 0.652 0.652 0.652 0.653 0.652 0.66 0.652 0.652 0.652 0.653 0.652 0.652 0.652 0.66 0.1 0.652 0.652 0.652 0.652 0.652 0.652 0.652 38
0.652 0.652 0.63 0.63 0.652 0.64 0.652 0.652 0.652 0.652 0.652 0.51 0.652 0.652 0.652 0.652 0.652 0.33 0.652 0.652 0.655 0.655 0.652 0.655 0.652 0.652 0.652 0.54 0.652 0.652 0.652 0.652 0.652 0.66 0.53 0.652 39
0.652 0.652 0.652 0.652 0.652 0.52 0.652 0.652 0.652 0.63 0.652 0.652 0.652 0.652 0.652 0.652 0.652 0.652 0.652 0.652 0.652 0.652 0.54 0.62 0.652 0.652 0.652 0.652 0.62 0.652 0.652 0.652 0.652 0.652 0.652 0.652 40
0.652 0.652 0.652 0.6509999999999999 0.652 0.2 0.652 0.652 0.652 0.652 0.53 0.33 0.652 0.652 0.64 0.652 0.652 0.66 0.55 0.652 0.54 0.652 0.53 0.652 0.652 0.652 0.652 0.1 0.652 0.652 0.652 0.652 0.652 0.652 0.55 0.652 41
0.652 0.652 0.652 0.652 0.66 0.1 0.652 0.652 0.53 0.652 0.62 0.652 0.652 0.652 0.652 0.652 0.6509999999999999 0.33 0.652 0.63 0.652 0.6509999999999999 0.1 0.652 0.652 0.652 0.652 0.1 0.53 0.6509999999999999 0.6509999999999999 0.6509999999999999 0.6509999999999999 0.652 0.1 0.62 42
0.652 0.652 0.652 0.652 0.652 0.652 0.652 0.652 0.36 0.652 0.652 0.62 0.652 0.652 0.652 0.652 0.652 0.62 0.652 0.653 0.652 0.62 0.652 0.652 0.652 0.66 0.652 0.62 0.652 0.652 0.652 0.652 0.652 0.652 0.655 0.653 43
0.652 0.652 0.652 0.652 0.652 0.652 0.652 0.652 0.652 0.652 0.652 0.652 0.652 0.652 0.62 0.652 0.652 0.62 0.652 0.66 0.652 0.652 0.36 0.652 0.652 0.652 0.654 0.652 0.652 0.652 0.652 0.652 0.652 0.652 0.652 0.652 44
0.652 0.63 0.63 0.652 0.61 0.652 0.652 0.652 0.652 0.652 0.652 0.652 0.652 0.652 0.652 0.652 0.652 0.4 0.652 0.652 0.652 0.652 0.653 0.652 0.652 0.652 0.652 0.655 0.652 0.53 0.652 0.652 0.653 0.652 0.655 0.652 45
0.652 0.652 0.4 0.64 0.61 0.63 0.652 0.652 0.653 0.652 0.4 0.61 0.652 0.652 0.63 0.2 0.653 0.4 0.652 0.652 0.652 0.652 0.52 0.66 0.652 0.652 0.652 0.54 0.66 0.652 0.652 0.652 0.652 0.652 0.1 0.653 46
0.652 0.652 0.652 0.652 0.652 0.61 0.652 0.652 0.652 0.652 0.53 0.63 0.652 0.652 0.652 0.652 0.652 0.652 0.652 0.652 0.652 0.652 0.652 0.52 0.652 0.652 0.63 0.655 0.653 0.652 0.652 0.652 0.652 0.652 0.652 0.53 47
0.652 0.654 0.652 0.652 0.652 0.652 0.652 0.652 0.652 0.652 0.652 0.32 0.652 0.652 0.652 0.652 0.652 0.66 0.652 0.652 0.652 0.652 0.66 0.652 0.652 0.652 0.652 0.652 0.652 0.652 0.652 0.652 0.652 0.652 0.62 0.652 48
0.652 0.652 0.652 0.652 0.652 0.54 0.652 0.652 0.652 0.652 0.652 0.51 0.652 0.652 0.652 0.652 0.652 0.52 0.652 0.652 0.652 0.652 0.652 0.655 0.652 0.652 0.652 0.6509999999999999 0.54 0.652 0.652 0.652 0.652 0.652 0.652 0.652 49
0.652 0.652 0.652 0.652 0.66 0.54 0.61 0.4 0.655 0.652 0.34 0.652 0.652 0.654 0.66 0.652 0.6559999999999999 0.652 0.652 0.655 0.66 0.1 0.61 0.652 0.652 0.652 0.652 0.36 0.652 0.652 0.652 0.652 0.53 0.66 0.1 0.652 50
0.652 0.652 0.655 0.6509999999999999 0.66 0.61 0.652 0.652 0.652 0.652 0.33 0.36 0.652 0.652 0.652 0.652 0.652 0.652 0.652 0.6509999999999999 0.652 0.652 0.66 0.652 0.652 0.652 0.652 0.652 0.652 0.652 0.652 0.652 0.652 0.652 0.652 0.652 51
0.652 0.652 0.61 0.652 0.652 0.653 0.652 0.652 0.652 0.652 0.652 0.66 0.652 0.652 0.652 0.652 0.652 0.66 0.652 0.652 0.652 0.652 0.652 0.653 0.652 0.652 0.652 0.652 0.653 0.652 0.652 0.652 0.54 0.652 0.655 0.652 52
0.652 0.652 0.652 0.63 0.63 0.653 0.652 0.652 0.66 0.652 0.652 0.653 0.652 0.652 0.652 0.652 0.652 0.652 0.652 0.652 0.652 0.652 0.653 0.655 0.652 0.652 0.64 0.1 0.32 0.652 0.652 0.652 0.652 0.652 0.652 0.655 53
0.652 0.652 0.652 0.6509999999999999 0.652 0.53 0.652 0.654 0.652 0.652 0.654 0.32 0.652 0.652 0.652 0.652 0.652 0.36 0.652 0.652 0.652 0.36 0.1 0.53 0.652 0.652 0.66 0.1 0.652 0.652 0.652 0.652 0.652 0.652 0.1 0.652 54
0.652 0.652 0.652 0.652 0.652 0.652 0.652 0.652 0.652 0.2 0.652 0.652 0.652 0.652 0.652 0.652 0.652 0.652 0.652 0.652 0.652 0.652 0.66 0.66 0.652 0.652 0.652 0.2 0.653 0.652 0.652 0.652 0.652 0.652 0.653 0.2 55
0.652 0.652 0.652 0.652 0.652 0.652 0.652 0.652 0.652 0.652 0.652 0.652 0.652 0.652 0.652 0.652 0.652 0.652 0.652 0.652 0.652 0.652 0.652 0.653 0.652 0.652 0.652 0.652 0.63 0.652 0.652 0.652 0.652 0.652 0.652 0.652 56
0.652 0.6559999999999999 0.652 0.652 0.652 0.652 0.652 0.652 0.652 0.6559999999999999 0.6559999999999999 0.62 0.6559999999999999 0.652 0.652 0.652 0.652 0.33 0.652 0.652 0.652 0.652 0.652 0.53 0.652 0.61 0.6509999999999999 0.652 0.652 0.652 0.652 0.652 0.652 0.652 0.53 0.652 57
0.652 0.652 0.652 0.1 0.655 0.652 0.652 0.6509999999999999 0.652 0.6509999999999999 0.652 0.2 0.652 0.652 0.652 0.652 0.652 0.66 0.652 0.652 0.652 0.652 0.652 0.61 0.652 0.64 0.63 0.2 0.62 0.652 0.652 0.62 0.6509999999999999 0.652 0.62 0.62 58
0.652 0.652 0.652 0.53 0.653 0.655 0.652 0.652 0.652 0.4 0.652 0.62 0.652 0.66 0.652 0.652 0.652 0.32 0.54 0.64 0.654 0.652 0.66 0.4 0.654 0.652 0.652 0.53 0.66 0.652 0.652 0.652 0.652 0.652 0.652 0.652 59
0.652 0.652 0.652 0.652 0.652 0.64 0.652 0.63 0.652 0.63 0.652 0.33 0.652 0.652 0.652 0.652 0.652 0.62 0.652 0.652 0.652 0.652 0.652 0.62 0.652 0.652 0.654 0.54 0.4 0.652 0.652 0.652 0.652 0.652 0.652 0.2 60
0.652 0.652 0.652 0.652 0.652 0.66 0.652 0.652 0.652 0.652 0.34 0.652 0.652 0.652 0.652 0.652 0.652 0.33 0.652 0.652 0.652 0.33 0.653 0.652 0.652 0.652 0.652 0.652 0.652 0.654 0.652 0.52 0.652 0.652 0.652 0.653 61
0.652 0.652 0.652 0.652 0.652 0.652 0.652 0.652 0.652 0.652 0.652 0.652 0.652 0.652 0.652 0.652 0.652 0.652 0.652 0.652 0.652 0.652 0.652 0.652 0.652 0.652 0.652 0.652 0.1 0.652 0.652 0.652 0.652 0.652 0.652 0.652 62
0.652 0.652 0.61 0.652 0.653 0.54 0.652 0.61 0.652 0.652 0.64 0.6509999999999999 0.652 0.6559999999999999 0.6509999999999999 0.652 0.63 0.63 0.652 0.6509999999999999 0.53 0.652 0.55 0.63 0.652 0.652 0.653 0.53 0.652 0.652 0.652 0.652 0.6509999999999999 0.652 0.53 0.653 63
0.652 0.652 0.652 0.652 0.652 0.63 0.652 0.652 0.6509999999999999 0.652 0.652 0.652 0.652 0.652 0.652 0.652 0.652 0.654 0.652 0.652 0.652 0.652 0.54 0.652 0.652 0.652 0.6559999999999999 0.654 0.653 0.652 0.652 0.6509999999999999 0.63 0.652 0.63 0.652 64
0.652 0.652 0.652 0.63 0.61 0.53 0.652 0.653 0.652 0.652 0.652 0.652 0.652 0.652 0.652 0.652 0.652 0.652 0.652 0.652 0.652 0.652 0.653 0.655 0.652 0.652 0.64 0.63 0.652 0.652 0.61 0.652 0.652 0.652 0.64 0.652 65
0.652 0.652 0.6509999999999999 0.652 0.652 0.652 0.652 0.652 0.652 0.652 0.652 0.652 0.652 0.6509999999999999 0.652 0.652 0.652 0.652 0.652 0.652 0.652 0.6509999999999999 0.6509999999999999 0.652 0.6509999999999999 0.652 0.652 0.652 0.652 0.652 0.652 0.652 0.652 0.652 0.652 0.652 66
0.652 0.652 0.652 0.6509999999999999 0.61 0.61 0.652 0.654 0.652 0.652 0.652 0.63 0.652 0.652 0.6509999999999999 0.652 0.652 0.53 0.652 0.654 0.652 0.652 0.1 0.653 0.652 0.6509999999999999 0.652 0.52 0.652 0.652 0.652 0.652 0.652 0.652 0.4 0.652 67
0.652 0.652 0.6509999999999999 0.652 0.652 0.652 0.652 0.652 0.652 0.652 0.652 0.33 0.652 0.652 0.652 0.652 0.652 0.66 0.62 0.653 0.66 0.652 0.652 0.62 0.652 0.652 0.652 0.652 0.652 0.652 0.652 0.652 0.652 0.652 0.652 0.652 68
0.652 0.652 0.63 0.652 0.652 0.652 0.652 0.652 0.652 0.652 0.653 0.66 0.652 0.652 0.652 0.652 0.36 0.66 0.652 0.66 0.652 0.652 0.53 0.653 0.652 0.6509999999999999 0.652 0.653 0.62 0.652 0.652 0.6509999999999999 0.63 0.652 0.655 0.652 69
0.652 0.652 0.652 0.652 0.652 0.652 0.652 0.652 0.652 0.652 0.652 0.62 0.652 0.652 0.652 0.652 0.652 0.66 0.652 0.652 0.54 0.652 0.652 0.652 0.652 0.652 0.652 0.652 0.62 0.652 0.652 0.652 0.652 0.652 0.652 0.652 70
0.652 0.652 0.652 0.652 0.61 0.2 0.652 0.652 0.652 0.652 0.652 0.652 0.652 0.652 0.652 0.652 0.652 0.61 0.652 0.55 0.652 0.652 0.652 0.652 0.652 0.652 0.652 0.652 0.652 0.652 0.652 0.652 0.652 0.652 0.652 0.652 71
0.652 0.652 0.652 0.652 0.652 0.652 0.652 0.652 0.63 0.652 0.652 0.652 0.652 0.652 0.652 0.652 0.652 0.652 0.652 0.652 0.652 0.2 0.652 0.652 0.652 0.654 0.652 0.652 0.63 0.652 0.652 0.652 0.652 0.652 0.652 0.652 72
0.652 0.652 0.64 0.652 0.652 0.1 0.652 0.64 0.652 0.652 0.652 0.652 0.652 0.652 0.652 0.652 0.652 0.66 0.652 0.652 0.652 0.653 0.652 0.652 0.652 0.652 0.652 0.652 0.652 0.652 0.652 0.652 0.652 0.652 0.652 0.652 73
0.652 0.652 0.63 0.61 0.652 0.52 0.652 0.652 0.652 0.652 0.652 0.61 0.652 0.652 0.652 0.652 0.652 0.36 0.652 0.652 0.652 0.652 0.652 0.62 0.652 0.652 0.652 0.652 0.62 0.652 0.652 0.652 0.652 0.652 0.2 0.652 74
0.652 0.652 0.6509999999999999 0.6509999999999999 0.6509999999999999 0.652 0.6559999999999999 0.652 0.652 0.63 0.652 0.652 0.6559999999999999 0.652 0.652 0.6509999999999999 0.652 0.652 0.6559999999999999 0.6559999999999999 0.652 0.652 0.652 0.652 0.652 0.652 0.6509999999999999 0.652 0.6559999999999999 0.652 0.652 0.652 0.652 0.652 0.652 0.652 75
0.652 0.654 0.652 0.652 0.1 0.64 0.652 0.62 0.36 0.654 0.652 0.66 0.652 0.652 0.652 0.652 0.652 0.62 0.654 0.652 0.652 0.652 0.652 0.652 0.652 0.6509999999999999 0.655 0.652 0.652 0.652 0.652 0.652 0.652 0.652 0.652 0.652 76
0.652 0.652 0.652 0.652 0.653 0.653 0.652 0.652 0.652 0.652 0.652 0.6509999999999999 0.652 0.652 0.652 0.652 0.652 0.6509999999999999 0.652 0.654 0.652 0.652 0.652 0.66 0.652 0.652 0.652 0.652 0.655 0.652 0.652 0.652 0.6509999999999999 0.652 0.652 0.54 77
0.652 0.652 0.652 0.652 0.652 0.53 0.652 0.652 0.652 0.652 0.652 0.53 0.652 0.652 0.652 0.652 0.652 0.652 0.652 0.652 0.652 0.652 0.53 0.652 0.652 0.652 0.652 0.6509999999999999 0.54 0.652 0.652 0.652 0.652 0.652 0.1 0.652 78
0.652 0.652 0.652 0.652 0.53 0.53 0.652 0.652 0.652 0.6509999999999999 0.6559999999999999 0.55 0.652 0.652 0.6509999999999999 0.652 0.61 0.653 0.652 0.655 0.652 0.652 0.63 0.55 0.652 0.652 0.66 0.54 0.53 0.6509999999999999 0.652 0.66 0.652 0.652 0.54 0.54 79
0.652 0.652 0.652 0.654 0.652 0.53 0.61 0.652 0.652 0.652 0.652 0.66 0.652 0.652 0.652 0.654 0.652 0.63 0.652 0.652 0.652 0.652 0.54 0.52 0.652 0.652 0.652 0.654 0.66 0.652 0.652 0.652 0.652 0.652 0.1 0.655 80
0.652 0.652 0.63 0.654 0.6509999999999999 0.2 0.652 0.652 0.63 0.652 0.653 0.652 0.652 0.652 0.652 0.652 0.652 0.652 0.652 0.652 0.652 0.652 0.66 0.652 0.652 0.652 0.652 0.53 0.652 0.652 0.652 0.652 0.652 0.652 0.652 0.652 81
0.652 0.652 0.652 0.652 0.6509999999999999 0.61 0.652 0.61 0.2 0.6509999999999999 0.652 0.31 0.652 0.652 0.652 0.652 0.64 0.652 0.652 0.652 0.652 0.652 0.2 0.652 0.652 0.654 0.61 0.2 0.652 0.652 0.652 0.652 0.652 0.652 0.61 0.652 82
0.652 0.652 0.655 0.652 0.652 0.53 0.652 0.652 0.652 0.652 0.652 0.652 0.652 0.652 0.652 0.652 0.652 0.652 0.652 0.652 0.652 0.652 0.652 0.53 0.652 0.652 0.652 0.52 0.652 0.652 0.652 0.53 0.652 0.653 0.52 0.652 83
0.652 0.6559999999999999 0.652 0.6509999999999999 0.655 0.54 0.652 0.652 0.652 0.652 0.6559999999999999 0.32 0.652 0.6559999999999999 0.654 0.652 0.652 0.66 0.652 0.63 0.653 0.653 0.66 0.655 0.652 0.6509999999999999 0.63 0.54 0.66 0.652 0.652 0.652 0.652 0.652 0.54 0.66 84
0.652 0.652 0.652 0.652 0.6509999999999999 0.652 0.652 0.652 0.652 0.63 0.652 0.652 0.652 0.652 0.652 0.6509999999999999 0.652 0.62 0.652 0.652 0.652 0.2 0.652 0.6559999999999999 0.652 0.652 0.652 0.652 0.652 0.652 0.652 0.652 0.652 0.652 0.652 0.652 85
0.652 0.6509999999999999 0.654 0.61 0.652 0.652 0.652 0.652 0.652 0.652 0.652 0.654 0.652 0.652 0.652 0.652 0.6509999999999999 0.654 0.63 0.63 0.652 0.654 0.63 0.652 0.652 0.6509999999999999 0.652 0.63 0.653 0.652 0.63 0.652 0.6509999999999999 0.652 0.53 0.6559999999999999 86
0.652 0.652 0.652 0.652 0.652 0.653 0.652 0.652 0.652 0.652 0.63 0.653 0.652 0.652 0.652 0.652 0.652 0.652 0.652 0.652 0.652 0.652 0.52 0.1 0.652 0.652 0.652 0.652 0.1 0.652 0.652 0.652 0.652 0.652 0.652 0.1 87
0.652 0.652 0.652 0.652 0.652 0.652 0.652 0.652 0.652 0.652 0.654 0.652 0.652 0.652 0.652 0.652 0.652 0.652 0.652 0.652 0.652 0.652 0.652 0.652 0.652 0.6509999999999999 0.652 0.652 0.652 0.63 0.652 0.6509999999999999 0.652 0.652 0.652 0.652 88
0.652 0.652 0.652 0.652 0.652 0.652 0.652 0.652 0.652 0.652 0.652 0.652 0.652 0.652 0.652 0.652 0.652 0.652 0.652 0.6509999999999999 0.652 0.652 0.652 0.652 0.6509999999999999 0.652 0.652 0.653 0.652 0.652 0.652 0.652 0.652 0.652 0.652 0.652 89
0.652 0.652 0.652 0.652 0.61 0.652 0.652 0.652 0.652 0.652 0.54 0.652 0.652 0.652 0.63 0.652 0.652 0.652 0.652 0.652 0.652 0.6509999999999999 0.1 0.655 0.652 0.652 0.652 0.652 0.54 0.652 0.652 0.652 0.652 0.652 0.54 0.53 90
0.652 0.6509999999999999 0.652 0.654 0.652 0.652 0.652 0.6509999999999999 0.6559999999999999 0.652 0.652 0.652 0.652 0.652 0.652 0.652 0.652 0.652 0.652 0.652 0.63 0.652 0.652 0.66 0.652 0.652 0.652 0.4 0.652 0.652 0.652 0.6509999999999999 0.652 0.652 0.6509999999999999 0.63 91
0.652 0.652 0.6509999999999999 0.652 0.652 0.652 0.652 0.652 0.652 0.652 0.652 0.4 0.652 0.652 0.652 0.652 0.652 0.62 0.652 0.652 0.652 0.652 0.53 0.653 0.652 0.652 0.652 0.652 0.63 0.652 0.652 0.652 0.652 0.6509999999999999 0.61 0.63 92
0.652 0.1 0.63 0.33 0.6509999999999999 0.52 0.652 0.66 0.652 0.654 0.63 0.1 0.2 0.652 0.652 0.652 0.652 0.62 0.652 0.54 0.652 0.652 0.652 0.52 0.652 0.652 0.652 0.652 0.1 0.652 0.652 0.652 0.652 0.652 0.652 0.53 93
0.652 0.652 0.652 0.652 0.63 0.652 0.652 0.652 0.652 0.652 0.63 0.1 0.652 0.652 0.652 0.652 0.63 0.652 0.652 0.652 0.652 0.652 0.1 0.52 0.652 0.652 0.652 0.1 0.52 0.652 0.652 0.652 0.652 0.652 0.1 0.652 94
0.652 0.652 0.652 0.53 0.652 0.652 0.652 0.52 0.652 0.652 0.652 0.66 0.652 0.652 0.652 0.652 0.652 0.652 0.652 0.652 0.652 0.652 0.54 0.6509999999999999 0.652 0.652 0.652 0.1 0.652 0.652 0.652 0.652 0.652 0.652 0.33 0.652 95
0.652 0.652 0.652 0.652 0.53 0.63 0.652 0.652 0.652 0.652 0.652 0.54 0.652 0.652 0.652 0.652 0.652 0.652 0.6509999999999999 0.652 0.652 0.652 0.652 0.53 0.652 0.6509999999999999 0.652 0.652 0.54 0.652 0.652 0.652 0.652 0.652 0.652 0.54 96
0.652 0.654 0.652 0.652 0.652 0.652 0.652 0.652 0.652 0.652 0.652 0.652 0.652 0.61 0.652 0.2 0.652 0.652 0.652 0.654 0.652 0.652 0.652 0.66 0.652 0.6509999999999999 0.652 0.652 0.652 0.652 0.652 0.53 0.2 0.652 0.652 0.652 97
0.652 0.654 0.654 0.652 0.652 0.61 0.654 0.652 0.654 0.64 0.654 0.1 0.654 0.6509999999999999 0.652 0.652 0.652 0.63 0.652 0.654 0.652 0.652 0.652 0.52 0.652 0.652 0.652 0.652 0.1 0.652 0.63 0.652 0.652 0.652 0.652 0.1 98
0.652 0.652 0.63 0.652 0.652 0.1 0.6509999999999999 0.652 0.652 0.652 0.652 0.35 0.652 0.652 0.652 0.652 0.652 0.652 0.652 0.652 0.652 0.61 0.652 0.1 0.652 0.652 0.652 0.53 0.62 0.652 0.652 0.652 0.652 0.652 0.652 0.54 99
0.652 0.652 0.652 0.652 0.652 0.652 0.652 0.652 0.652 0.652 0.652 0.652 0.652 0.652 0.652 0.652 0.652 0.652 0.652 0.652 0.652 0.652 0.652 0.652 0.652 0.652 0.652 0.653 0.652 0.652 0.53 0.6509999999999999 0.6509999999999999 0.652 0.655 0.652 100
0.652 0.652 0.652 0.654 0.652 0.63 0.652 0.6509999999999999 0.62 0.652 0.652 0.652 0.652 0.652 0.652 0.652 0.652 0.652 0.652 0.652 0.652 0.652 0.655 0.653 0.652 0.652 0.652 0.652 0.652 0.652 0.652 0.652 0.652 0.652 0.1 0.34 101
0.652 0.652 0.63 0.63 0.652 0.52 0.652 0.652 0.652 0.652 0.2 0.2 0.652 0.652 0.652 0.652 0.652 0.61 0.652 0.652 0.1 0.652 0.652 0.51 0.652 0.652 0.652 0.652 0.51 0.652 0.652 0.652 0.652 0.652 0.652 0.1 102
0.652 0.652 0.63 0.63 0.54 0.63 0.652 0.652 0.652 0.652 0.652 0.33 0.652 0.652 0.652 0.652 0.652 0.66 0.652 0.53 0.652 0.652 0.66 0.654 0.652 0.652 0.652 0.655 0.53 0.652 0.652 0.64 0.652 0.652 0.652 0.655 103
0.652 0.652 0.652 0.652 0.6559999999999999 0.63 0.652 0.652 0.652 0.652 0.652 0.1 0.652 0.652 0.652 0.652 0.652 0.66 0.652 0.652 0.652 0.652 0.652 0.1 0.652 0.652 0.652 0.652 0.52 0.652 0.652 0.652 0.652 0.652 0.1 0.54 104
0.652 0.652 0.652 0.652 0.6509999999999999 0.652 0.652 0.652 0.652 0.652 0.652 0.652 0.652 0.652 0.652 0.652 0.652 0.652 0.652 0.652 0.652 0.652 0.652 0.652 0.652 0.652 0.652 0.652 0.652 0.652 0.652 0.652 0.652 0.652 0.653 0.655 105
0.652 0.652 0.652 0.652 0.64 0.652 0.652 0.652 0.652 0.652 0.652 0.66 0.652 0.652 0.652 0.653 0.652 0.654 0.652 0.652 0.652 0.652 0.53 0.652 0.652 0.652 0.652 0.652 0.655 0.652 0.652 0.652 0.652 0.652 0.652 0.652 106
0.652 0.652 0.652 0.652 0.652 0.6509999999999999 0.652 0.652 0.652 0.652 0.652 0.655 0.652 0.652 0.652 0.652 0.652 0.652 0.652 0.652 0.652 0.652 0.652 0.652 0.652 0.652 0.652 0.652 0.54 0.61 0.652 0.652 0.652 0.652 0.652 0.652 107
0.652 0.652 0.652 0.652 0.652 0.66 0.652 0.652 0.652 0.652 0.652 0.66 0.652 0.652 0.652 0.652 0.652 0.652 0.652 0.652 0.652 0.652 0.652 0.34 0.652 0.652 0.652 0.652 0.66 0.652 0.652 0.652 0.652 0.652 0.652 0.35 108
0.652 0.63 0.64 0.652 0.61 0.652 0.652 0.652 0.652 0.652 0.652 0.66 0.652 0.652 0.652 0.63 0.652 0.652 0.652 0.652 0.652 0.652 0.1 0.653 0.652 0.652 0.652 0.652 0.53 0.652 0.652 0.652 0.652 0.652 0.652 0.652 109
0.652 0.652 0.652 0.63 0.6509999999999999 0.6509999999999999 0.652 0.652 0.652 0.652 0.53 0.4 0.63 0.6509999999999999 0.652 0.652 0.652 0.1 0.66 0.652 0.652 0.66 0.652 0.32 0.652 0.652 0.652 0.53 0.652 0.652 0.652 0.33 0.652 0.652 0.652 0.1 110
0.652 0.652 0.652 0.652 0.652 0.53 0.652 0.652 0.63 0.652 0.652 0.652 0.652 0.652 0.652 0.652 0.652 0.54 0.652 0.652 0.652 0.652 0.652 0.652 0.652 0.652 0.652 0.652 0.652 0.652 0.652 0.652 0.652 0.652 0.652 0.2 111
0.652 0.6509999999999999 0.66 0.652 0.652 0.61 0.652 0.652 0.652 0.6509999999999999 0.62 0.61 0.652 0.62 0.66 0.652 0.652 0.652 0.652 0.62 0.66 0.62 0.62 0.64 0.652 0.652 0.63 0.66 0.63 0.652 0.652 0.62 0.652 0.66 0.652 0.63 112
0.652 0.6509999999999999 0.652 0.61 0.6509999999999999 0.652 0.652 0.652 0.654 0.652 0.1 0.652 0.63 0.654 0.652 0.652 0.652 0.34 0.652 0.34 0.652 0.652 0.652 0.652 0.653 0.652 0.63 0.653 0.652 0.6509999999999999 0.652 0.652 0.652 0.652 0.652 0.652 113
0.652 0.652 0.652 0.36 0.652 0.652 0.652 0.652 0.64 0.652 0.652 0.34 0.652 0.652 0.652 0.652 0.652 0.652 0.652 0.652 0.652 0.53 0.652 0.6509999999999999 0.652 0.6509999999999999 0.6509999999999999 0.66 0.652 0.63 0.652 0.652 0.652 0.652 0.654 0.653 114
0.652 0.652 0.652 0.652 0.652 0.652 0.652 0.654 0.66 0.652 0.652 0.64 0.652 0.654 0.652 0.652 0.652 0.61 0.652 0.652 0.652 0.652 0.53 0.652 0.652 0.652 0.652 0.652 0.652 0.652 0.652 0.652 0.652 0.652 0.652 0.652 115
0.652 0.652 0.652 0.652 0.652 0.63 0.652 0.652 0.652 0.652 0.652 0.63 0.652 0.652 0.652 0.652 0.652 0.6509999999999999 0.652 0.652 0.652 0.63 0.655 0.652 0.652 0.6509999999999999 0.652 0.652 0.66 0.652 0.652 0.652 0.652 0.652 0.61 0.652 116
0.652 0.652 0.652 0.6509999999999999 0.63 0.61 0.652 0.63 0.652 0.652 0.652 0.6509999999999999 0.652 0.652 0.654 0.652 0.652 0.64 0.652 0.652 0.652 0.655 0.53 0.652 0.652 0.652 0.6509999999999999 0.652 0.652 0.652 0.652 0.655 0.652 0.652 0.653 0.652 117
0.652 0.652 0.652 0.652 0.652 0.652 0.6509999999999999 0.652 0.652 0.652 0.652 0.652 0.652 0.652 0.652 0.652 0.652 0.652 0.652 0.652 0.653 0.63 0.652 0.652 0.6509999999999999 0.654 0.652 0.6509999999999999 0.652 0.6509999999999999 0.652 0.6509999999999999 0.652 0.652 0.652 0.652 118
0.652 0.652 0.6559999999999999 0.6559999999999999 0.61 0.652 0.652 0.652 0.652 0.652 0.652 0.654 0.652 0.652 0.652 0.63 0.2 0.652 0.6509999999999999 0.655 0.53 0.652 0.652 0.655 0.652 0.652 0.652 0.652 0.653 0.652 0.652 0.652 0.652 0.6509999999999999 0.1 0.652 119
0.652 0.652 0.652 0.652 0.6509999999999999 0.655 0.652 0.652 0.653 0.6509999999999999 0.53 0.36 0.652 0.6509999999999999 0.62 0.652 0.2 0.62 0.652 0.53 0.652 0.654 0.6509999999999999 0.652 0.1 0.652 0.652 0.56 0.653 0.652 0.652 0.652 0.652 0.652 0.652 0.54 120
0.652 0.652 0.654 0.652 0.652 0.62 0.654 0.653 0.652 0.652 0.652 0.33 0.652 0.652 0.652 0.652 0.61 0.62 0.652 0.62 0.652 0.652 0.2 0.652 0.652 0.652 0.652 0.62 0.653 0.652 0.652 0.652 0.652 0.652 0.33 0.66 121
0.652 0.652 0.653 0.652 0.653 0.62 0.652 0.6559999999999999 0.652 0.652 0.652 0.66 0.6509999999999999 0.652 0.652 0.652 0.652 0.654 0.652 0.652 0.652 0.652 0.52 0.1 0.652 0.52 0.1 0.653 0.652 0.652 0.652 0.652 0.652 0.652 0.652 0.1 122
0.652 0.652 0.652 0.63 0.652 0.652 0.652 0.652 0.652 0.652 0.64 0.61 0.652 0.652 0.652 0.652 0.652 0.2 0.652 0.652 0.652 0.655 0.652 0.61 0.652 0.652 0.652 0.53 0.652 0.652 0.652 0.6509999999999999 0.652 0.652 0.652 0.2 123
0.652 0.652 0.652 0.652 0.652 0.652 0.6509999999999999 0.652 0.63 0.63 0.63 0.652 0.654 0.652 0.654 0.654 0.652 0.2 0.652 0.6559999999999999 0.652 0.652 0.652 0.652 0.63 0.652 0.652 0.652 0.6559999999999999 0.652 0.652 0.652 0.652 0.652 0.54 0.652 124
0.652 0.652 0.652 0.652 0.654 0.6509999999999999 0.652 0.652 0.652 0.652 0.652 0.653 0.652 0.654 0.654 0.6509999999999999 0.655 0.652 0.652 0.654 0.652 0.654 0.652 0.652 0.652 0.652 0.652 0.66 0.652 0.652 0.652 0.652 0.652 0.652 0.652 0.652 125
