652 652 652 652 652 652 652 652 652 652 652 330 652 652 652 652 652 652 652 652 652 652 652 652 652 652 652 652 652 652 652 652 652 652 660 652
652 652 652 652 652 652 652 652 652 652 652 654 652 652 652 652 652 650 652 652 652 652 652 652 652 652 652 652 652 652 652 652 652 652 652 652
652 652 652 650 650 652 652 652 650 652 650 652 652 652 652 652 610 652 652 610 652 652 652 652 652 652 652 660 652 652 652 652 652 652 652 652
652 654 652 652 652 652 652 652 652 654 652 652 652 652 652 652 652 652 652 654 652 652 652 652 652 652 652 652 652 650 652 652 652 652 652 652
652 652 652 655 652 540 652 652 652 652 652 360 652 652 652 652 652 360 652 652 652 652 100 530 652 652 652 652 550 652 652 652 652 652 652 540
652 652 652 652 652 652 652 652 652 654 655 360 652 652 652 652 652 660 652 652 652 652 540 620 652 652 652 652 652 652 652 652 652 652 652 652
652 652 650 652 530 652 652 652 530 654 652 620 652 652 660 652 652 610 340 630 620 650 200 652 630 652 320 620 652 652 652 200 652 660 653 652
652 652 652 652 652 652 652 652 652 652 652 652 652 652 652 652 652 652 652 652 652 652 652 520 652 652 652 652 520 652 652 652 652 652 652 652
652 652 653 655 653 653 652 550 650 652 652 620 652 652 652 652 610 654 620 620 620 652 530 630 530 530 654 652 652 652 652 660 652 652 652 652
652 652 652 652 652 640 652 652 652 652 652 660 652 652 652 652 652 310 652 652 340 310 652 620 652 652 652 360 653 652 652 652 652 652 200 360
652 652 652 652 652 652 652 652 652 650 652 652 652 652 652 652 652 654 652 652 652 652 530 652 652 652 630 652 652 652 652 652 652 652 654 652
652 652 652 652 652 653 652 652 652 652 652 620 652 652 652 652 652 320 652 652 652 652 652 330 652 652 652 652 652 652 652 652 652 650 653 100
652 652 652 652 652 100 652 652 652 652 652 530 652 652 652 652 652 652 652 652 652 652 100 540 653 652 652 655 100 652 652 652 652 652 652 530
652 652 652 653 653 652 652 652 652 652 652 652 652 652 652 652 652 652 652 652 652 652 652 652 652 652 652 653 652 652 652 652 652 652 652 652
652 652 652 652 652 653 652 652 652 652 652 360 652 652 652 652 652 630 652 652 655 660 520 653 652 652 652 652 652 652 652 652 652 652 652 652
652 650 660 630 652 652 652 652 360 630 620 630 652 652 660 652 652 652 652 652 652 652 652 652 652 652 660 650 650 652 652 652 652 652 650 652
652 652 654 652 652 660 650 652 652 654 655 200 652 652 652 652 652 620 652 652 652 652 652 610 652 652 652 652 200 652 652 652 652 652 350 652
652 652 652 650 652 610 650 610 640 650 652 655 652 652 654 652 652 610 652 652 652 650 100 630 652 652 650 640 640 652 652 630 652 652 652 652
652 652 652 652 652 520 652 652 654 652 650 654 652 652 610 652 652 652 652 652 652 652 610 660 650 652 652 540 530 652 652 652 652 652 100 652
652 652 652 652 630 630 652 650 652 650 630 652 650 650 630 652 652 630 652 652 652 650 650 652 652 652 652 652 652 652 652 652 652 652 652 652
652 652 652 653 652 610 652 652 652 652 652 652 652 652 652 652 652 652 652 652 652 652 620 652 652 652 620 520 655 652 652 652 652 652 652 652
652 652 630 652 652 650 652 652 652 652 530 650 652 652 652 610 652 640 652 652 630 652 652 630 652 630 652 100 652 652 652 652 652 652 655 510
652 654 652 652 652 540 652 652 660 654 652 620 630 652 652 652 652 620 652 660 652 350 660 653 654 100 653 652 660 652 652 100 652 652 550 652
652 652 652 652 630 630 652 652 652 652 653 660 652 652 652 652 652 652 652 652 652 652 652 652 652 652 652 650 652 652 652 652 660 652 654 652
652 654 652 652 650 540 652 652 652 652 650 652 610 652 630 652 652 330 652 654 652 652 360 360 652 652 653 652 652 652 652 652 652 652 610 655
652 652 652 652 652 652 652 652 652 652 653 550 652 652 652 652 652 320 652 653 530 655 330 652 652 652 652 100 652 652 660 652 652 652 360 652
652 652 540 530 652 653 530 652 652 652 652 360 652 652 652 652 652 652 652 652 652 652 652 652 653 652 652 655 652 653 652 652 652 652 652 652
652 652 630 652 652 510 652 652 652 652 652 660 652 652 652 652 650 652 652 652 652 652 530 652 652 652 652 100 652 652 652 652 652 652 360 652
652 630 654 652 650 610 654 652 650 652 653 630 652 654 660 652 650 340 654 652 652 652 530 652 640 652 652 550 652 652 652 652 652 652 530 652
652 652 652 630 652 652 652 652 652 652 652 652 652 652 630 652 652 652 652 652 652 652 652 652 652 652 652 652 652 652 652 652 652 652 652 630
652 652 652 652 652 655 652 652 652 652 652 400 652 652 652 652 652 652 652 652 652 652 652 340 652 640 652 652 100 652 652 652 652 652 652 652
652 652 652 630 650 653 652 650 652 652 100 620 652 200 652 200 652 200 652 660 652 100 360 660 652 652 652 652 400 652 652 652 652 652 652 653
652 652 654 652 652 653 652 652 652 610 650 560 652 652 652 652 650 652 652 630 652 540 620 652 652 652 652 330 652 652 652 652 652 652 653 652
652 650 652 652 652 200 630 652 652 652 652 652 652 652 652 652 652 652 652 652 652 652 652 654 652 652 652 630 652 652 652 652 652 652 652 652
652 652 652 652 400 530 652 652 652 652 652 650 652 652 652 652 652 652 652 652 652 650 652 620 652 652 652 652 360 652 652 652 652 652 652 660
652 655 655 652 652 640 640 660 660 652 653 320 660 652 652 652 640 652 652 655 652 652 540 655 652 652 652 640 652 652 652 652 530 652 660 652
652 652 652 652 520 540 652 652 652 652 652 660 652 652 652 652 652 652 652 652 652 652 520 320 652 652 652 654 660 652 652 652 652 654 100 652
652 652 400 652 200 610 652 630 652 652 652 620 652 652 652 652 652 520 652 652 652 652 620 652 652 652 660 510 652 652 652 652 652 530 550 660
652 652 652 640 652 530 653 652 652 652 653 653 652 652 652 652 652 653 652 660 652 652 652 653 652 652 652 660 100 652 652 652 652 652 652 652
652 652 630 630 652 640 652 652 652 652 652 510 652 652 652 652 652 330 652 652 655 655 652 655 652 652 652 540 652 652 652 652 652 660 530 652
652 652 652 652 652 520 652 652 652 630 652 652 652 652 652 652 652 652 652 652 652 652 540 620 652 652 652 652 620 652 652 652 652 652 652 652
652 652 652 650 652 200 652 652 652 652 530 330 652 652 640 652 652 660 550 652 540 652 530 652 652 652 652 100 652 652 652 652 652 652 550 652
652 652 652 652 660 100 652 652 530 652 620 652 652 652 652 652 650 330 652 630 652 650 100 652 652 652 652 100 530 650 650 650 650 652 100 620
652 652 652 652 652 652 652 652 360 652 652 620 652 652 652 652 652 620 652 653 652 620 652 652 652 660 652 620 652 652 652 652 652 652 655 653
652 652 652 652 652 652 652 652 652 652 652 652 652 652 620 652 652 620 652 660 652 652 360 652 652 652 654 652 652 652 652 652 652 652 652 652
652 630 630 652 610 652 652 652 652 652 652 652 652 652 652 652 652 400 652 652 652 652 653 652 652 652 652 655 652 530 652 652 653 652 655 652
652 652 400 640 610 630 652 652 653 652 400 610 652 652 630 200 653 400 652 652 652 652 520 660 652 652 652 540 660 652 652 652 652 652 100 653
652 652 652 652 652 610 652 652 652 652 530 630 652 652 652 652 652 652 652 652 652 652 652 520 652 652 630 655 653 652 652 652 652 652 652 530
652 654 652 652 652 652 652 652 652 652 652 320 652 652 652 652 652 660 652 652 652 652 660 652 652 652 652 652 652 652 652 652 652 652 620 652
652 652 652 652 652 540 652 652 652 652 652 510 652 652 652 652 652 520 652 652 652 652 652 655 652 652 652 650 540 652 652 652 652 652 652 652
652 652 652 652 660 540 610 400 655 652 340 652 652 654 660 652 655 652 652 655 660 100 610 652 652 652 652 360 652 652 652 652 530 660 100 652
652 652 655 650 660 610 652 652 652 652 330 360 652 652 652 652 652 652 652 650 652 652 660 652 652 652 652 652 652 652 652 652 652 652 652 652
652 652 610 652 652 653 652 652 652 652 652 660 652 652 652 652 652 660 652 652 652 652 652 653 652 652 652 652 653 652 652 652 540 652 655 652
652 652 652 630 630 653 652 652 660 652 652 653 652 652 652 652 652 652 652 652 652 652 653 655 652 652 640 100 320 652 652 652 652 652 652 655
652 652 652 650 652 530 652 654 652 652 654 320 652 652 652 652 652 360 652 652 652 360 100 530 652 652 660 100 652 652 652 652 652 652 100 652
652 652 652 652 652 652 652 652 652 200 652 652 652 652 652 652 652 652 652 652 652 652 660 660 652 652 652 200 653 652 652 652 652 652 653 200
652 652 652 652 652 652 652 652 652 652 652 652 652 652 652 652 652 652 652 652 652 652 652 653 652 652 652 652 630 652 652 652 652 652 652 652
652 655 652 652 652 652 652 652 652 655 655 620 655 652 652 652 652 330 652 652 652 652 652 530 652 610 650 652 652 652 652 652 652 652 530 652
652 652 652 100 655 652 652 650 652 650 652 200 652 652 652 652 652 660 652 652 652 652 652 610 652 640 630 200 620 652 652 620 650 652 620 620
652 652 652 530 653 655 652 652 652 400 652 620 652 660 652 652 652 320 540 640 654 652 660 400 654 652 652 530 660 652 652 652 652 652 652 652
652 652 652 652 652 640 652 630 652 630 652 330 652 652 652 652 652 620 652 652 652 652 652 620 652 652 654 540 400 652 652 652 652 652 652 200
652 652 652 652 652 660 652 652 652 652 340 652 652 652 652 652 652 330 652 652 652 330 653 652 652 652 652 652 652 654 652 520 652 652 652 653
652 652 652 652 652 652 652 652 652 652 652 652 652 652 652 652 652 652 652 652 652 652 652 652 652 652 652 652 100 652 652 652 652 652 652 652
652 652 610 652 653 540 652 610 652 652 640 650 652 655 650 652 630 630 652 650 530 652 550 630 652 652 653 530 652 652 652 652 650 652 530 653
652 652 652 652 652 630 652 652 650 652 652 652 652 652 652 652 652 654 652 652 652 652 540 652 652 652 655 654 653 652 652 650 630 652 630 652
652 652 652 630 610 530 652 653 652 652 652 652 652 652 652 652 652 652 652 652 652 652 653 655 652 652 640 630 652 652 610 652 652 652 640 652
652 652 650 652 652 652 652 652 652 652 652 652 652 650 652 652 652 652 652 652 652 650 650 652 650 652 652 652 652 652 652 652 652 652 652 652
652 652 652 650 610 610 652 654 652 652 652 630 652 652 650 652 652 530 652 654 652 652 100 653 652 650 652 520 652 652 652 652 652 652 400 652
652 652 650 652 652 652 652 652 652 652 652 330 652 652 652 652 652 660 620 653 660 652 652 620 652 652 652 652 652 652 652 652 652 652 652 652
652 652 630 652 652 652 652 652 652 652 653 660 652 652 652 652 360 660 652 660 652 652 530 653 652 650 652 653 620 652 652 650 630 652 655 652
652 652 652 652 652 652 652 652 652 652 652 620 652 652 652 652 652 660 652 652 540 652 652 652 652 652 652 652 620 652 652 652 652 652 652 652
652 652 652 652 610 200 652 652 652 652 652 652 652 652 652 652 652 610 652 550 652 652 652 652 652 652 652 652 652 652 652 652 652 652 652 652
652 652 652 652 652 652 652 652 630 652 652 652 652 652 652 652 652 652 652 652 652 200 652 652 652 654 652 652 630 652 652 652 652 652 652 652
652 652 640 652 652 100 652 640 652 652 652 652 652 652 652 652 652 660 652 652 652 653 652 652 652 652 652 652 652 652 652 652 652 652 652 652
652 652 630 610 652 520 652 652 652 652 652 610 652 652 652 652 652 360 652 652 652 652 652 620 652 652 652 652 620 652 652 652 652 652 200 652
652 652 650 650 650 652 655 652 652 630 652 652 655 652 652 650 652 652 655 655 652 652 652 652 652 652 650 652 655 652 652 652 652 652 652 652
652 654 652 652 100 640 652 620 360 654 652 660 652 652 652 652 652 620 654 652 652 652 652 652 652 650 655 652 652 652 652 652 652 652 652 652
652 652 652 652 653 653 652 652 652 652 652 650 652 652 652 652 652 650 652 654 652 652 652 660 652 652 652 652 655 652 652 652 650 652 652 540
652 652 652 652 652 530 652 652 652 652 652 530 652 652 652 652 652 652 652 652 652 652 530 652 652 652 652 650 540 652 652 652 652 652 100 652
652 652 652 652 530 530 652 652 652 650 655 550 652 652 650 652 610 653 652 655 652 652 630 550 652 652 660 540 530 650 652 660 652 652 540 540
652 652 652 654 652 530 610 652 652 652 652 660 652 652 652 654 652 630 652 652 652 652 540 520 652 652 652 654 660 652 652 652 652 652 100 655
652 652 630 654 650 200 652 652 630 652 653 652 652 652 652 652 652 652 652 652 652 652 660 652 652 652 652 530 652 652 652 652 652 652 652 652
652 652 652 652 650 610 652 610 200 650 652 310 652 652 652 652 640 652 652 652 652 652 200 652 652 654 610 200 652 652 652 652 652 652 610 652
652 652 655 652 652 530 652 652 652 652 652 652 652 652 652 652 652 652 652 652 652 652 652 530 652 652 652 520 652 652 652 530 652 653 520 652
652 655 652 650 655 540 652 652 652 652 655 320 652 655 654 652 652 660 652 630 653 653 660 655 652 650 630 540 660 652 652 652 652 652 540 660
652 652 652 652 650 652 652 652 652 630 652 652 652 652 652 650 652 620 652 652 652 200 652 655 652 652 652 652 652 652 652 652 652 652 652 652
652 650 654 610 652 652 652 652 652 652 652 654 652 652 652 652 650 654 630 630 652 654 630 652 652 650 652 630 653 652 630 652 650 652 530 655
652 652 652 652 652 653 652 652 652 652 630 653 652 652 652 652 652 652 652 652 652 652 520 100 652 652 652 652 100 652 652 652 652 652 652 100
652 652 652 652 652 652 652 652 652 652 654 652 652 652 652 652 652 652 652 652 652 652 652 652 652 650 652 652 652 630 652 650 652 652 652 652
652 652 652 652 652 652 652 652 652 652 652 652 652 652 652 652 652 652 652 650 652 652 652 652 650 652 652 653 652 652 652 652 652 652 652 652
652 652 652 652 610 652 652 652 652 652 540 652 652 652 630 652 652 652 652 652 652 650 100 655 652 652 652 652 540 652 652 652 652 652 540 530
652 650 652 654 652 652 652 650 655 652 652 652 652 652 652 652 652 652 652 652 630 652 652 660 652 652 652 400 652 652 652 650 652 652 650 630
652 652 650 652 652 652 652 652 652 652 652 400 652 652 652 652 652 620 652 652 652 652 530 653 652 652 652 652 630 652 652 652 652 650 610 630
652 100 630 330 650 520 652 660 652 654 630 100 200 652 652 652 652 620 652 540 652 652 652 520 652 652 652 652 100 652 652 652 652 652 652 530
652 652 652 652 630 652 652 652 652 652 630 100 652 652 652 652 630 652 652 652 652 652 100 520 652 652 652 100 520 652 652 652 652 652 100 652
652 652 652 530 652 652 652 520 652 652 652 660 652 652 652 652 652 652 652 652 652 652 540 650 652 652 652 100 652 652 652 652 652 652 330 652
652 652 652 652 530 630 652 652 652 652 652 540 652 652 652 652 652 652 650 652 652 652 652 530 652 650 652 652 540 652 652 652 652 652 652 540
652 654 652 652 652 652 652 652 652 652 652 652 652 610 652 200 652 652 652 654 652 652 652 660 652 650 652 652 652 652 652 530 200 652 652 652
652 654 654 652 652 610 654 652 654 640 654 100 654 650 652 652 652 630 652 654 652 652 652 520 652 652 652 652 100 652 630 652 652 652 652 100
652 652 630 652 652 100 650 652 652 652 652 350 652 652 652 652 652 652 652 652 652 610 652 100 652 652 652 530 620 652 652 652 652 652 652 540
652 652 652 652 652 652 652 652 652 652 652 652 652 652 652 652 652 652 652 652 652 652 652 652 652 652 652 653 652 652 530 650 650 652 655 652
652 652 652 654 652 630 652 650 620 652 652 652 652 652 652 652 652 652 652 652 652 652 655 653 652 652 652 652 652 652 652 652 652 652 100 340
652 652 630 630 652 520 652 652 652 652 200 200 652 652 652 652 652 610 652 652 100 652 652 510 652 652 652 652 510 652 652 652 652 652 652 100
652 652 630 630 540 630 652 652 652 652 652 330 652 652 652 652 652 660 652 530 652 652 660 654 652 652 652 655 530 652 652 640 652 652 652 655
652 652 652 652 655 630 652 652 652 652 652 100 652 652 652 652 652 660 652 652 652 652 652 100 652 652 652 652 520 652 652 652 652 652 100 540
652 652 652 652 650 652 652 652 652 652 652 652 652 652 652 652 652 652 652 652 652 652 652 652 652 652 652 652 652 652 652 652 652 652 653 655
652 652 652 652 640 652 652 652 652 652 652 660 652 652 652 653 652 654 652 652 652 652 530 652 652 652 652 652 655 652 652 652 652 652 652 652
652 652 652 652 652 650 652 652 652 652 652 655 652 652 652 652 652 652 652 652 652 652 652 652 652 652 652 652 540 610 652 652 652 652 652 652
652 652 652 652 652 660 652 652 652 652 652 660 652 652 652 652 652 652 652 652 652 652 652 340 652 652 652 652 660 652 652 652 652 652 652 350
652 630 640 652 610 652 652 652 652 652 652 660 652 652 652 630 652 652 652 652 652 652 100 653 652 652 652 652 530 652 652 652 652 652 652 652
652 652 652 630 650 650 652 652 652 652 530 400 630 650 652 652 652 100 660 652 652 660 652 320 652 652 652 530 652 652 652 330 652 652 652 100
652 652 652 652 652 530 652 652 630 652 652 652 652 652 652 652 652 540 652 652 652 652 652 652 652 652 652 652 652 652 652 652 652 652 652 200
652 650 660 652 652 610 652 652 652 650 620 610 652 620 660 652 652 652 652 620 660 620 620 640 652 652 630 660 630 652 652 620 652 660 652 630
652 650 652 610 650 652 652 652 654 652 100 652 630 654 652 652 652 340 652 340 652 652 652 652 653 652 630 653 652 650 652 652 652 652 652 652
652 652 652 360 652 652 652 652 640 652 652 340 652 652 652 652 652 652 652 652 652 530 652 650 652 650 650 660 652 630 652 652 652 652 654 653
652 652 652 652 652 652 652 654 660 652 652 640 652 654 652 652 652 610 652 652 652 652 530 652 652 652 652 652 652 652 652 652 652 652 652 652
652 652 652 652 652 630 652 652 652 652 652 630 652 652 652 652 652 650 652 652 652 630 655 652 652 650 652 652 660 652 652 652 652 652 610 652
652 652 652 650 630 610 652 630 652 652 652 650 652 652 654 652 652 640 652 652 652 655 530 652 652 652 650 652 652 652 652 655 652 652 653 652
652 652 652 652 652 652 650 652 652 652 652 652 652 652 652 652 652 652 652 652 653 630 652 652 650 654 652 650 652 650 652 650 652 652 652 652
652 652 655 655 610 652 652 652 652 652 652 654 652 652 652 630 200 652 650 655 530 652 652 655 652 652 652 652 653 652 652 652 652 650 100 652
652 652 652 652 650 655 652 652 653 650 530 360 652 650 620 652 200 620 652 530 652 654 650 652 100 652 652 560 653 652 652 652 652 652 652 540
652 652 654 652 652 620 654 653 652 652 652 330 652 652 652 652 610 620 652 620 652 652 200 652 652 652 652 620 653 652 652 652 652 652 330 660
652 652 653 652 653 620 652 655 652 652 652 660 650 652 652 652 652 654 652 652 652 652 520 100 652 520 100 653 652 652 652 652 652 652 652 100
652 652 652 630 652 652 652 652 652 652 640 610 652 652 652 652 652 200 652 652 652 655 652 610 652 652 652 530 652 652 652 650 652 652 652 200
652 652 652 652 652 652 650 652 630 630 630 652 654 652 654 654 652 200 652 655 652 652 652 652 630 652 652 652 655 652 652 652 652 652 540 652
652 652 652 652 654 650 652 652 652 652 652 653 652 654 654 650 655 652 652 654 652 654 652 652 652 652 652 660 652 652 652 652 652 652 652 652
