$TYPE inputvec
$XDIM 137
$YDIM 1
$VECDIM 18

0.32413000000000003 0.32413000000000003 0.32413000000000003 0.32413000000000003 0.32413000000000003 0.32413000000000003 0.32413000000000003 0.32413000000000003 0.32413000000000003 0.32413000000000003 0.32413000000000003 0.442 0.32413000000000003 0.32413000000000003 0.32413000000000003 0.32413000000000003 0.32413000000000003 0.32413000000000003 0
0.32413000000000003 0.32413000000000003 0.32413000000000003 0.32413000000000003 0.32413000000000003 0.32413000000000003 0.32413000000000003 0.32413000000000003 0.32413000000000003 0.32413000000000003 0.32413000000000003 0.32414 0.32413000000000003 0.32413000000000003 0.32413000000000003 0.32413000000000003 0.32413000000000003 0.32412 1
0.32413000000000003 0.32413000000000003 0.32413000000000003 0.32412 0.32412 0.32413000000000003 0.32413000000000003 0.32413000000000003 0.32414 0.32413000000000003 0.32414 0.32413000000000003 0.32413000000000003 0.32413000000000003 0.32413000000000003 0.32413000000000003 0.343 0.32413000000000003 2
0.32413000000000003 0.3243 0.32414 0.32413000000000003 0.32413000000000003 0.32413000000000003 0.32414 0.32413000000000003 0.32413000000000003 0.32414 0.32413000000000003 0.32413000000000003 0.32413000000000003 0.32414 0.32413000000000003 0.32413000000000003 0.32413000000000003 0.32413000000000003 3
0.32413000000000003 0.32413000000000003 0.32413000000000003 0.32299999999999995 0.32413000000000003 0.244 0.32413000000000003 0.32413000000000003 0.32413000000000003 0.32413000000000003 0.32413000000000003 0.43 0.32413000000000003 0.32413000000000003 0.32413000000000003 0.32413000000000003 0.32413000000000003 0.43 4
0.32413000000000003 0.32413000000000003 0.32413000000000003 0.32413000000000003 0.32413000000000003 0.32413000000000003 0.32413000000000003 0.32413000000000003 0.32413000000000003 0.32414 0.331 0.43 0.32413000000000003 0.32413000000000003 0.32413000000000003 0.32413000000000003 0.32414 0.3223 5
0.32413000000000003 0.32413000000000003 0.32414 0.32413000000000003 0.332 0.32413000000000003 0.32413000000000003 0.32414 0.332 0.3243 0.32414 0.3222 0.32413000000000003 0.32413000000000003 0.3244 0.32413000000000003 0.32413000000000003 0.344 6
0.32413000000000003 0.32413000000000003 0.32413000000000003 0.32413000000000003 0.32413000000000003 0.32413000000000003 0.32413000000000003 0.32413000000000003 0.32413000000000003 0.32413000000000003 0.32413000000000003 0.32411 0.32413000000000003 0.32413000000000003 0.32413000000000003 0.32413000000000003 0.32413000000000003 0.32413000000000003 7
0.32413000000000003 0.32413000000000003 0.3242 0.331 0.3242 0.3242 0.32413000000000003 0.244 0.32414 0.32413000000000003 0.32413000000000003 0.3224 0.32413000000000003 0.32413000000000003 0.32413000000000003 0.32414 0.343 0.3243 8
0.32413000000000003 0.32413000000000003 0.32413000000000003 0.32413000000000003 0.32413000000000003 0.312 0.32413000000000003 0.32414 0.32413000000000003 0.32413000000000003 0.32413000000000003 0.3223 0.32413000000000003 0.32413000000000003 0.32413000000000003 0.32413000000000003 0.32413000000000003 0.41 9
0.32413000000000003 0.32413000000000003 0.32413000000000003 0.32413000000000003 0.32413000000000003 0.32413000000000003 0.32413000000000003 0.32414 0.32413000000000003 0.32414 0.32413000000000003 0.32413000000000003 0.32413000000000003 0.32413000000000003 0.32413000000000003 0.32413000000000003 0.32413000000000003 0.3243 10
0.32413000000000003 0.32413000000000003 0.32413000000000003 0.32413000000000003 0.32413000000000003 0.3242 0.32413000000000003 0.32413000000000003 0.32413000000000003 0.32413000000000003 0.32413000000000003 0.3224 0.32413000000000003 0.32413000000000003 0.32413000000000003 0.32413000000000003 0.32413000000000003 0.41 11
0.32413000000000003 0.32413000000000003 0.32413000000000003 0.32413000000000003 0.32413000000000003 0.241 0.3242 0.331 0.32411 0.32413000000000003 0.32413000000000003 0.333 0.32413000000000003 0.32413000000000003 0.32413000000000003 0.32413000000000003 0.32413000000000003 0.32413000000000003 12
0.32413000000000003 0.32413000000000003 0.32413000000000003 0.32413000000000003 0.32413000000000003 0.21 0.32413000000000003 0.32413000000000003 0.32413000000000003 0.32413000000000003 0.32413000000000003 0.331 0.32413000000000003 0.32413000000000003 0.32413000000000003 0.32413000000000003 0.32413000000000003 0.32413000000000003 13
0.32413000000000003 0.32413000000000003 0.32413000000000003 0.3242 0.3242 0.32413000000000003 0.32413000000000003 0.32413000000000003 0.32413000000000003 0.32413000000000003 0.32413000000000003 0.32413000000000003 0.32413000000000003 0.32413000000000003 0.32413000000000003 0.32413000000000003 0.32411 0.32411 14
0.32413000000000003 0.32413000000000003 0.32413000000000003 0.32413000000000003 0.32413000000000003 0.3242 0.32413000000000003 0.32413000000000003 0.32413000000000003 0.32413000000000003 0.32413000000000003 0.43 0.32413000000000003 0.32413000000000003 0.32413000000000003 0.32413000000000003 0.32413000000000003 0.321 15
0.32413000000000003 0.32413000000000003 0.32413000000000003 0.32413000000000003 0.32414 0.32413000000000003 0.32413000000000003 0.32413000000000003 0.32412 0.32299999999999995 0.32414 0.112 0.32413000000000003 0.32413000000000003 0.32413000000000003 0.32413000000000003 0.32413000000000003 0.3244 16
0.32413000000000003 0.32412 0.3244 0.321 0.32413000000000003 0.32414 0.32413000000000003 0.32413000000000003 0.43 0.321 0.3224 0.321 0.32413000000000003 0.32413000000000003 0.3244 0.32413000000000003 0.32413000000000003 0.32413000000000003 17
0.32413000000000003 0.32299999999999995 0.32413000000000003 0.32414 0.32413000000000003 0.112 0.32413000000000003 0.32414 0.32414 0.32414 0.32414 0.131 0.32413000000000003 0.32413000000000003 0.32413000000000003 0.32413000000000003 0.32413000000000003 0.114 18
0.32413000000000003 0.32413000000000003 0.32413000000000003 0.32299999999999995 0.32413000000000003 0.321 0.32413000000000003 0.32413000000000003 0.32413000000000003 0.32413000000000003 0.344 0.131 0.32413000000000003 0.321 0.32413000000000003 0.32413000000000003 0.321 0.344 19
0.32413000000000003 0.32413000000000003 0.3244 0.32414 0.32412 0.3242 0.32413000000000003 0.32412 0.32414 0.32413000000000003 0.321 0.443 0.134 0.32412 0.321 0.32413000000000003 0.32413000000000003 0.43 20
0.32413000000000003 0.32413000000000003 0.321 0.32412 0.32412 0.32413000000000003 0.32413000000000003 0.3243 0.32413000000000003 0.32413000000000003 0.321 0.32411 0.32413000000000003 0.32413000000000003 0.32413000000000003 0.32413000000000003 0.112 0.3224 21
0.32413000000000003 0.32414 0.32414 0.32413000000000003 0.32413000000000003 0.3221 0.32414 0.32413000000000003 0.32414 0.3243 0.32299999999999995 0.113 0.32413000000000003 0.32414 0.32413000000000003 0.32413000000000003 0.32413000000000003 0.3224 22
0.32413000000000003 0.32413000000000003 0.32414 0.32414 0.32414 0.344 0.32414 0.344 0.311 0.32412 0.32413000000000003 0.3243 0.32413000000000003 0.32413000000000003 0.3243 0.32413000000000003 0.32413000000000003 0.344 23
0.32413000000000003 0.32413000000000003 0.32413000000000003 0.32413000000000003 0.32414 0.241 0.32413000000000003 0.32413000000000003 0.3243 0.32413000000000003 0.32414 0.3243 0.32413000000000003 0.32413000000000003 0.343 0.32413000000000003 0.32413000000000003 0.32413000000000003 24
0.32413000000000003 0.32413000000000003 0.32413000000000003 0.32413000000000003 0.321 0.321 0.32413000000000003 0.32412 0.32413000000000003 0.32412 0.32299999999999995 0.32413000000000003 0.32412 0.32412 0.321 0.32413000000000003 0.32413000000000003 0.321 25
0.32413000000000003 0.32413000000000003 0.32413000000000003 0.3242 0.32411 0.343 0.32413000000000003 0.32413000000000003 0.32413000000000003 0.32413000000000003 0.32413000000000003 0.32413000000000003 0.32413000000000003 0.32413000000000003 0.32413000000000003 0.32413000000000003 0.32413000000000003 0.32413000000000003 26
0.32413000000000003 0.32413000000000003 0.344 0.32413000000000003 0.32413000000000003 0.32412 0.32413000000000003 0.32413000000000003 0.32413000000000003 0.32413000000000003 0.334 0.32412 0.32413000000000003 0.32413000000000003 0.32413000000000003 0.344 0.32413000000000003 0.341 27
0.32413000000000003 0.3243 0.32414 0.32411 0.32413000000000003 0.244 0.32413000000000003 0.32413000000000003 0.3221 0.3243 0.32414 0.3224 0.321 0.32414 0.32413000000000003 0.32413000000000003 0.32413000000000003 0.3224 28
0.32413000000000003 0.32413000000000003 0.32413000000000003 0.32411 0.321 0.331 0.32413000000000003 0.32413000000000003 0.32413000000000003 0.32413000000000003 0.3242 0.3244 0.32414 0.32413000000000003 0.32413000000000003 0.32413000000000003 0.32413000000000003 0.32414 29
0.32413000000000003 0.32414 0.32414 0.32413000000000003 0.32414 0.244 0.32413000000000003 0.32413000000000003 0.32413000000000003 0.32413000000000003 0.3243 0.32414 0.344 0.32414 0.321 0.32413000000000003 0.32414 0.441 30
0.32413000000000003 0.32413000000000003 0.32413000000000003 0.32414 0.32413000000000003 0.32413000000000003 0.32413000000000003 0.32413000000000003 0.32413000000000003 0.32413000000000003 0.3242 0.22 0.32413000000000003 0.32413000000000003 0.32413000000000003 0.32414 0.32413000000000003 0.41 31
0.32413000000000003 0.32413000000000003 0.244 0.332 0.32413000000000003 0.3244 0.334 0.32413000000000003 0.32413000000000003 0.32413000000000003 0.32413000000000003 0.43 0.32413000000000003 0.32413000000000003 0.32413000000000003 0.32413000000000003 0.32413000000000003 0.32414 32
0.32413000000000003 0.32413000000000003 0.321 0.32413000000000003 0.32413000000000003 0.243 0.32413000000000003 0.32413000000000003 0.32414 0.32413000000000003 0.32413000000000003 0.3221 0.32413000000000003 0.32413000000000003 0.32413000000000003 0.32413000000000003 0.32412 0.32413000000000003 33
0.32413000000000003 0.321 0.32414 0.32413000000000003 0.32412 0.343 0.3243 0.32414 0.32414 0.32413000000000003 0.3242 0.321 0.32413000000000003 0.32414 0.32299999999999995 0.32413000000000003 0.32414 0.41 34
0.32413000000000003 0.32413000000000003 0.32414 0.321 0.32413000000000003 0.32414 0.32413000000000003 0.32414 0.32413000000000003 0.32413000000000003 0.32413000000000003 0.32413000000000003 0.32413000000000003 0.32413000000000003 0.321 0.32413000000000003 0.32413000000000003 0.32413000000000003 35
0.32413000000000003 0.32413000000000003 0.32413000000000003 0.32413000000000003 0.32413000000000003 0.331 0.32413000000000003 0.32413000000000003 0.32413000000000003 0.32413000000000003 0.32413000000000003 0.314 0.32413000000000003 0.32413000000000003 0.32413000000000003 0.32413000000000003 0.32413000000000003 0.32413000000000003 36
0.32413000000000003 0.32413000000000003 0.32414 0.321 0.32412 0.3242 0.32413000000000003 0.32412 0.32413000000000003 0.32413000000000003 0.23 0.3222 0.32413000000000003 0.134 0.32413000000000003 0.111 0.32413000000000003 0.134 37
0.32413000000000003 0.32413000000000003 0.3243 0.32413000000000003 0.32413000000000003 0.3242 0.32413000000000003 0.32413000000000003 0.32413000000000003 0.343 0.32412 0.312 0.32413000000000003 0.32413000000000003 0.32413000000000003 0.32413000000000003 0.32414 0.32413000000000003 38
0.32413000000000003 0.32412 0.32413000000000003 0.32413000000000003 0.32413000000000003 0.131 0.321 0.32413000000000003 0.32413000000000003 0.32413000000000003 0.32413000000000003 0.32413000000000003 0.32413000000000003 0.32413000000000003 0.32413000000000003 0.32413000000000003 0.32413000000000003 0.32413000000000003 39
0.32413000000000003 0.32413000000000003 0.32413000000000003 0.32413000000000003 0.313 0.332 0.32413000000000003 0.32413000000000003 0.32413000000000003 0.32413000000000003 0.32413000000000003 0.32412 0.32413000000000003 0.32413000000000003 0.32413000000000003 0.32413000000000003 0.32413000000000003 0.32414 40
0.32413000000000003 0.32299999999999995 0.3243 0.32413000000000003 0.32414 0.341 0.312 0.3221 0.3244 0.32413000000000003 0.3242 0.441 0.3244 0.32413000000000003 0.32413000000000003 0.32413000000000003 0.312 0.32413000000000003 41
0.32413000000000003 0.32414 0.32414 0.32413000000000003 0.241 0.242 0.32413000000000003 0.32413000000000003 0.32413000000000003 0.32413000000000003 0.32413000000000003 0.3221 0.32413000000000003 0.32413000000000003 0.32413000000000003 0.32413000000000003 0.32413000000000003 0.32413000000000003 42
0.32413000000000003 0.32413000000000003 0.314 0.32413000000000003 0.134 0.343 0.32413000000000003 0.321 0.32413000000000003 0.32413000000000003 0.32414 0.3222 0.32414 0.32414 0.32413000000000003 0.32413000000000003 0.32413000000000003 0.241 43
0.32413000000000003 0.32413000000000003 0.32413000000000003 0.311 0.32414 0.334 0.3242 0.32413000000000003 0.32413000000000003 0.32413000000000003 0.3242 0.3242 0.32413000000000003 0.32413000000000003 0.32413000000000003 0.32413000000000003 0.32413000000000003 0.3242 44
0.32413000000000003 0.32413000000000003 0.321 0.344 0.32411 0.341 0.32413000000000003 0.32413000000000003 0.32413000000000003 0.32413000000000003 0.32413000000000003 0.334 0.32413000000000003 0.32414 0.32413000000000003 0.32413000000000003 0.32413000000000003 0.442 45
0.32413000000000003 0.32413000000000003 0.32413000000000003 0.32413000000000003 0.32413000000000003 0.241 0.32413000000000003 0.32413000000000003 0.32413000000000003 0.321 0.32413000000000003 0.32414 0.32413000000000003 0.32413000000000003 0.32413000000000003 0.32413000000000003 0.32413000000000003 0.32413000000000003 46
0.32413000000000003 0.32413000000000003 0.32414 0.32412 0.32413000000000003 0.132 0.32414 0.32413000000000003 0.32414 0.32413000000000003 0.332 0.442 0.32414 0.32413000000000003 0.32299999999999995 0.32413000000000003 0.32414 0.3244 47
0.32413000000000003 0.32413000000000003 0.32414 0.32413000000000003 0.3244 0.23 0.32413000000000003 0.32413000000000003 0.333 0.32413000000000003 0.3223 0.32413000000000003 0.32413000000000003 0.32413000000000003 0.32413000000000003 0.32413000000000003 0.32414 0.442 48
0.32413000000000003 0.32414 0.32414 0.32413000000000003 0.32413000000000003 0.32411 0.32413000000000003 0.32413000000000003 0.43 0.32413000000000003 0.32413000000000003 0.3224 0.32413000000000003 0.32413000000000003 0.32413000000000003 0.32413000000000003 0.32413000000000003 0.3224 49
0.32413000000000003 0.32413000000000003 0.32413000000000003 0.32413000000000003 0.32411 0.23 0.32413000000000003 0.333 0.32413000000000003 0.32413000000000003 0.42 0.43 0.32413000000000003 0.32413000000000003 0.32413000000000003 0.32413000000000003 0.3224 0.32412 50
0.32413000000000003 0.32413000000000003 0.32414 0.32413000000000003 0.32413000000000003 0.32413000000000003 0.32413000000000003 0.32413000000000003 0.32413000000000003 0.32414 0.32413000000000003 0.32413000000000003 0.32413000000000003 0.32413000000000003 0.3224 0.32413000000000003 0.32413000000000003 0.3222 51
0.32413000000000003 0.321 0.344 0.32413000000000003 0.341 0.32413000000000003 0.32413000000000003 0.32413000000000003 0.32413000000000003 0.32413000000000003 0.32413000000000003 0.32414 0.32413000000000003 0.32413000000000003 0.32413000000000003 0.32413000000000003 0.32413000000000003 0.314 52
0.32413000000000003 0.32413000000000003 0.14 0.311 0.343 0.331 0.32413000000000003 0.32413000000000003 0.32411 0.32413000000000003 0.313 0.341 0.32413000000000003 0.32413000000000003 0.321 0.111 0.3242 0.313 53
0.32413000000000003 0.32413000000000003 0.32413000000000003 0.32413000000000003 0.32414 0.344 0.32413000000000003 0.32413000000000003 0.32413000000000003 0.32413000000000003 0.332 0.321 0.32413000000000003 0.32413000000000003 0.32413000000000003 0.32413000000000003 0.32413000000000003 0.32413000000000003 54
0.32413000000000003 0.32414 0.32413000000000003 0.32413000000000003 0.32413000000000003 0.32413000000000003 0.32413000000000003 0.32413000000000003 0.32413000000000003 0.32413000000000003 0.32413000000000003 0.441 0.32413000000000003 0.32413000000000003 0.32413000000000003 0.32413000000000003 0.32413000000000003 0.3244 55
0.32413000000000003 0.32414 0.32413000000000003 0.32413000000000003 0.32413000000000003 0.244 0.32413000000000003 0.32413000000000003 0.32413000000000003 0.32413000000000003 0.32413000000000003 0.243 0.32413000000000003 0.32413000000000003 0.32413000000000003 0.32413000000000003 0.32413000000000003 0.241 56
0.32413000000000003 0.32414 0.32413000000000003 0.32414 0.331 0.242 0.343 0.12 0.331 0.32414 0.41 0.32413000000000003 0.32413000000000003 0.3243 0.3221 0.32413000000000003 0.32299999999999995 0.32413000000000003 57
0.32413000000000003 0.32413000000000003 0.331 0.32412 0.331 0.344 0.32413000000000003 0.32413000000000003 0.32413000000000003 0.32414 0.442 0.43 0.32413000000000003 0.32413000000000003 0.32413000000000003 0.32413000000000003 0.32413000000000003 0.32413000000000003 58
0.32413000000000003 0.32413000000000003 0.343 0.32414 0.32414 0.3242 0.32413000000000003 0.32413000000000003 0.32411 0.32413000000000003 0.32413000000000003 0.3244 0.32413000000000003 0.32413000000000003 0.32413000000000003 0.32413000000000003 0.32413000000000003 0.3221 59
0.32413000000000003 0.32414 0.32413000000000003 0.321 0.321 0.3242 0.32413000000000003 0.32414 0.3244 0.32413000000000003 0.32414 0.3242 0.32413000000000003 0.32413000000000003 0.32413000000000003 0.32413000000000003 0.32413000000000003 0.32413000000000003 60
0.32413000000000003 0.32414 0.32411 0.32414 0.32413000000000003 0.332 0.32413000000000003 0.3243 0.32414 0.32413000000000003 0.3243 0.441 0.32414 0.32414 0.32413000000000003 0.32413000000000003 0.32413000000000003 0.43 61
0.32413000000000003 0.32414 0.32413000000000003 0.32413000000000003 0.32413000000000003 0.32413000000000003 0.32413000000000003 0.32413000000000003 0.32413000000000003 0.133 0.32413000000000003 0.32413000000000003 0.32413000000000003 0.32413000000000003 0.32413000000000003 0.32413000000000003 0.32413000000000003 0.32413000000000003 62
0.32413000000000003 0.32413000000000003 0.32413000000000003 0.32413000000000003 0.32413000000000003 0.32413000000000003 0.32413000000000003 0.32413000000000003 0.32413000000000003 0.32413000000000003 0.32413000000000003 0.32411 0.32413000000000003 0.32413000000000003 0.32413000000000003 0.32413000000000003 0.32413000000000003 0.32413000000000003 63
0.32413000000000003 0.3243 0.32413000000000003 0.32413000000000003 0.32413000000000003 0.32413000000000003 0.32413000000000003 0.32414 0.32413000000000003 0.3243 0.3243 0.3222 0.3243 0.32413000000000003 0.32413000000000003 0.32413000000000003 0.32413000000000003 0.43 64
0.32413000000000003 0.32413000000000003 0.32413000000000003 0.23 0.331 0.32411 0.32413000000000003 0.32414 0.32413000000000003 0.32412 0.32413000000000003 0.111 0.32413000000000003 0.32413000000000003 0.32413000000000003 0.32413000000000003 0.32413000000000003 0.3244 65
0.32413000000000003 0.32414 0.32413000000000003 0.334 0.3242 0.331 0.32414 0.32414 0.32413000000000003 0.14 0.32413000000000003 0.3222 0.32413000000000003 0.3244 0.32413000000000003 0.32413000000000003 0.32413000000000003 0.441 66
0.32413000000000003 0.32413000000000003 0.32414 0.32414 0.32413000000000003 0.32299999999999995 0.32413000000000003 0.321 0.32413000000000003 0.344 0.32414 0.442 0.32413000000000003 0.32413000000000003 0.32413000000000003 0.32413000000000003 0.32413000000000003 0.3224 67
0.32413000000000003 0.32413000000000003 0.32413000000000003 0.32414 0.32413000000000003 0.3244 0.32413000000000003 0.32413000000000003 0.32413000000000003 0.32413000000000003 0.41 0.32413000000000003 0.32413000000000003 0.32413000000000003 0.32413000000000003 0.32413000000000003 0.32413000000000003 0.442 68
0.32413000000000003 0.32413000000000003 0.32414 0.32413000000000003 0.32413000000000003 0.32413000000000003 0.32413000000000003 0.32413000000000003 0.32413000000000003 0.32413000000000003 0.32413000000000003 0.32413000000000003 0.32413000000000003 0.32413000000000003 0.32413000000000003 0.32413000000000003 0.32413000000000003 0.32413000000000003 69
0.32413000000000003 0.32413000000000003 0.344 0.32413000000000003 0.3242 0.242 0.32413000000000003 0.344 0.32414 0.32413000000000003 0.312 0.32412 0.32413000000000003 0.32299999999999995 0.32412 0.32413000000000003 0.32299999999999995 0.32299999999999995 70
0.32413000000000003 0.32413000000000003 0.32413000000000003 0.32413000000000003 0.32413000000000003 0.344 0.32413000000000003 0.32413000000000003 0.32414 0.32413000000000003 0.32413000000000003 0.32414 0.32413000000000003 0.32413000000000003 0.32413000000000003 0.32413000000000003 0.32413000000000003 0.3243 71
0.32411 0.32414 0.32414 0.32299999999999995 0.344 0.332 0.32413000000000003 0.3242 0.32413000000000003 0.32413000000000003 0.32413000000000003 0.32413000000000003 0.32413000000000003 0.32413000000000003 0.32413000000000003 0.32413000000000003 0.32413000000000003 0.32413000000000003 72
0.32413000000000003 0.32413000000000003 0.32414 0.32413000000000003 0.32414 0.32413000000000003 0.32414 0.32413000000000003 0.32413000000000003 0.32413000000000003 0.32414 0.32413000000000003 0.32414 0.32414 0.32414 0.32413000000000003 0.32413000000000003 0.32413000000000003 73
0.32413000000000003 0.32413000000000003 0.32414 0.32414 0.343 0.344 0.32413000000000003 0.32414 0.32413000000000003 0.32413000000000003 0.32413000000000003 0.321 0.32414 0.32413000000000003 0.32414 0.32413000000000003 0.32413000000000003 0.331 74
0.32413000000000003 0.32413000000000003 0.32412 0.32413000000000003 0.32413000000000003 0.32413000000000003 0.32413000000000003 0.32413000000000003 0.32413000000000003 0.32413000000000003 0.32413000000000003 0.442 0.32413000000000003 0.32413000000000003 0.32413000000000003 0.32413000000000003 0.32413000000000003 0.3244 75
0.32413000000000003 0.32413000000000003 0.32299999999999995 0.32413000000000003 0.32413000000000003 0.32413000000000003 0.32413000000000003 0.32414 0.32413000000000003 0.32413000000000003 0.3242 0.3244 0.32413000000000003 0.32413000000000003 0.32413000000000003 0.32413000000000003 0.43 0.3221 76
0.32413000000000003 0.32413000000000003 0.32413000000000003 0.32413000000000003 0.32413000000000003 0.32413000000000003 0.32413000000000003 0.32413000000000003 0.32413000000000003 0.32413000000000003 0.32413000000000003 0.3222 0.32413000000000003 0.32413000000000003 0.32413000000000003 0.32413000000000003 0.32413000000000003 0.3244 77
0.32413000000000003 0.32413000000000003 0.32413000000000003 0.32413000000000003 0.344 0.133 0.32413000000000003 0.32413000000000003 0.32413000000000003 0.32414 0.32413000000000003 0.32411 0.32413000000000003 0.32413000000000003 0.32413000000000003 0.32413000000000003 0.32414 0.343 78
0.32413000000000003 0.32413000000000003 0.32414 0.32413000000000003 0.32413000000000003 0.32414 0.32413000000000003 0.32413000000000003 0.321 0.32413000000000003 0.32413000000000003 0.32413000000000003 0.32414 0.32414 0.32413000000000003 0.32413000000000003 0.32413000000000003 0.32413000000000003 79
0.32413000000000003 0.32411 0.311 0.32413000000000003 0.32413000000000003 0.23 0.32413000000000003 0.32299999999999995 0.32413000000000003 0.32413000000000003 0.32413000000000003 0.32413000000000003 0.32413000000000003 0.32413000000000003 0.32413000000000003 0.32413000000000003 0.32413000000000003 0.3244 80
0.32413000000000003 0.32413000000000003 0.321 0.343 0.32413000000000003 0.241 0.32413000000000003 0.32413000000000003 0.32413000000000003 0.32413000000000003 0.32413000000000003 0.343 0.32413000000000003 0.32413000000000003 0.32413000000000003 0.32413000000000003 0.32413000000000003 0.43 81
0.32413000000000003 0.32414 0.32412 0.32414 0.32412 0.32413000000000003 0.3243 0.32413000000000003 0.32413000000000003 0.321 0.32413000000000003 0.32413000000000003 0.3243 0.32413000000000003 0.32413000000000003 0.32412 0.32413000000000003 0.32413000000000003 82
0.32413000000000003 0.3243 0.32413000000000003 0.32413000000000003 0.23 0.341 0.32414 0.3224 0.43 0.32414 0.32413000000000003 0.3221 0.32414 0.32414 0.32413000000000003 0.32413000000000003 0.32413000000000003 0.3222 83
0.32413000000000003 0.32414 0.32414 0.32413000000000003 0.32411 0.3242 0.32414 0.32413000000000003 0.32414 0.32414 0.32414 0.32412 0.32413000000000003 0.32413000000000003 0.32414 0.32414 0.32413000000000003 0.32412 84
0.32413000000000003 0.32413000000000003 0.32413000000000003 0.32413000000000003 0.32413000000000003 0.331 0.32414 0.32413000000000003 0.32413000000000003 0.32413000000000003 0.32413000000000003 0.332 0.32413000000000003 0.32413000000000003 0.32413000000000003 0.32413000000000003 0.32414 0.32413000000000003 85
0.32413000000000003 0.32413000000000003 0.32413000000000003 0.32413000000000003 0.32413000000000003 0.32414 0.32413000000000003 0.32414 0.32413000000000003 0.32413000000000003 0.32412 0.32412 0.32413000000000003 0.32413000000000003 0.32413000000000003 0.32413000000000003 0.32412 0.341 86
0.32413000000000003 0.32413000000000003 0.32413000000000003 0.32414 0.332 0.334 0.32413000000000003 0.32413000000000003 0.32413000000000003 0.32412 0.32299999999999995 0.333 0.32414 0.32413000000000003 0.32412 0.32413000000000003 0.344 0.3242 87
0.32413000000000003 0.32413000000000003 0.32413000000000003 0.32414 0.32413000000000003 0.332 0.343 0.32413000000000003 0.32413000000000003 0.32414 0.32414 0.3244 0.32414 0.32413000000000003 0.32414 0.32414 0.32413000000000003 0.321 88
0.32413000000000003 0.32414 0.321 0.3243 0.32412 0.132 0.32413000000000003 0.32413000000000003 0.321 0.32413000000000003 0.3242 0.32413000000000003 0.32413000000000003 0.32413000000000003 0.32413000000000003 0.32413000000000003 0.32413000000000003 0.32413000000000003 89
0.32413000000000003 0.32413000000000003 0.32413000000000003 0.32413000000000003 0.32412 0.344 0.32413000000000003 0.344 0.132 0.32412 0.32413000000000003 0.42 0.32413000000000003 0.32413000000000003 0.32413000000000003 0.32413000000000003 0.312 0.32413000000000003 90
0.32413000000000003 0.32413000000000003 0.331 0.32413000000000003 0.32413000000000003 0.332 0.32413000000000003 0.32413000000000003 0.32413000000000003 0.32413000000000003 0.32413000000000003 0.32413000000000003 0.32413000000000003 0.32413000000000003 0.32413000000000003 0.32413000000000003 0.32413000000000003 0.32413000000000003 91
0.32413000000000003 0.3243 0.32413000000000003 0.32414 0.331 0.244 0.32413000000000003 0.32413000000000003 0.32413000000000003 0.32413000000000003 0.32299999999999995 0.441 0.32413000000000003 0.3243 0.3243 0.32413000000000003 0.32413000000000003 0.3221 92
0.32413000000000003 0.32413000000000003 0.32413000000000003 0.32413000000000003 0.32414 0.32413000000000003 0.32413000000000003 0.32413000000000003 0.32413000000000003 0.321 0.32413000000000003 0.32414 0.32413000000000003 0.32413000000000003 0.32413000000000003 0.32414 0.32413000000000003 0.3224 93
0.32413000000000003 0.3243 0.3243 0.343 0.32413000000000003 0.32413000000000003 0.32413000000000003 0.32413000000000003 0.32414 0.32413000000000003 0.32413000000000003 0.32414 0.32414 0.32413000000000003 0.32414 0.32413000000000003 0.32412 0.32414 94
0.32413000000000003 0.32413000000000003 0.32414 0.32413000000000003 0.32413000000000003 0.3242 0.32413000000000003 0.32413000000000003 0.32413000000000003 0.32413000000000003 0.321 0.3242 0.32413000000000003 0.32413000000000003 0.32413000000000003 0.32413000000000003 0.32413000000000003 0.32414 95
0.32413000000000003 0.32413000000000003 0.32413000000000003 0.32413000000000003 0.32413000000000003 0.32413000000000003 0.32413000000000003 0.32413000000000003 0.32413000000000003 0.32413000000000003 0.3243 0.32413000000000003 0.32413000000000003 0.32413000000000003 0.32413000000000003 0.32413000000000003 0.32413000000000003 0.32413000000000003 96
0.32413000000000003 0.32414 0.32413000000000003 0.32413000000000003 0.32413000000000003 0.32413000000000003 0.32413000000000003 0.32413000000000003 0.32413000000000003 0.32413000000000003 0.32413000000000003 0.32413000000000003 0.32413000000000003 0.32413000000000003 0.32413000000000003 0.32413000000000003 0.32413000000000003 0.32413000000000003 97
0.32413000000000003 0.32413000000000003 0.32413000000000003 0.32414 0.344 0.32411 0.32414 0.32413000000000003 0.32413000000000003 0.32413000000000003 0.244 0.32413000000000003 0.32413000000000003 0.32413000000000003 0.321 0.32413000000000003 0.32414 0.32413000000000003 98
0.32413000000000003 0.32414 0.32413000000000003 0.3243 0.32413000000000003 0.32413000000000003 0.32413000000000003 0.32412 0.3243 0.32414 0.32413000000000003 0.32413000000000003 0.32413000000000003 0.32413000000000003 0.32413000000000003 0.32413000000000003 0.3244 0.3244 99
0.32413000000000003 0.32413000000000003 0.32412 0.32413000000000003 0.32413000000000003 0.32413000000000003 0.32413000000000003 0.32413000000000003 0.32413000000000003 0.32413000000000003 0.32413000000000003 0.14 0.32413000000000003 0.32413000000000003 0.32413000000000003 0.32413000000000003 0.32413000000000003 0.3224 100
0.32413000000000003 0.23 0.321 0.441 0.32412 0.241 0.32414 0.3244 0.32413000000000003 0.3243 0.321 0.22 0.111 0.32413000000000003 0.32413000000000003 0.32413000000000003 0.32413000000000003 0.3224 101
0.32413000000000003 0.32414 0.32414 0.32414 0.344 0.32413000000000003 0.32413000000000003 0.32413000000000003 0.32413000000000003 0.32413000000000003 0.321 0.23 0.32413000000000003 0.32413000000000003 0.32413000000000003 0.32413000000000003 0.321 0.32413000000000003 102
0.32413000000000003 0.32413000000000003 0.32413000000000003 0.334 0.32413000000000003 0.32411 0.32413000000000003 0.241 0.32414 0.32413000000000003 0.32413000000000003 0.3244 0.32413000000000003 0.32413000000000003 0.32413000000000003 0.32413000000000003 0.32413000000000003 0.3244 103
0.32413000000000003 0.32413000000000003 0.32414 0.32413000000000003 0.332 0.344 0.32413000000000003 0.32413000000000003 0.32414 0.32414 0.32413000000000003 0.242 0.32413000000000003 0.32413000000000003 0.32414 0.32413000000000003 0.32413000000000003 0.32413000000000003 104
0.32413000000000003 0.3243 0.32414 0.32413000000000003 0.32413000000000003 0.32413000000000003 0.32414 0.32414 0.32413000000000003 0.32413000000000003 0.32414 0.32413000000000003 0.32414 0.344 0.32413000000000003 0.132 0.32413000000000003 0.32413000000000003 105
0.32413000000000003 0.32414 0.3243 0.32413000000000003 0.32411 0.342 0.32414 0.32413000000000003 0.3243 0.311 0.3243 0.21 0.3243 0.32412 0.32414 0.32413000000000003 0.32413000000000003 0.321 106
0.32413000000000003 0.32413000000000003 0.32299999999999995 0.32413000000000003 0.32413000000000003 0.23 0.32414 0.32413000000000003 0.32413000000000003 0.32413000000000003 0.32414 0.443 0.32413000000000003 0.32413000000000003 0.32413000000000003 0.32413000000000003 0.32413000000000003 0.32413000000000003 107
0.32413000000000003 0.32414 0.32414 0.32413000000000003 0.32413000000000003 0.32413000000000003 0.32413000000000003 0.32413000000000003 0.32413000000000003 0.32413000000000003 0.32413000000000003 0.32413000000000003 0.32413000000000003 0.32413000000000003 0.32414 0.32413000000000003 0.32413000000000003 0.32413000000000003 108
0.32413000000000003 0.32413000000000003 0.32414 0.3243 0.32411 0.321 0.32413000000000003 0.32414 0.342 0.32413000000000003 0.32414 0.32413000000000003 0.32413000000000003 0.32413000000000003 0.32413000000000003 0.32413000000000003 0.32413000000000003 0.32413000000000003 109
0.32413000000000003 0.32413000000000003 0.321 0.32299999999999995 0.32413000000000003 0.241 0.32413000000000003 0.32413000000000003 0.32413000000000003 0.32413000000000003 0.132 0.131 0.32413000000000003 0.32413000000000003 0.32413000000000003 0.32413000000000003 0.32413000000000003 0.344 110
0.32413000000000003 0.32413000000000003 0.321 0.32412 0.242 0.321 0.32413000000000003 0.32413000000000003 0.32413000000000003 0.32413000000000003 0.32413000000000003 0.43 0.32413000000000003 0.32414 0.32413000000000003 0.32413000000000003 0.32413000000000003 0.3244 111
0.32413000000000003 0.32413000000000003 0.32413000000000003 0.32413000000000003 0.32299999999999995 0.321 0.32413000000000003 0.32413000000000003 0.32413000000000003 0.32413000000000003 0.32413000000000003 0.23 0.32413000000000003 0.32413000000000003 0.32413000000000003 0.32413000000000003 0.32413000000000003 0.3221 112
0.32413000000000003 0.32413000000000003 0.32413000000000003 0.32413000000000003 0.32412 0.32413000000000003 0.32413000000000003 0.32413000000000003 0.32413000000000003 0.32413000000000003 0.32413000000000003 0.32299999999999995 0.32413000000000003 0.32413000000000003 0.32413000000000003 0.32413000000000003 0.32413000000000003 0.32413000000000003 113
0.32413000000000003 0.32413000000000003 0.32413000000000003 0.32413000000000003 0.32412 0.32414 0.32413000000000003 0.32413000000000003 0.32413000000000003 0.32413000000000003 0.32413000000000003 0.32413000000000003 0.32413000000000003 0.32413000000000003 0.32413000000000003 0.32413000000000003 0.32413000000000003 0.32413000000000003 114
0.32413000000000003 0.32413000000000003 0.32413000000000003 0.32413000000000003 0.312 0.32413000000000003 0.32413000000000003 0.32413000000000003 0.32413000000000003 0.32413000000000003 0.32413000000000003 0.32299999999999995 0.32413000000000003 0.32413000000000003 0.32413000000000003 0.3242 0.32413000000000003 0.32414 115
0.32413000000000003 0.32413000000000003 0.32413000000000003 0.32414 0.32413000000000003 0.32414 0.32413000000000003 0.32413000000000003 0.32413000000000003 0.32413000000000003 0.32413000000000003 0.331 0.32413000000000003 0.32413000000000003 0.32413000000000003 0.32413000000000003 0.32413000000000003 0.32413000000000003 116
0.32413000000000003 0.32413000000000003 0.32413000000000003 0.32413000000000003 0.32413000000000003 0.3244 0.32413000000000003 0.32413000000000003 0.32413000000000003 0.32413000000000003 0.32413000000000003 0.3221 0.32413000000000003 0.32413000000000003 0.32413000000000003 0.32413000000000003 0.32413000000000003 0.32413000000000003 117
0.32413000000000003 0.32299999999999995 0.312 0.32413000000000003 0.343 0.32413000000000003 0.32413000000000003 0.32413000000000003 0.32413000000000003 0.32413000000000003 0.32413000000000003 0.3244 0.32413000000000003 0.32413000000000003 0.32413000000000003 0.321 0.32413000000000003 0.32413000000000003 118
0.32413000000000003 0.32414 0.32413000000000003 0.321 0.32412 0.32412 0.32413000000000003 0.32413000000000003 0.32413000000000003 0.32413000000000003 0.332 0.12 0.321 0.32414 0.3244 0.32413000000000003 0.32413000000000003 0.23 119
0.32413000000000003 0.32413000000000003 0.32413000000000003 0.32413000000000003 0.32413000000000003 0.334 0.32413000000000003 0.32413000000000003 0.321 0.32413000000000003 0.32413000000000003 0.32411 0.32414 0.32413000000000003 0.32413000000000003 0.32413000000000003 0.32413000000000003 0.244 120
0.32413000000000003 0.32414 0.3244 0.32413000000000003 0.32414 0.344 0.32413000000000003 0.32413000000000003 0.3244 0.32414 0.3222 0.342 0.32413000000000003 0.3222 0.3221 0.32413000000000003 0.32413000000000003 0.32413000000000003 121
0.32413000000000003 0.32412 0.32414 0.343 0.32412 0.32413000000000003 0.32413000000000003 0.32413000000000003 0.3243 0.32413000000000003 0.23 0.3244 0.344 0.3243 0.32413000000000003 0.32413000000000003 0.32413000000000003 0.41 122
0.32413000000000003 0.32414 0.32413000000000003 0.43 0.32413000000000003 0.32414 0.32413000000000003 0.32413000000000003 0.32299999999999995 0.32413000000000003 0.32414 0.41 0.32413000000000003 0.32413000000000003 0.32413000000000003 0.32413000000000003 0.32413000000000003 0.32413000000000003 123
0.32413000000000003 0.32413000000000003 0.32413000000000003 0.32413000000000003 0.32413000000000003 0.32413000000000003 0.32413000000000003 0.32413000000000003 0.32414 0.32413000000000003 0.32414 0.32413000000000003 0.32413000000000003 0.32413000000000003 0.32414 0.32413000000000003 0.32414 0.32413000000000003 124
0.32413000000000003 0.32413000000000003 0.32413000000000003 0.32413000000000003 0.32413000000000003 0.32413000000000003 0.32413000000000003 0.32414 0.3221 0.32413000000000003 0.32413000000000003 0.311 0.32413000000000003 0.32414 0.32413000000000003 0.32413000000000003 0.32414 0.344 125
0.32413000000000003 0.32413000000000003 0.32414 0.32413000000000003 0.32413000000000003 0.321 0.32413000000000003 0.32413000000000003 0.32413000000000003 0.32413000000000003 0.32413000000000003 0.321 0.32413000000000003 0.32413000000000003 0.32413000000000003 0.32413000000000003 0.32413000000000003 0.32414 126
0.32413000000000003 0.32413000000000003 0.32414 0.32412 0.321 0.344 0.32413000000000003 0.321 0.32413000000000003 0.32414 0.32413000000000003 0.32412 0.32413000000000003 0.32414 0.32414 0.32413000000000003 0.32414 0.32299999999999995 127
0.32413000000000003 0.32414 0.32414 0.32413000000000003 0.32413000000000003 0.32413000000000003 0.32414 0.32413000000000003 0.32414 0.32413000000000003 0.32414 0.32413000000000003 0.32413000000000003 0.32413000000000003 0.32413000000000003 0.32413000000000003 0.32413000000000003 0.32413000000000003 128
0.32413000000000003 0.32414 0.32299999999999995 0.3243 0.344 0.32413000000000003 0.32413000000000003 0.32413000000000003 0.32413000000000003 0.32414 0.32414 0.32414 0.32413000000000003 0.32413000000000003 0.32413000000000003 0.321 0.134 0.32413000000000003 129
0.32413000000000003 0.32413000000000003 0.32414 0.32414 0.32412 0.331 0.32414 0.32413000000000003 0.3242 0.32414 0.332 0.43 0.32413000000000003 0.32414 0.3222 0.32413000000000003 0.134 0.3223 130
0.32413000000000003 0.32413000000000003 0.3243 0.32413000000000003 0.32413000000000003 0.333 0.3243 0.32411 0.32413000000000003 0.32413000000000003 0.32413000000000003 0.444 0.32413000000000003 0.32413000000000003 0.32413000000000003 0.32413000000000003 0.341 0.3224 131
0.32413000000000003 0.3243 0.32413000000000003 0.32413000000000003 0.32413000000000003 0.3242 0.32413000000000003 0.32413000000000003 0.32413000000000003 0.32413000000000003 0.32413000000000003 0.331 0.32413000000000003 0.32414 0.32413000000000003 0.32413000000000003 0.32412 0.32413000000000003 132
0.32413000000000003 0.32413000000000003 0.3242 0.32413000000000003 0.3242 0.3224 0.32413000000000003 0.32299999999999995 0.32413000000000003 0.32413000000000003 0.32413000000000003 0.3244 0.32412 0.32414 0.3244 0.32414 0.32414 0.3243 133
0.32413000000000003 0.32413000000000003 0.32414 0.321 0.32413000000000003 0.32413000000000003 0.32413000000000003 0.32413000000000003 0.32414 0.32413000000000003 0.312 0.344 0.32413000000000003 0.32413000000000003 0.32414 0.32413000000000003 0.32413000000000003 0.112 134
0.32413000000000003 0.32414 0.32413000000000003 0.32413000000000003 0.32414 0.32413000000000003 0.32412 0.32413000000000003 0.331 0.344 0.32299999999999995 0.32413000000000003 0.3243 0.32414 0.32414 0.32414 0.32413000000000003 0.132 135
0.32413000000000003 0.32414 0.32414 0.32414 0.32414 0.32412 0.32414 0.32413000000000003 0.32414 0.32414 0.32414 0.3242 0.32414 0.3243 0.32414 0.32412 0.3242 0.32413000000000003 136
